   701.535000  0.67013E+00  115.720  0.65267E+00  115.371  0.60359E+00  114.349  0.58993E+00  114.053  0.53586E+00  112.828  0.48229E+00  111.515  0.39086E+00  108.984  0.29161E+00  105.643  0.19814E+00  101.536  0.11513E+00   96.278  0.79089E-01   92.948
   701.585000  0.65647E+00  115.453  0.63794E+00  115.076  0.58743E+00  114.004  0.57129E+00  113.646  0.51795E+00  112.406  0.46513E+00  111.076  0.37499E+00  108.504  0.27808E+00  105.125  0.18800E+00  101.007  0.10900E+00   95.783  0.75003E-01   92.501
   701.635000  0.63999E+00  115.123  0.62014E+00  114.711  0.56796E+00  113.577  0.54885E+00  113.141  0.49663E+00  111.888  0.44499E+00  110.543  0.35662E+00  107.926  0.26258E+00  104.506  0.17645E+00  100.375  0.10199E+00   95.187  0.70302E-01   91.961
   701.685000  0.62297E+00  114.776  0.60175E+00  114.326  0.54785E+00  113.124  0.52566E+00  112.602  0.47473E+00  111.337  0.42446E+00  109.979  0.33803E+00  107.317  0.24701E+00  103.854  0.16491E+00   99.710  0.95002E-01   94.559  0.65630E-01   91.393
   701.735000  0.60701E+00  114.444  0.58450E+00  113.956  0.52899E+00  112.686  0.50391E+00  112.079  0.45428E+00  110.804  0.40540E+00  109.436  0.32088E+00  106.732  0.23276E+00  103.228  0.15440E+00   99.071  0.88660E-01   93.956  0.61401E-01   90.850
   701.785000  0.59315E+00  114.150  0.56948E+00  113.627  0.51259E+00  112.297  0.48504E+00  111.611  0.43659E+00  110.328  0.38902E+00  108.955  0.30627E+00  106.214  0.22071E+00  102.675  0.14558E+00   98.507  0.83355E-01   93.424  0.57873E-01   90.373
   701.835000  0.58204E+00  113.912  0.55744E+00  113.360  0.49946E+00  111.979  0.46997E+00  111.229  0.42254E+00  109.940  0.37609E+00  108.564  0.29484E+00  105.796  0.21137E+00  102.231  0.13881E+00   98.056  0.79299E-01   93.000  0.55185E-01   89.995
   701.885000  0.57405E+00  113.740  0.54877E+00  113.166  0.49005E+00  111.749  0.45922E+00  110.951  0.41256E+00  109.660  0.36700E+00  108.284  0.28688E+00  105.498  0.20495E+00  101.918  0.13420E+00   97.741  0.76555E-01   92.704  0.53376E-01   89.733
   701.935000  0.56921E+00  113.637  0.54352E+00  113.050  0.48438E+00  111.611  0.45281E+00  110.786  0.40666E+00  109.494  0.36168E+00  108.120  0.28231E+00  105.327  0.20132E+00  101.739  0.13163E+00   97.563  0.75041E-01   92.539  0.52386E-01   89.589
   701.985000  0.56731E+00  113.600  0.54146E+00  113.007  0.48220E+00  111.560  0.45043E+00  110.727  0.40451E+00  109.437  0.35981E+00  108.066  0.28076E+00  105.271  0.20013E+00  101.684  0.13082E+00   97.510  0.74587E-01   92.492  0.52101E-01   89.550
   702.035000  0.56793E+00  113.619  0.54211E+00  113.028  0.48299E+00  111.586  0.45144E+00  110.759  0.40551E+00  109.471  0.36079E+00  108.102  0.28169E+00  105.313  0.20092E+00  101.729  0.13142E+00   97.557  0.74964E-01   92.540  0.52366E-01   89.595
   702.085000  0.57071E+00  113.687  0.54511E+00  113.103  0.48632E+00  111.676  0.45536E+00  110.870  0.40918E+00  109.584  0.36417E+00  108.216  0.28467E+00  105.434  0.20333E+00  101.856  0.13313E+00   97.685  0.76002E-01   92.661  0.53068E-01   89.706
   702.135000  0.57553E+00  113.800  0.55029E+00  113.228  0.49199E+00  111.825  0.46192E+00  111.049  0.41531E+00  109.766  0.36978E+00  108.398  0.28957E+00  105.627  0.20723E+00  102.057  0.13590E+00   97.884  0.77662E-01   92.850  0.54181E-01   89.876
   702.185000  0.58213E+00  113.952  0.55738E+00  113.396  0.49973E+00  112.023  0.47079E+00  111.287  0.42360E+00  110.007  0.37737E+00  108.640  0.29620E+00  105.883  0.21252E+00  102.322  0.13964E+00   98.148  0.79908E-01   93.099  0.55683E-01   90.100
   702.235000  0.59011E+00  114.132  0.56593E+00  113.595  0.50902E+00  112.258  0.48140E+00  111.566  0.43351E+00  110.291  0.38648E+00  108.925  0.30419E+00  106.184  0.21891E+00  102.636  0.14418E+00   98.459  0.82633E-01   93.392  0.57504E-01   90.364
   702.285000  0.59887E+00  114.328  0.57535E+00  113.812  0.51926E+00  112.512  0.49307E+00  111.867  0.44448E+00  110.597  0.39661E+00  109.235  0.31309E+00  106.512  0.22604E+00  102.976  0.14923E+00   98.795  0.85644E-01   93.707  0.59496E-01   90.645
   702.335000  0.60827E+00  114.535  0.58544E+00  114.041  0.53025E+00  112.781  0.50560E+00  112.185  0.45631E+00  110.921  0.40758E+00  109.563  0.32277E+00  106.860  0.23382E+00  103.337  0.15475E+00   99.152  0.88924E-01   94.040  0.61655E-01   90.940
   702.385000  0.61846E+00  114.757  0.59633E+00  114.284  0.54209E+00  113.064  0.51910E+00  112.519  0.46904E+00  111.263  0.41942E+00  109.910  0.33326E+00  107.228  0.24233E+00  103.722  0.16087E+00   99.536  0.92612E-01   94.402  0.64108E-01   91.265
   702.435000  0.62961E+00  114.995  0.60808E+00  114.542  0.55481E+00  113.364  0.53364E+00  112.872  0.48266E+00  111.620  0.43208E+00  110.272  0.34455E+00  107.614  0.25160E+00  104.128  0.16766E+00   99.948  0.96841E-01   94.802  0.66988E-01   91.634
   702.485000  0.64203E+00  115.257  0.62092E+00  114.819  0.56861E+00  113.683  0.54939E+00  113.245  0.49722E+00  111.993  0.44556E+00  110.648  0.35662E+00  108.015  0.26167E+00  104.556  0.17525E+00  100.393  0.10177E+00   95.251  0.70458E-01   92.060
   702.535000  0.65640E+00  115.554  0.63541E+00  115.126  0.58398E+00  114.030  0.56681E+00  113.648  0.51306E+00  112.389  0.46011E+00  111.044  0.36969E+00  108.437  0.27276E+00  105.012  0.18387E+00  100.878  0.10763E+00   95.760  0.74715E-01   92.560
   702.585000  0.67276E+00  115.885  0.65141E+00  115.459  0.60067E+00  114.399  0.58549E+00  114.069  0.52973E+00  112.795  0.47533E+00  111.447  0.38347E+00  108.870  0.28469E+00  105.486  0.19341E+00  101.396  0.11436E+00   96.319  0.79739E-01   93.119
   702.635000  0.69201E+00  116.267  0.66964E+00  115.829  0.61925E+00  114.800  0.60594E+00  114.518  0.54762E+00  113.220  0.49154E+00  111.866  0.39822E+00  109.320  0.29764E+00  105.983  0.20399E+00  101.945  0.12206E+00   96.925  0.85602E-01   93.737
   702.685000  0.71716E+00  116.752  0.69292E+00  116.290  0.64253E+00  115.289  0.63115E+00  115.054  0.56908E+00  113.715  0.51052E+00  112.343  0.41513E+00  109.819  0.31232E+00  106.526  0.21604E+00  102.544  0.13098E+00   97.590  0.92510E-01   94.421
   702.735000  0.75210E+00  117.402  0.72500E+00  116.904  0.67424E+00  115.931  0.66529E+00  115.753  0.59727E+00  114.342  0.53443E+00  112.922  0.43552E+00  110.399  0.32943E+00  107.133  0.22987E+00  103.198  0.14128E+00   98.314  0.10056E+00   95.167
   702.785000  0.80061E+00  118.265  0.76952E+00  117.720  0.71811E+00  116.780  0.71261E+00  116.677  0.63534E+00  115.152  0.56535E+00  113.641  0.46057E+00  111.082  0.34948E+00  107.813  0.24560E+00  103.905  0.15296E+00   99.084  0.10973E+00   95.960
   702.835000  0.86536E+00  119.357  0.82916E+00  118.757  0.77692E+00  117.857  0.77643E+00  117.848  0.68566E+00  116.165  0.60470E+00  114.513  0.49089E+00  111.871  0.37252E+00  108.558  0.26305E+00  104.649  0.16579E+00   99.877  0.11981E+00   96.773
   702.885000  0.94682E+00  120.643  0.90448E+00  119.988  0.85138E+00  119.133  0.85781E+00  119.239  0.74881E+00  117.358  0.65251E+00  115.513  0.52614E+00  112.741  0.39798E+00  109.339  0.28158E+00  105.396  0.17922E+00  100.657  0.13038E+00   97.567
   702.935000  0.10424E+01  122.049  0.99324E+00  121.341  0.93941E+00  120.535  0.95476E+00  120.769  0.82304E+00  118.665  0.70711E+00  116.589  0.56478E+00  113.645  0.42455E+00  110.113  0.30014E+00  106.107  0.19246E+00  101.381  0.14080E+00   98.301
   702.985000  0.11464E+01  123.471  0.10900E+01  122.716  0.10358E+01  121.960  0.10617E+01  122.325  0.90389E+00  119.990  0.76498E+00  117.661  0.60415E+00  114.517  0.45026E+00  110.828  0.31727E+00  106.734  0.20448E+00  102.005  0.15025E+00   98.930
   703.035000  0.12498E+01  124.791  0.11866E+01  123.997  0.11322E+01  123.288  0.11698E+01  123.781  0.98435E+00  121.221  0.82087E+00  118.639  0.64051E+00  115.285  0.47257E+00  111.424  0.33128E+00  107.228  0.21409E+00  102.485  0.15782E+00   99.414
   703.085000  0.13420E+01  125.902  0.12728E+01  125.078  0.12186E+01  124.409  0.12677E+01  125.016  0.10559E+01  122.255  0.86869E+00  119.438  0.66978E+00  115.881  0.48892E+00  111.848  0.34053E+00  107.547  0.22019E+00  102.783  0.16266E+00   99.715
   703.135000  0.14122E+01  126.711  0.13384E+01  125.865  0.12848E+01  125.229  0.13440E+01  125.931  0.11100E+01  123.003  0.90247E+00  119.984  0.68814E+00  116.246  0.49707E+00  112.058  0.34370E+00  107.658  0.22193E+00  102.870  0.16412E+00   99.807
   703.185000  0.14513E+01  127.152  0.13748E+01  126.293  0.13221E+01  125.679  0.13888E+01  126.452  0.11394E+01  123.401  0.91754E+00  120.225  0.69289E+00  116.343  0.49563E+00  112.028  0.34012E+00  107.544  0.21889E+00  102.731  0.16186E+00   99.676
   703.235000  0.14537E+01  127.184  0.13769E+01  126.323  0.13251E+01  125.721  0.13957E+01  126.536  0.11398E+01  123.411  0.91145E+00  120.136  0.68297E+00  116.156  0.48441E+00  111.750  0.32992E+00  107.202  0.21123E+00  102.366  0.15599E+00   99.319
   703.285000  0.14182E+01  126.796  0.13435E+01  125.942  0.12925E+01  125.339  0.13628E+01  126.166  0.11102E+01  123.023  0.88424E+00  119.711  0.65897E+00  115.687  0.46425E+00  111.233  0.31390E+00  106.645  0.19954E+00  101.785  0.14696E+00   98.747
   703.335000  0.13484E+01  126.005  0.12778E+01  125.167  0.12276E+01  124.550  0.12935E+01  125.356  0.10537E+01  122.252  0.83859E+00  118.970  0.62322E+00  114.959  0.43704E+00  110.504  0.29355E+00  105.902  0.18487E+00  101.014  0.13558E+00   97.981
   703.385000  0.12520E+01  124.858  0.11872E+01  124.044  0.11376E+01  123.399  0.11954E+01  124.149  0.97641E+00  121.142  0.77943E+00  117.961  0.57941E+00  114.020  0.40542E+00  109.611  0.27072E+00  105.017  0.16855E+00  100.095  0.12287E+00   97.061
   703.435000  0.11397E+01  123.432  0.10818E+01  122.652  0.10326E+01  121.964  0.10795E+01  122.622  0.88697E+00  119.771  0.71312E+00  116.757  0.53202E+00  112.940  0.37243E+00  108.618  0.24747E+00  104.053  0.15201E+00   99.088  0.10995E+00   96.042
   703.485000  0.10232E+01  121.836  0.97270E+00  121.098  0.92360E+00  120.353  0.95840E+00  120.884  0.79477E+00  118.241  0.64635E+00  115.453  0.48555E+00  111.805  0.34096E+00  107.603  0.22573E+00  103.083  0.13656E+00   98.064  0.97839E-01   94.995
   703.535000  0.91324E+00  120.197  0.86990E+00  119.507  0.82069E+00  118.691  0.84318E+00  119.069  0.70811E+00  116.673  0.58476E+00  114.155  0.44355E+00  110.704  0.31313E+00  106.643  0.20678E+00  102.176  0.12314E+00   97.096  0.87295E-01   93.994
   703.585000  0.81791E+00  118.649  0.78099E+00  118.011  0.73150E+00  117.117  0.74260E+00  117.321  0.63319E+00  115.194  0.53230E+00  112.963  0.40831E+00  109.716  0.29015E+00  105.799  0.19133E+00  101.387  0.11226E+00   96.246  0.78739E-01   93.107
   703.635000  0.74185E+00  117.313  0.71022E+00  116.724  0.66028E+00  115.751  0.66166E+00  115.778  0.57333E+00  113.912  0.49081E+00  111.954  0.38067E+00  108.894  0.27226E+00  105.105  0.17942E+00  100.743  0.10393E+00   95.551  0.72229E-01   92.378
   703.685000  0.68612E+00  116.266  0.65845E+00  115.719  0.60792E+00  114.673  0.60156E+00  114.537  0.52901E+00  112.895  0.46014E+00  111.166  0.36016E+00  108.254  0.25894E+00  104.566  0.17060E+00  100.245  0.97900E-01   95.020  0.67582E-01   91.826
   703.735000  0.64883E+00  115.530  0.62376E+00  115.014  0.57252E+00  113.904  0.56037E+00  113.630  0.49843E+00  112.156  0.43870E+00  110.592  0.34547E+00  107.780  0.24922E+00  104.159  0.16419E+00   99.872  0.93715E-01   94.637  0.64473E-01   91.440
   703.785000  0.62560E+00  115.057  0.60195E+00  114.556  0.54986E+00  113.395  0.53349E+00  113.012  0.47793E+00  111.642  0.42365E+00  110.178  0.33455E+00  107.418  0.24164E+00  103.834  0.15918E+00   99.572  0.90657E-01   94.349  0.62341E-01   91.168
   703.835000  0.61138E+00  114.763  0.58821E+00  114.263  0.53516E+00  113.057  0.51567E+00  112.591  0.46348E+00  111.271  0.41213E+00  109.853  0.32546E+00  107.110  0.23492E+00  103.540  0.15468E+00   99.297  0.88080E-01   94.101  0.60668E-01   90.950
   703.885000  0.60184E+00  114.564  0.57854E+00  114.055  0.52443E+00  112.807  0.50242E+00  112.271  0.45189E+00  110.967  0.40206E+00  109.564  0.31694E+00  106.816  0.22835E+00  103.246  0.15023E+00   99.019  0.85600E-01   93.857  0.59117E-01   90.744
   703.935000  0.59363E+00  114.392  0.56984E+00  113.866  0.51462E+00  112.576  0.49035E+00  111.974  0.44081E+00  110.671  0.39203E+00  109.271  0.30827E+00  106.509  0.22157E+00  102.934  0.14558E+00   98.721  0.82986E-01   93.593  0.57469E-01   90.519
   703.985000  0.58541E+00  114.217  0.56101E+00  113.672  0.50472E+00  112.339  0.47832E+00  111.673  0.42972E+00  110.369  0.38201E+00  108.972  0.29966E+00  106.198  0.21487E+00  102.619  0.14099E+00   98.418  0.80359E-01   93.320  0.55783E-01   90.283
   704.035000  0.57808E+00  114.061  0.55314E+00  113.497  0.49593E+00  112.125  0.46768E+00  111.402  0.41997E+00  110.099  0.37329E+00  108.707  0.29222E+00  105.924  0.20909E+00  102.342  0.13703E+00   98.151  0.78106E-01   93.081  0.54339E-01   90.078
   704.085000  0.57209E+00  113.932  0.54673E+00  113.354  0.48881E+00  111.952  0.45911E+00  111.181  0.41212E+00  109.879  0.36627E+00  108.491  0.28620E+00  105.699  0.20441E+00  102.113  0.13381E+00   97.930  0.76266E-01   92.882  0.53157E-01   89.906
   704.135000  0.56757E+00  113.836  0.54193E+00  113.248  0.48352E+00  111.823  0.45278E+00  111.018  0.40634E+00  109.717  0.36110E+00  108.332  0.28178E+00  105.533  0.20095E+00  101.943  0.13142E+00   97.765  0.74900E-01   92.733  0.52276E-01   89.778
   704.185000  0.56475E+00  113.778  0.53899E+00  113.184  0.48031E+00  111.746  0.44894E+00  110.919  0.40287E+00  109.620  0.35803E+00  108.238  0.27919E+00  105.436  0.19896E+00  101.846  0.13006E+00   97.672  0.74144E-01   92.652  0.51795E-01   89.709
   704.235000  0.56383E+00  113.762  0.53810E+00  113.169  0.47934E+00  111.726  0.44774E+00  110.892  0.40185E+00  109.595  0.35722E+00  108.217  0.27860E+00  105.419  0.19861E+00  101.833  0.12991E+00   97.666  0.74126E-01   92.655  0.51811E-01   89.716
   704.285000  0.56508E+00  113.796  0.53949E+00  113.207  0.48086E+00  111.770  0.44941E+00  110.943  0.40350E+00  109.649  0.35886E+00  108.275  0.28025E+00  105.488  0.20014E+00  101.916  0.13117E+00   97.762  0.74997E-01   92.759  0.52437E-01   89.816
   704.335000  0.56871E+00  113.883  0.54339E+00  113.304  0.48507E+00  111.883  0.45412E+00  111.075  0.40797E+00  109.785  0.36314E+00  108.418  0.28430E+00  105.651  0.20373E+00  102.104  0.13400E+00   97.969  0.76883E-01   92.975  0.53768E-01   90.021
   704.385000  0.57469E+00  114.023  0.54976E+00  113.457  0.49189E+00  112.061  0.46177E+00  111.284  0.41516E+00  109.999  0.36994E+00  108.639  0.29069E+00  105.902  0.20937E+00  102.391  0.13842E+00   98.282  0.79805E-01   93.299  0.55826E-01   90.327
   704.435000  0.58277E+00  114.207  0.55828E+00  113.658  0.50099E+00  112.294  0.47193E+00  111.556  0.42468E+00  110.275  0.37893E+00  108.925  0.29914E+00  106.225  0.21680E+00  102.758  0.14426E+00   98.682  0.83660E-01   93.711  0.58542E-01   90.716
   704.485000  0.59246E+00  114.425  0.56848E+00  113.894  0.51183E+00  112.566  0.48401E+00  111.872  0.43597E+00  110.596  0.38960E+00  109.256  0.30914E+00  106.598  0.22561E+00  103.180  0.15116E+00   99.138  0.88225E-01   94.178  0.61758E-01   91.157
   704.535000  0.60293E+00  114.657  0.57947E+00  114.145  0.52351E+00  112.855  0.49700E+00  112.206  0.44811E+00  110.934  0.40103E+00  109.603  0.31985E+00  106.986  0.23502E+00  103.616  0.15854E+00   99.608  0.93096E-01   94.656  0.65187E-01   91.607
   704.585000  0.61290E+00  114.876  0.58997E+00  114.382  0.53469E+00  113.126  0.50946E+00  112.519  0.45974E+00  111.251  0.41198E+00  109.928  0.33007E+00  107.348  0.24396E+00  104.018  0.16551E+00  100.035  0.97659E-01   95.085  0.68383E-01   92.010
   704.635000  0.62169E+00  115.067  0.59926E+00  114.589  0.54460E+00  113.364  0.52055E+00  112.794  0.47010E+00  111.529  0.42168E+00  110.211  0.33908E+00  107.660  0.25178E+00  104.361  0.17154E+00  100.395  0.10157E+00   95.441  0.71103E-01   92.341
   704.685000  0.62943E+00  115.234  0.60744E+00  114.770  0.55336E+00  113.572  0.53041E+00  113.035  0.47926E+00  111.772  0.43019E+00  110.456  0.34686E+00  107.925  0.25845E+00  104.648  0.17664E+00  100.692  0.10487E+00   95.734  0.73401E-01   92.615
   704.735000  0.63682E+00  115.393  0.61516E+00  114.940  0.56162E+00  113.766  0.53975E+00  113.261  0.48781E+00  111.995  0.43801E+00  110.679  0.35389E+00  108.161  0.26438E+00  104.898  0.18118E+00  100.951  0.10784E+00   95.992  0.75509E-01   92.859
   704.785000  0.64502E+00  115.566  0.62352E+00  115.122  0.57050E+00  113.972  0.54984E+00  113.501  0.49688E+00  112.229  0.44613E+00  110.907  0.36107E+00  108.399  0.27039E+00  105.148  0.18582E+00  101.212  0.11099E+00   96.260  0.77830E-01   93.122
   704.835000  0.65525E+00  115.779  0.63373E+00  115.340  0.58124E+00  114.216  0.56199E+00  113.785  0.50761E+00  112.500  0.45565E+00  111.169  0.36941E+00  108.669  0.27741E+00  105.433  0.19137E+00  101.515  0.11493E+00   96.585  0.80815E-01   93.450
   704.885000  0.66855E+00  116.051  0.64680E+00  115.613  0.59486E+00  114.521  0.57733E+00  114.135  0.52102E+00  112.832  0.46749E+00  111.487  0.37982E+00  108.999  0.28626E+00  105.784  0.19851E+00  101.893  0.12015E+00   97.000  0.84840E-01   93.875
   704.935000  0.68492E+00  116.378  0.66273E+00  115.940  0.61138E+00  114.881  0.59584E+00  114.547  0.53717E+00  113.222  0.48180E+00  111.863  0.39252E+00  109.391  0.29720E+00  106.204  0.20746E+00  102.352  0.12677E+00   97.505  0.89974E-01   94.394
   704.985000  0.70382E+00  116.748  0.68099E+00  116.307  0.63023E+00  115.283  0.61691E+00  115.004  0.55551E+00  113.653  0.49815E+00  112.282  0.40718E+00  109.830  0.30996E+00  106.679  0.21799E+00  102.871  0.13462E+00   98.076  0.96066E-01   94.978
   705.035000  0.72547E+00  117.162  0.70172E+00  116.714  0.65155E+00  115.726  0.64071E+00  115.505  0.57603E+00  114.122  0.51628E+00  112.733  0.42337E+00  110.302  0.32408E+00  107.187  0.22970E+00  103.425  0.14338E+00   98.683  0.10290E+00   95.597
   705.085000  0.75049E+00  117.628  0.72544E+00  117.167  0.67583E+00  116.216  0.66791E+00  116.060  0.59888E+00  114.629  0.53592E+00  113.208  0.44051E+00  110.785  0.33884E+00  107.699  0.24188E+00  103.978  0.15255E+00   99.286  0.11011E+00   96.216
   705.135000  0.77947E+00  118.153  0.75257E+00  117.672  0.70345E+00  116.758  0.69902E+00  116.673  0.62408E+00  115.171  0.55654E+00  113.693  0.45769E+00  111.255  0.35319E+00  108.180  0.25362E+00  104.490  0.16144E+00   99.845  0.11723E+00   96.797
   705.185000  0.81310E+00  118.742  0.78369E+00  118.232  0.73495E+00  117.355  0.73476E+00  117.351  0.65182E+00  115.748  0.57780E+00  114.178  0.47418E+00  111.694  0.36624E+00  108.606  0.26407E+00  104.932  0.16947E+00  100.329  0.12385E+00   97.312
   705.235000  0.85187E+00  119.399  0.81923E+00  118.852  0.77077E+00  118.010  0.77572E+00  118.097  0.68232E+00  116.360  0.59958E+00  114.660  0.48955E+00  112.093  0.37743E+00  108.962  0.27269E+00  105.287  0.17619E+00  100.722  0.12966E+00   97.746
   705.285000  0.89554E+00  120.111  0.85899E+00  119.521  0.81073E+00  118.713  0.82169E+00  118.900  0.71543E+00  117.001  0.62167E+00  115.136  0.50356E+00  112.448  0.38646E+00  109.244  0.27918E+00  105.549  0.18137E+00  101.017  0.13444E+00   98.094
   705.335000  0.94255E+00  120.848  0.90161E+00  120.212  0.85345E+00  119.436  0.87112E+00  119.724  0.75008E+00  117.648  0.64344E+00  115.593  0.51585E+00  112.755  0.39313E+00  109.451  0.28340E+00  105.719  0.18488E+00  101.215  0.13807E+00   98.351
   705.385000  0.99012E+00  121.566  0.94461E+00  120.885  0.89651E+00  120.137  0.92114E+00  120.523  0.78446E+00  118.268  0.66399E+00  116.014  0.52618E+00  113.009  0.39752E+00  109.588  0.28548E+00  105.805  0.18676E+00  101.323  0.14048E+00   98.522
   705.435000  0.10345E+01  122.213  0.98466E+00  121.491  0.93660E+00  120.768  0.96789E+00  121.242  0.81614E+00  118.821  0.68220E+00  116.379  0.53437E+00  113.209  0.39993E+00  109.665  0.28581E+00  105.823  0.18722E+00  101.353  0.14172E+00   98.611
   705.485000  0.10717E+01  122.740  0.10183E+01  121.987  0.97033E+00  121.284  0.10073E+01  121.828  0.84269E+00  119.274  0.69710E+00  116.674  0.54049E+00  113.359  0.40095E+00  109.700  0.28498E+00  105.796  0.18661E+00  101.325  0.14192E+00   98.630
   705.535000  0.10983E+01  123.111  0.10426E+01  122.339  0.99464E+00  121.649  0.10356E+01  122.240  0.86189E+00  119.596  0.70785E+00  116.885  0.54471E+00  113.463  0.40121E+00  109.713  0.28366E+00  105.750  0.18532E+00  101.260  0.14125E+00   98.589
   705.585000  0.11113E+01  123.293  0.10548E+01  122.516  0.10069E+01  121.833  0.10496E+01  122.444  0.87170E+00  119.761  0.71351E+00  116.998  0.54687E+00  113.518  0.40096E+00  109.711  0.28214E+00  105.696  0.18352E+00  101.166  0.13974E+00   98.491
   705.635000  0.11095E+01  123.274  0.10538E+01  122.508  0.10058E+01  121.823  0.10476E+01  122.421  0.87099E+00  119.755  0.71348E+00  117.002  0.54674E+00  113.520  0.40019E+00  109.693  0.28052E+00  105.638  0.18127E+00  101.047  0.13744E+00   98.337
   705.685000  0.10932E+01  123.059  0.10398E+01  122.316  0.99160E+00  121.621  0.10296E+01  122.171  0.85974E+00  119.577  0.70763E+00  116.897  0.54415E+00  113.465  0.39874E+00  109.656  0.27867E+00  105.571  0.17852E+00  100.899  0.13434E+00   98.126
   705.735000  0.10646E+01  122.670  0.10147E+01  121.963  0.96602E+00  121.247  0.99778E+00  121.717  0.83911E+00  119.242  0.69639E+00  116.687  0.53900E+00  113.350  0.39630E+00  109.588  0.27633E+00  105.483  0.17520E+00  100.716  0.13049E+00   97.856
   705.785000  0.10271E+01  122.147  0.98160E+00  121.484  0.93202E+00  120.736  0.95550E+00  121.094  0.81119E+00  118.775  0.68059E+00  116.386  0.53129E+00  113.174  0.39250E+00  109.480  0.27316E+00  105.362  0.17121E+00  100.491  0.12596E+00   97.529
   705.835000  0.98493E+00  121.539  0.94397E+00  120.924  0.89322E+00  120.134  0.90716E+00  120.355  0.77864E+00  118.214  0.66142E+00  116.011  0.52116E+00  112.937  0.38701E+00  109.319  0.26884E+00  105.193  0.16648E+00  100.218  0.12089E+00   97.150
   705.885000  0.94196E+00  120.899  0.90534E+00  120.331  0.85313E+00  119.491  0.85715E+00  119.557  0.74413E+00  117.599  0.64005E+00  115.583  0.50882E+00  112.642  0.37956E+00  109.096  0.26311E+00  104.964  0.16099E+00   99.893  0.11541E+00   96.726
   705.935000  0.90113E+00  120.270  0.86821E+00  119.743  0.81435E+00  118.846  0.80882E+00  118.751  0.70966E+00  116.963  0.61734E+00  115.115  0.49431E+00  112.287  0.36989E+00  108.799  0.25571E+00  104.661  0.15472E+00   99.509  0.10964E+00   96.261
   705.985000  0.86437E+00  119.686  0.83426E+00  119.188  0.77866E+00  118.231  0.76464E+00  117.982  0.67681E+00  116.333  0.59406E+00  114.621  0.47794E+00  111.876  0.35808E+00  108.428  0.24674E+00  104.282  0.14782E+00   99.071  0.10378E+00   95.767
   706.035000  0.83230E+00  119.160  0.80404E+00  118.680  0.74675E+00  117.664  0.72570E+00  117.275  0.64632E+00  115.728  0.57073E+00  114.111  0.46008E+00  111.414  0.34441E+00  107.984  0.23643E+00  103.832  0.14051E+00   98.588  0.98015E-01   95.258
   706.085000  0.80385E+00  118.682  0.77659E+00  118.205  0.71777E+00  117.132  0.69127E+00  116.626  0.61772E+00  115.140  0.54712E+00  113.577  0.44068E+00  110.895  0.32893E+00  107.464  0.22483E+00  103.306  0.13280E+00   98.056  0.92307E-01   94.730
   706.135000  0.77735E+00  118.224  0.75044E+00  117.742  0.69034E+00  116.614  0.65988E+00  116.013  0.59018E+00  114.553  0.52294E+00  113.012  0.41984E+00  110.317  0.31188E+00  106.868  0.21213E+00  102.704  0.12471E+00   97.470  0.86597E-01   94.174
   706.185000  0.75121E+00  117.761  0.72428E+00  117.265  0.66322E+00  116.085  0.63002E+00  115.408  0.56297E+00  113.952  0.49815E+00  112.410  0.39793E+00  109.684  0.29376E+00  106.204  0.19871E+00  102.035  0.11638E+00   96.832  0.80868E-01   93.585
   706.235000  0.72458E+00  117.276  0.69754E+00  116.763  0.63585E+00  115.534  0.60085E+00  114.795  0.53596E+00  113.332  0.47323E+00  111.780  0.37574E+00  109.014  0.27539E+00  105.497  0.18516E+00  101.321  0.10806E+00   96.158  0.75212E-01   92.969
   706.285000  0.69750E+00  116.768  0.67042E+00  116.239  0.60845E+00  114.964  0.57232E+00  114.173  0.50961E+00  112.704  0.44902E+00  111.144  0.35433E+00  108.337  0.25776E+00  104.783  0.17219E+00  100.598  0.10011E+00   95.472  0.69794E-01   92.342
   706.335000  0.67105E+00  116.257  0.64411E+00  115.715  0.58214E+00  114.397  0.54534E+00  113.563  0.48500E+00  112.094  0.42674E+00  110.534  0.33488E+00  107.694  0.24190E+00  104.106  0.16058E+00   99.912  0.92969E-01   94.818  0.64887E-01   91.739
   706.385000  0.64735E+00  115.786  0.62070E+00  115.235  0.55894E+00  113.881  0.52187E+00  113.013  0.46387E+00  111.551  0.40788E+00  109.998  0.31865E+00  107.136  0.22880E+00  103.521  0.15105E+00   99.320  0.87102E-01   94.249  0.60842E-01   91.214
   706.435000  0.62806E+00  115.394  0.60177E+00  114.837  0.54037E+00  113.457  0.50339E+00  112.567  0.44743E+00  111.116  0.39341E+00  109.575  0.30635E+00  106.698  0.21899E+00  103.066  0.14396E+00   98.860  0.82741E-01   93.807  0.57826E-01   90.804
   706.485000  0.61370E+00  115.097  0.58779E+00  114.538  0.52683E+00  113.142  0.49020E+00  112.242  0.43587E+00  110.805  0.38342E+00  109.277  0.29802E+00  106.395  0.21244E+00  102.755  0.13926E+00   98.547  0.79854E-01   93.505  0.55823E-01   90.524
   706.535000  0.60417E+00  114.899  0.57862E+00  114.341  0.51813E+00  112.938  0.48205E+00  112.040  0.42894E+00  110.617  0.37761E+00  109.104  0.29333E+00  106.224  0.20885E+00  102.583  0.13673E+00   98.377  0.78287E-01   93.340  0.54727E-01   90.369
   706.585000  0.59893E+00  114.792  0.57374E+00  114.237  0.51376E+00  112.837  0.47841E+00  111.952  0.42612E+00  110.543  0.37550E+00  109.043  0.29181E+00  106.172  0.20781E+00  102.536  0.13603E+00   98.333  0.77833E-01   93.295  0.54395E-01   90.325
   706.635000  0.59707E+00  114.757  0.57224E+00  114.209  0.51280E+00  112.819  0.47835E+00  111.955  0.42653E+00  110.559  0.37626E+00  109.072  0.29274E+00  106.212  0.20870E+00  102.585  0.13670E+00   98.385  0.78205E-01   93.341  0.54631E-01   90.364
   706.685000  0.59753E+00  114.772  0.57308E+00  114.233  0.51422E+00  112.859  0.48080E+00  112.024  0.42922E+00  110.640  0.37902E+00  109.163  0.29533E+00  106.315  0.21088E+00  102.698  0.13828E+00   98.500  0.79112E-01   93.444  0.55232E-01   90.457
   706.735000  0.59946E+00  114.819  0.57542E+00  114.291  0.51720E+00  112.937  0.48496E+00  112.135  0.43342E+00  110.763  0.38310E+00  109.294  0.29902E+00  106.458  0.21389E+00  102.851  0.14043E+00   98.652  0.80356E-01   93.583  0.56065E-01   90.582
   706.785000  0.60222E+00  114.884  0.57862E+00  114.368  0.52109E+00  113.036  0.49013E+00  112.272  0.43852E+00  110.909  0.38796E+00  109.447  0.30335E+00  106.624  0.21741E+00  103.026  0.14293E+00   98.826  0.81801E-01   93.742  0.57034E-01   90.726
   706.835000  0.60547E+00  114.959  0.58231E+00  114.455  0.52548E+00  113.147  0.49584E+00  112.421  0.44409E+00  111.068  0.39322E+00  109.611  0.30800E+00  106.800  0.22117E+00  103.210  0.14560E+00   99.009  0.83346E-01   93.909  0.58073E-01   90.877
   706.885000  0.60875E+00  115.035  0.58601E+00  114.542  0.52988E+00  113.257  0.50150E+00  112.568  0.44959E+00  111.222  0.39839E+00  109.771  0.31256E+00  106.970  0.22483E+00  103.387  0.14818E+00   99.184  0.84814E-01   94.065  0.59044E-01   91.016
   706.935000  0.61186E+00  115.107  0.58950E+00  114.624  0.53398E+00  113.360  0.50675E+00  112.703  0.45467E+00  111.365  0.40318E+00  109.918  0.31679E+00  107.127  0.22824E+00  103.551  0.15059E+00   99.345  0.86178E-01   94.209  0.59940E-01   91.144
   706.985000  0.61545E+00  115.188  0.59335E+00  114.713  0.53837E+00  113.469  0.51223E+00  112.843  0.45987E+00  111.509  0.40805E+00  110.066  0.32115E+00  107.286  0.23183E+00  103.721  0.15320E+00   99.517  0.87753E-01   94.372  0.61012E-01   91.294
   707.035000  0.62059E+00  115.302  0.59859E+00  114.832  0.54411E+00  113.609  0.51911E+00  113.015  0.46619E+00  111.681  0.41391E+00  110.242  0.32647E+00  107.478  0.23634E+00  103.930  0.15664E+00   99.739  0.90012E-01   94.600  0.62628E-01   91.513
   707.085000  0.62858E+00  115.475  0.60650E+00  115.008  0.55251E+00  113.809  0.52887E+00  113.255  0.47493E+00  111.915  0.42191E+00  110.476  0.33378E+00  107.735  0.24267E+00  104.217  0.16165E+00  100.053  0.93506E-01   94.941  0.65214E-01   91.852
   707.135000  0.64068E+00  115.731  0.61828E+00  115.264  0.56484E+00  114.096  0.54295E+00  113.592  0.48733E+00  112.238  0.43316E+00  110.798  0.34408E+00  108.088  0.25167E+00  104.612  0.16892E+00  100.492  0.98729E-01   95.430  0.69151E-01   92.346
   707.185000  0.65754E+00  116.079  0.63459E+00  115.611  0.58176E+00  114.480  0.56210E+00  114.039  0.50406E+00  112.663  0.44824E+00  111.218  0.35785E+00  108.545  0.26374E+00  105.123  0.17875E+00  101.062  0.10591E+00   96.067  0.74619E-01   92.993
   707.235000  0.67910E+00  116.513  0.65537E+00  116.041  0.60323E+00  114.954  0.58632E+00  114.586  0.52511E+00  113.181  0.46711E+00  111.726  0.37502E+00  109.096  0.27880E+00  105.735  0.19106E+00  101.740  0.11496E+00   96.822  0.81553E-01   93.759
   707.285000  0.70394E+00  117.000  0.67918E+00  116.520  0.62779E+00  115.480  0.61398E+00  115.189  0.54913E+00  113.752  0.48869E+00  112.289  0.39470E+00  109.703  0.29609E+00  106.406  0.20525E+00  102.479  0.12543E+00   97.636  0.89590E-01   94.583
   707.335000  0.73000E+00  117.496  0.70384E+00  117.004  0.65317E+00  116.007  0.64261E+00  115.792  0.57387E+00  114.321  0.51092E+00  112.848  0.41501E+00  110.305  0.31398E+00  107.067  0.21994E+00  103.203  0.13627E+00   98.424  0.97917E-01   95.375
   707.385000  0.75711E+00  117.999  0.72915E+00  117.486  0.67911E+00  116.530  0.67204E+00  116.390  0.59880E+00  114.875  0.53287E+00  113.382  0.43469E+00  110.867  0.33111E+00  107.674  0.23392E+00  103.857  0.14652E+00   99.125  0.10577E+00   96.075
   707.435000  0.78729E+00  118.541  0.75702E+00  118.002  0.70755E+00  117.085  0.70449E+00  117.027  0.62531E+00  115.444  0.55506E+00  113.905  0.45355E+00  111.387  0.34685E+00  108.211  0.24643E+00  104.417  0.15554E+00   99.710  0.11267E+00   96.656
   707.485000  0.82382E+00  119.176  0.79060E+00  118.604  0.74169E+00  117.729  0.74365E+00  117.765  0.65593E+00  116.079  0.57889E+00  114.449  0.47208E+00  111.883  0.36110E+00  108.682  0.25710E+00  104.878  0.16296E+00  100.172  0.11833E+00   97.113
   707.535000  0.87065E+00  119.958  0.83374E+00  119.349  0.78541E+00  118.519  0.79394E+00  118.668  0.69393E+00  116.835  0.60647E+00  115.056  0.49145E+00  112.385  0.37436E+00  109.107  0.26608E+00  105.255  0.16881E+00  100.526  0.12280E+00   97.463
   707.585000  0.93123E+00  120.922  0.88980E+00  120.272  0.84217E+00  119.495  0.85924E+00  119.777  0.74230E+00  117.751  0.63994E+00  115.764  0.51308E+00  112.927  0.38751E+00  109.517  0.27392E+00  105.578  0.17344E+00  100.800  0.12637E+00   97.736
   707.635000  0.10070E+01  122.060  0.96028E+00  121.370  0.91348E+00  120.651  0.94120E+00  121.080  0.80246E+00  118.827  0.68050E+00  116.584  0.53800E+00  113.530  0.40139E+00  109.939  0.28129E+00  105.874  0.17737E+00  101.029  0.12949E+00   97.970
   707.685000  0.10963E+01  123.323  0.10438E+01  122.594  0.99803E+00  121.936  0.10382E+01  122.515  0.87351E+00  120.021  0.72792E+00  117.496  0.56649E+00  114.192  0.41657E+00  110.387  0.28881E+00  106.171  0.18115E+00  101.246  0.13257E+00   98.197
   707.735000  0.11943E+01  124.620  0.11358E+01  123.858  0.10911E+01  123.257  0.11448E+01  123.978  0.95168E+00  121.251  0.78005E+00  118.446  0.59770E+00  114.888  0.43300E+00  110.857  0.29679E+00  106.478  0.18512E+00  101.470  0.13589E+00   98.437
   707.785000  0.12924E+01  125.841  0.12281E+01  125.052  0.11846E+01  124.501  0.12518E+01  125.347  0.10304E+01  122.414  0.83270E+00  119.359  0.62938E+00  115.567  0.44976E+00  111.322  0.30498E+00  106.787  0.18929E+00  101.701  0.13943E+00   98.687
   707.835000  0.13799E+01  126.873  0.13106E+01  126.065  0.12682E+01  125.554  0.13474E+01  126.498  0.11010E+01  123.403  0.88020E+00  120.145  0.65820E+00  116.163  0.46513E+00  111.738  0.31258E+00  107.069  0.19323E+00  101.916  0.14282E+00   98.923
   707.885000  0.14453E+01  127.615  0.13725E+01  126.794  0.13310E+01  126.311  0.14191E+01  127.324  0.11541E+01  124.116  0.91606E+00  120.719  0.68004E+00  116.602  0.47674E+00  112.046  0.31823E+00  107.276  0.19615E+00  102.074  0.14540E+00   99.100
   707.935000  0.14789E+01  127.989  0.14042E+01  127.161  0.13632E+01  126.692  0.14559E+01  127.738  0.11814E+01  124.476  0.93438E+00  121.009  0.69096E+00  116.821  0.48210E+00  112.189  0.32039E+00  107.358  0.19705E+00  102.125  0.14634E+00   99.167
   707.985000  0.14741E+01  127.942  0.13996E+01  127.115  0.13586E+01  126.645  0.14508E+01  127.688  0.11773E+01  124.430  0.93104E+00  120.963  0.68800E+00  116.768  0.47919E+00  112.120  0.31771E+00  107.268  0.19501E+00  102.024  0.14491E+00   99.078
   708.035000  0.14295E+01  127.456  0.13573E+01  126.636  0.13157E+01  126.147  0.14021E+01  127.149  0.11404E+01  123.953  0.90468E+00  120.557  0.66992E+00  116.418  0.46697E+00  111.808  0.30937E+00  106.974  0.18943E+00  101.733  0.14062E+00   98.794
   708.085000  0.13490E+01  126.545  0.12809E+01  125.736  0.12382E+01  125.212  0.13141E+01  126.134  0.10737E+01  123.056  0.85706E+00  119.796  0.63755E+00  115.769  0.44569E+00  111.244  0.29535E+00  106.460  0.18023E+00  101.235  0.13340E+00   98.296
   708.135000  0.12412E+01  125.255  0.11786E+01  124.464  0.11344E+01  123.884  0.11961E+01  124.688  0.98398E+00  121.779  0.79279E+00  118.714  0.59366E+00  114.843  0.41686E+00  110.442  0.27645E+00  105.735  0.16787E+00  100.531  0.12364E+00   97.586
   708.185000  0.11179E+01  123.671  0.10617E+01  122.901  0.10157E+01  122.247  0.10612E+01  122.893  0.88108E+00  120.198  0.71860E+00  117.376  0.54258E+00  113.696  0.38308E+00  109.445  0.25425E+00  104.829  0.15335E+00   99.646  0.11214E+00   96.687
   708.235000  0.99205E+00  121.909  0.94247E+00  121.166  0.89447E+00  120.417  0.92335E+00  120.871  0.77563E+00  118.423  0.64204E+00  115.877  0.48934E+00  112.406  0.34754E+00  108.317  0.23075E+00  103.799  0.13794E+00   98.629  0.99958E-01   95.648
   708.285000  0.87529E+00  120.115  0.83199E+00  119.401  0.78212E+00  118.543  0.79548E+00  118.777  0.67738E+00  116.593  0.57009E+00  114.338  0.43871E+00  111.073  0.31335E+00  107.143  0.20798E+00  102.717  0.12303E+00   97.554  0.88204E-01   94.542
   708.335000  0.77663E+00  118.451  0.73879E+00  117.768  0.68720E+00  116.791  0.68729E+00  116.792  0.59383E+00  114.869  0.50828E+00  112.889  0.39462E+00  109.811  0.28320E+00  106.021  0.18779E+00  101.675  0.10987E+00   96.514  0.77905E-01   93.470
   708.385000  0.70058E+00  117.055  0.66710E+00  116.400  0.61402E+00  115.308  0.60365E+00  115.087  0.52879E+00  113.391  0.45949E+00  111.647  0.35920E+00  108.715  0.25861E+00  105.033  0.17121E+00  100.751  0.99166E-01   95.591  0.69619E-01   92.521
   708.435000  0.64737E+00  116.008  0.61706E+00  115.378  0.56274E+00  114.187  0.54477E+00  113.774  0.48248E+00  112.252  0.42405E+00  110.679  0.33284E+00  107.843  0.23990E+00  104.232  0.15852E+00   99.995  0.91087E-01   94.840  0.63481E-01   91.757
   708.485000  0.61394E+00  115.317  0.58570E+00  114.706  0.53034E+00  113.439  0.50726E+00  112.880  0.45243E+00  111.468  0.40031E+00  109.996  0.31456E+00  107.207  0.22656E+00  103.631  0.14938E+00   99.421  0.85409E-01   94.280  0.59294E-01   91.201
   708.535000  0.59523E+00  114.920  0.56816E+00  114.321  0.51194E+00  113.000  0.48561E+00  112.343  0.43451E+00  110.983  0.38546E+00  109.555  0.30254E+00  106.775  0.21746E+00  103.206  0.14309E+00   99.010  0.81637E-01   93.892  0.56636E-01   90.833
   708.585000  0.58577E+00  114.719  0.55926E+00  114.124  0.50231E+00  112.769  0.47394E+00  112.048  0.42434E+00  110.703  0.37646E+00  109.282  0.29483E+00  106.492  0.21138E+00  102.915  0.13886E+00   98.727  0.79210E-01   93.637  0.55030E-01   90.606
   708.635000  0.58079E+00  114.614  0.55448E+00  114.020  0.49693E+00  112.640  0.46717E+00  111.876  0.41813E+00  110.531  0.37069E+00  109.107  0.28970E+00  106.303  0.20726E+00  102.716  0.13599E+00   98.533  0.77641E-01   93.470  0.54056E-01   90.467
   708.685000  0.57703E+00  114.536  0.55074E+00  113.939  0.49267E+00  112.538  0.46182E+00  111.740  0.41319E+00  110.395  0.36614E+00  108.968  0.28570E+00  106.154  0.20406E+00  102.561  0.13378E+00   98.382  0.76422E-01   93.339  0.53293E-01   90.358
   708.735000  0.57397E+00  114.473  0.54768E+00  113.873  0.48923E+00  112.456  0.45755E+00  111.632  0.40931E+00  110.287  0.36262E+00  108.861  0.28264E+00  106.040  0.20164E+00  102.442  0.13208E+00   98.266  0.75457E-01   93.236  0.52662E-01   90.267
   708.785000  0.57228E+00  114.440  0.54609E+00  113.842  0.48744E+00  112.416  0.45525E+00  111.576  0.40730E+00  110.233  0.36084E+00  108.809  0.28113E+00  105.986  0.20045E+00  102.387  0.13127E+00   98.213  0.75011E-01   93.190  0.52374E-01   90.228
   708.835000  0.57207E+00  114.441  0.54607E+00  113.847  0.48741E+00  112.421  0.45503E+00  111.575  0.40726E+00  110.238  0.36090E+00  108.816  0.28126E+00  105.997  0.20063E+00  102.401  0.13146E+00   98.231  0.75166E-01   93.212  0.52492E-01   90.251
   708.885000  0.57340E+00  114.476  0.54769E+00  113.890  0.48919E+00  112.471  0.45696E+00  111.632  0.40923E+00  110.301  0.36286E+00  108.884  0.28314E+00  106.075  0.20228E+00  102.491  0.13275E+00   98.328  0.76002E-01   93.311  0.53077E-01   90.344
   708.935000  0.57634E+00  114.547  0.55101E+00  113.972  0.49285E+00  112.569  0.46108E+00  111.747  0.41327E+00  110.423  0.36677E+00  109.014  0.28681E+00  106.222  0.20547E+00  102.657  0.13521E+00   98.508  0.77581E-01   93.492  0.54178E-01   90.513
   708.985000  0.58092E+00  114.654  0.55605E+00  114.093  0.49838E+00  112.713  0.46738E+00  111.919  0.41932E+00  110.602  0.37258E+00  109.203  0.29224E+00  106.436  0.21020E+00  102.897  0.13885E+00   98.766  0.79915E-01   93.752  0.55805E-01   90.756
   709.035000  0.58714E+00  114.797  0.56282E+00  114.253  0.50577E+00  112.902  0.47586E+00  112.145  0.42734E+00  110.835  0.38023E+00  109.446  0.29938E+00  106.710  0.21639E+00  103.205  0.14362E+00   99.095  0.82972E-01   94.081  0.57936E-01   91.064
   709.085000  0.59484E+00  114.971  0.57113E+00  114.447  0.51484E+00  113.130  0.48628E+00  112.418  0.43713E+00  111.114  0.38950E+00  109.735  0.30798E+00  107.032  0.22382E+00  103.564  0.14933E+00   99.477  0.86623E-01   94.461  0.60479E-01   91.420
   709.135000  0.60338E+00  115.162  0.58032E+00  114.657  0.52484E+00  113.377  0.49782E+00  112.715  0.44789E+00  111.414  0.39962E+00  110.044  0.31733E+00  107.374  0.23186E+00  103.941  0.15549E+00   99.876  0.90557E-01   94.856  0.63218E-01   91.789
   709.185000  0.61154E+00  115.342  0.58910E+00  114.856  0.53440E+00  113.610  0.50889E+00  112.995  0.45815E+00  111.696  0.40924E+00  110.332  0.32617E+00  107.690  0.23943E+00  104.288  0.16126E+00  100.238  0.94212E-01   95.211  0.65746E-01   92.118
   709.235000  0.61850E+00  115.495  0.59658E+00  115.025  0.54255E+00  113.807  0.51838E+00  113.232  0.46688E+00  111.932  0.41735E+00  110.572  0.33357E+00  107.951  0.24573E+00  104.570  0.16603E+00  100.531  0.97210E-01   95.495  0.67808E-01   92.381
   709.285000  0.62408E+00  115.618  0.60247E+00  115.158  0.54893E+00  113.961  0.52585E+00  113.417  0.47360E+00  112.113  0.42345E+00  110.752  0.33904E+00  108.142  0.25034E+00  104.775  0.16952E+00  100.742  0.99428E-01   95.702  0.69351E-01   92.574
   709.335000  0.62870E+00  115.720  0.60713E+00  115.264  0.55387E+00  114.081  0.53162E+00  113.560  0.47856E+00  112.247  0.42775E+00  110.878  0.34276E+00  108.273  0.25344E+00  104.913  0.17191E+00  100.887  0.10105E+00   95.852  0.70548E-01   92.723
   709.385000  0.63362E+00  115.828  0.61178E+00  115.368  0.55862E+00  114.195  0.53710E+00  113.695  0.48297E+00  112.366  0.43133E+00  110.984  0.34572E+00  108.377  0.25592E+00  105.023  0.17396E+00  101.010  0.10264E+00   95.997  0.71838E-01   92.880
   709.435000  0.64049E+00  115.975  0.61806E+00  115.507  0.56489E+00  114.343  0.54416E+00  113.866  0.48854E+00  112.513  0.43576E+00  111.113  0.34936E+00  108.503  0.25905E+00  105.159  0.17671E+00  101.172  0.10492E+00   96.202  0.73782E-01   93.111
   709.485000  0.65090E+00  116.193  0.62761E+00  115.713  0.57443E+00  114.563  0.55478E+00  114.118  0.49707E+00  112.734  0.44274E+00  111.311  0.35525E+00  108.701  0.26422E+00  105.379  0.18126E+00  101.433  0.10866E+00   96.525  0.76924E-01   93.472
   709.535000  0.66591E+00  116.501  0.64157E+00  116.008  0.58849E+00  114.881  0.57037E+00  114.478  0.50992E+00  113.058  0.45358E+00  111.610  0.36462E+00  109.009  0.27250E+00  105.721  0.18845E+00  101.832  0.11437E+00   96.999  0.81628E-01   93.987
   709.585000  0.68563E+00  116.895  0.66017E+00  116.391  0.60733E+00  115.295  0.59125E+00  114.946  0.52748E+00  113.488  0.46872E+00  112.018  0.37793E+00  109.433  0.28430E+00  106.192  0.19854E+00  102.369  0.12216E+00   97.616  0.87936E-01   94.641
   709.635000  0.70880E+00  117.347  0.68226E+00  116.835  0.62985E+00  115.776  0.61618E+00  115.489  0.54878E+00  113.995  0.48741E+00  112.506  0.39456E+00  109.945  0.29906E+00  106.759  0.21105E+00  103.005  0.13161E+00   98.321  0.95470E-01   95.372
   709.685000  0.73278E+00  117.803  0.70524E+00  117.285  0.65337E+00  116.265  0.64226E+00  116.038  0.57134E+00  114.516  0.50754E+00  113.015  0.41271E+00  110.486  0.31523E+00  107.356  0.22463E+00  103.663  0.14168E+00   99.029  0.10338E+00   96.092
   709.735000  0.75600E+00  118.234  0.72752E+00  117.711  0.67626E+00  116.728  0.66773E+00  116.559  0.59345E+00  115.011  0.52740E+00  113.502  0.43072E+00  111.004  0.33125E+00  107.924  0.23793E+00  104.277  0.15132E+00   99.670  0.11084E+00   96.730
   709.785000  0.77855E+00  118.643  0.74909E+00  118.114  0.69844E+00  117.165  0.69263E+00  117.053  0.61473E+00  115.474  0.54621E+00  113.951  0.44749E+00  111.472  0.34591E+00  108.425  0.24984E+00  104.805  0.15972E+00  100.203  0.11722E+00   97.251
   709.835000  0.80156E+00  119.051  0.77091E+00  118.513  0.72084E+00  117.597  0.71804E+00  117.544  0.63564E+00  115.918  0.56379E+00  114.361  0.46242E+00  111.878  0.35835E+00  108.838  0.25955E+00  105.221  0.16631E+00  100.608  0.12214E+00   97.638
   709.885000  0.82719E+00  119.495  0.79494E+00  118.942  0.74537E+00  118.057  0.74618E+00  118.072  0.65764E+00  116.373  0.58082E+00  114.749  0.47560E+00  112.229  0.36836E+00  109.164  0.26679E+00  105.526  0.17096E+00  100.887  0.12555E+00   97.901
   709.935000  0.85778E+00  120.011  0.82332E+00  119.435  0.77419E+00  118.582  0.77946E+00  118.676  0.68240E+00  116.870  0.59830E+00  115.138  0.48752E+00  112.540  0.37615E+00  109.414  0.27171E+00  105.730  0.17388E+00  101.061  0.12769E+00   98.065
   709.985000  0.89546E+00  120.625  0.85812E+00  120.022  0.80938E+00  119.203  0.82018E+00  119.387  0.71183E+00  117.443  0.61771E+00  115.559  0.49934E+00  112.843  0.38263E+00  109.620  0.27507E+00  105.870  0.17569E+00  101.169  0.12910E+00   98.174
   710.035000  0.94123E+00  121.345  0.90043E+00  120.710  0.85210E+00  119.928  0.86954E+00  120.214  0.74723E+00  118.107  0.64043E+00  116.038  0.51241E+00  113.172  0.38910E+00  109.823  0.27801E+00  105.992  0.17726E+00  101.264  0.13048E+00   98.279
   710.085000  0.99399E+00  122.141  0.94943E+00  121.476  0.90161E+00  120.734  0.92656E+00  121.124  0.78838E+00  118.849  0.66692E+00  116.580  0.52767E+00  113.546  0.39669E+00  110.056  0.28159E+00  106.138  0.17939E+00  101.389  0.13241E+00   98.423
   710.135000  0.10504E+01  122.958  0.10021E+01  122.266  0.95497E+00  121.565  0.98781E+00  122.056  0.83322E+00  119.624  0.69639E+00  117.164  0.54521E+00  113.965  0.40599E+00  110.337  0.28650E+00  106.334  0.18255E+00  101.570  0.13521E+00   98.626
   710.185000  0.11047E+01  123.714  0.10534E+01  123.005  0.10070E+01  122.343  0.10473E+01  122.921  0.87764E+00  120.361  0.72643E+00  117.739  0.56387E+00  114.400  0.41663E+00  110.651  0.29266E+00  106.575  0.18666E+00  101.800  0.13871E+00   98.875
   710.235000  0.11500E+01  124.324  0.10966E+01  123.609  0.10512E+01  122.980  0.10976E+01  123.624  0.91612E+00  120.978  0.75337E+00  118.241  0.58141E+00  114.799  0.42732E+00  110.961  0.29926E+00  106.829  0.19109E+00  102.044  0.14236E+00   99.129
   710.285000  0.11793E+01  124.711  0.11251E+01  124.000  0.10806E+01  123.396  0.11310E+01  124.078  0.94276E+00  121.396  0.77301E+00  118.599  0.59492E+00  115.102  0.43607E+00  111.211  0.30489E+00  107.043  0.19480E+00  102.245  0.14527E+00   99.329
   710.335000  0.11869E+01  124.815  0.11336E+01  124.118  0.10898E+01  123.528  0.11412E+01  124.219  0.95250E+00  121.550  0.78143E+00  118.754  0.60150E+00  115.250  0.44073E+00  111.345  0.30795E+00  107.160  0.19661E+00  102.345  0.14650E+00   99.415
   710.385000  0.11700E+01  124.602  0.11190E+01  123.929  0.10756E+01  123.338  0.11247E+01  124.005  0.94224E+00  121.399  0.77596E+00  118.663  0.59885E+00  115.198  0.43942E+00  111.314  0.30694E+00  107.128  0.19548E+00  102.291  0.14524E+00   99.337
   710.435000  0.11289E+01  124.067  0.10814E+01  123.423  0.10381E+01  122.817  0.10816E+01  123.426  0.91152E+00  120.928  0.75567E+00  118.304  0.58582E+00  114.918  0.43098E+00  111.085  0.30090E+00  106.911  0.19075E+00  102.046  0.14103E+00   99.059
   710.485000  0.10673E+01  123.234  0.10242E+01  122.625  0.98041E+00  121.985  0.10157E+01  122.502  0.86269E+00  120.151  0.72169E+00  117.683  0.56273E+00  114.406  0.41525E+00  110.643  0.28959E+00  106.489  0.18231E+00  101.592  0.13387E+00   98.566
   710.535000  0.99173E+00  122.158  0.95325E+00  121.583  0.90846E+00  120.891  0.93365E+00  121.283  0.80043E+00  119.108  0.67692E+00  116.827  0.53119E+00  113.678  0.39308E+00  109.995  0.27352E+00  105.864  0.17060E+00  100.931  0.12420E+00   97.864
   710.585000  0.91028E+00  120.925  0.87620E+00  120.382  0.82997E+00  119.619  0.84417E+00  119.857  0.73127E+00  117.873  0.62587E+00  115.795  0.49419E+00  112.778  0.36642E+00  109.176  0.25405E+00  105.066  0.15667E+00  100.094  0.11294E+00   96.986
   710.635000  0.83150E+00  119.650  0.80114E+00  119.131  0.75312E+00  118.280  0.75647E+00  118.340  0.66227E+00  116.547  0.57368E+00  114.670  0.45537E+00  111.775  0.33786E+00  108.243  0.23308E+00  104.149  0.14191E+00   99.139  0.10124E+00   95.995
   710.685000  0.76215E+00  118.448  0.73454E+00  117.944  0.68450E+00  116.992  0.67795E+00  116.864  0.59932E+00  115.240  0.52480E+00  113.541  0.41801E+00  110.744  0.30979E+00  107.263  0.21238E+00  103.177  0.12759E+00   98.131  0.90107E-01   94.961
   710.735000  0.70675E+00  117.427  0.68086E+00  116.926  0.62871E+00  115.871  0.61371E+00  115.555  0.54667E+00  114.064  0.48267E+00  112.501  0.38487E+00  109.767  0.28433E+00  106.312  0.19353E+00  102.223  0.11478E+00   97.149  0.80366E-01   93.968
   710.785000  0.66698E+00  116.657  0.64186E+00  116.148  0.58762E+00  114.995  0.56581E+00  114.508  0.50625E+00  113.100  0.44909E+00  111.621  0.35752E+00  108.910  0.26280E+00  105.454  0.17750E+00  101.352  0.10410E+00   96.261  0.72453E-01   93.086
   710.835000  0.64206E+00  116.158  0.61696E+00  115.634  0.56074E+00  114.399  0.53367E+00  113.769  0.47800E+00  112.392  0.42442E+00  110.942  0.33653E+00  108.218  0.24579E+00  104.736  0.16476E+00  100.614  0.95802E-01   95.519  0.66483E-01   92.368
   710.885000  0.62945E+00  115.902  0.60389E+00  115.360  0.54587E+00  114.061  0.51486E+00  113.322  0.46035E+00  111.934  0.40785E+00  110.470  0.32163E+00  107.708  0.23328E+00  104.184  0.15531E+00  100.038  0.89794E-01   94.950  0.62309E-01   91.834
   710.935000  0.62573E+00  115.830  0.59950E+00  115.271  0.53994E+00  113.928  0.50596E+00  113.109  0.45090E+00  111.686  0.39790E+00  110.182  0.31197E+00  107.368  0.22479E+00  103.797  0.14881E+00   99.627  0.85766E-01   94.552  0.59619E-01   91.477
   710.985000  0.62739E+00  115.870  0.60054E+00  115.299  0.53969E+00  113.927  0.50344E+00  113.052  0.44704E+00  111.587  0.39281E+00  110.034  0.30641E+00  107.171  0.21959E+00  103.556  0.14475E+00   99.364  0.83296E-01   94.302  0.58035E-01   91.262
   711.035000  0.63143E+00  115.960  0.60410E+00  115.381  0.54225E+00  113.992  0.50420E+00  113.076  0.44636E+00  111.573  0.39080E+00  109.979  0.30370E+00  107.076  0.21679E+00  103.427  0.14247E+00   99.216  0.81909E-01   94.161  0.57162E-01   91.143
   711.085000  0.63654E+00  116.071  0.60893E+00  115.490  0.54638E+00  114.094  0.50702E+00  113.151  0.44783E+00  111.619  0.39106E+00  109.992  0.30319E+00  107.063  0.21592E+00  103.390  0.14163E+00   99.164  0.81370E-01   94.109  0.56823E-01   91.099
   711.135000  0.64237E+00  116.197  0.61471E+00  115.619  0.55177E+00  114.225  0.51165E+00  113.270  0.45122E+00  111.716  0.39328E+00  110.064  0.30455E+00  107.118  0.21666E+00  103.431  0.14200E+00   99.194  0.81578E-01   94.135  0.56978E-01   91.126
   711.185000  0.64794E+00  116.316  0.62040E+00  115.745  0.55737E+00  114.359  0.51700E+00  113.406  0.45552E+00  111.837  0.39656E+00  110.168  0.30699E+00  107.213  0.21836E+00  103.518  0.14311E+00   99.274  0.82230E-01   94.209  0.57427E-01   91.195
   711.235000  0.65255E+00  116.415  0.62528E+00  115.853  0.56240E+00  114.479  0.52221E+00  113.537  0.45995E+00  111.961  0.40019E+00  110.281  0.30986E+00  107.323  0.22049E+00  103.624  0.14456E+00   99.376  0.83078E-01   94.303  0.58000E-01   91.280
   711.285000  0.65581E+00  116.487  0.62889E+00  115.934  0.56637E+00  114.575  0.52671E+00  113.651  0.46398E+00  112.073  0.40365E+00  110.389  0.31268E+00  107.430  0.22262E+00  103.731  0.14602E+00   99.478  0.83927E-01   94.396  0.58570E-01   91.365
   711.335000  0.65760E+00  116.528  0.63112E+00  115.985  0.56913E+00  114.642  0.53035E+00  113.743  0.46743E+00  112.169  0.40676E+00  110.486  0.31527E+00  107.528  0.22463E+00  103.830  0.14740E+00   99.574  0.84702E-01   94.481  0.59083E-01   91.441
   711.385000  0.65825E+00  116.547  0.63227E+00  116.015  0.57101E+00  114.690  0.53341E+00  113.821  0.47056E+00  112.256  0.40975E+00  110.578  0.31784E+00  107.625  0.22664E+00  103.929  0.14878E+00   99.669  0.85455E-01   94.563  0.59569E-01   91.512
   711.435000  0.65862E+00  116.559  0.63307E+00  116.037  0.57255E+00  114.730  0.53629E+00  113.895  0.47363E+00  112.342  0.41282E+00  110.673  0.32051E+00  107.725  0.22876E+00  104.033  0.15024E+00   99.769  0.86239E-01   94.648  0.60071E-01   91.586
   711.485000  0.66038E+00  116.600  0.63490E+00  116.080  0.57486E+00  114.787  0.53969E+00  113.980  0.47719E+00  112.439  0.41636E+00  110.780  0.32364E+00  107.840  0.23127E+00  104.153  0.15198E+00   99.886  0.87186E-01   94.748  0.60686E-01   91.674
   711.535000  0.66669E+00  116.732  0.64050E+00  116.201  0.58022E+00  114.912  0.54545E+00  114.121  0.48265E+00  112.586  0.42156E+00  110.935  0.32826E+00  108.007  0.23507E+00  104.331  0.15475E+00  100.067  0.88847E-01   94.919  0.61849E-01   91.835
   711.585000  0.68278E+00  117.056  0.65469E+00  116.496  0.59289E+00  115.197  0.55727E+00  114.399  0.49309E+00  112.856  0.43104E+00  111.208  0.33674E+00  108.303  0.24226E+00  104.658  0.16026E+00  100.416  0.92498E-01   95.280  0.64569E-01   92.195
   711.635000  0.71437E+00  117.670  0.68275E+00  117.061  0.61767E+00  115.735  0.57948E+00  114.906  0.51212E+00  113.335  0.44792E+00  111.679  0.35189E+00  108.815  0.25533E+00  105.228  0.17061E+00  101.041  0.99671E-01   95.951  0.70045E-01   92.881
   711.685000  0.76699E+00  118.644  0.72990E+00  117.967  0.65932E+00  116.601  0.61642E+00  115.714  0.54341E+00  114.089  0.47538E+00  112.414  0.37659E+00  109.611  0.27685E+00  106.116  0.18792E+00  102.019  0.11196E+00   97.013  0.79540E-01   93.969
   711.735000  0.84459E+00  119.989  0.79995E+00  119.231  0.72145E+00  117.814  0.67156E+00  116.851  0.58992E+00  115.148  0.51601E+00  113.440  0.41319E+00  110.715  0.30892E+00  107.340  0.21396E+00  103.361  0.13067E+00   98.460  0.94085E-01   95.445
   711.785000  0.94855E+00  121.649  0.89440E+00  120.806  0.80564E+00  119.335  0.74664E+00  118.286  0.65320E+00  116.488  0.57120E+00  114.737  0.46293E+00  112.098  0.35267E+00  108.857  0.24968E+00  105.002  0.15652E+00  100.204  0.11424E+00   97.209
   711.835000  0.10765E+01  123.511  0.10113E+01  122.587  0.91035E+00  121.064  0.84056E+00  119.933  0.73239E+00  118.029  0.64026E+00  116.229  0.52521E+00  113.674  0.40758E+00  110.562  0.29468E+00  106.822  0.18921E+00  102.104  0.13979E+00   99.112
   711.885000  0.12223E+01  125.437  0.11450E+01  124.442  0.10307E+01  122.873  0.94918E+00  121.670  0.82412E+00  119.662  0.72027E+00  117.808  0.59740E+00  115.327  0.47134E+00  112.330  0.34708E+00  108.682  0.22739E+00  104.015  0.16964E+00  101.009
   711.935000  0.13761E+01  127.290  0.12868E+01  126.237  0.11589E+01  124.630  0.10654E+01  123.368  0.92243E+00  121.263  0.80609E+00  119.359  0.67488E+00  116.938  0.53989E+00  114.033  0.40357E+00  110.455  0.26863E+00  105.811  0.20192E+00  102.780
   711.985000  0.15256E+01  128.947  0.14248E+01  127.848  0.12841E+01  126.211  0.11796E+01  124.905  0.10193E+01  122.719  0.89079E+00  120.770  0.75142E+00  118.396  0.60773E+00  115.561  0.45962E+00  112.031  0.30965E+00  107.392  0.23403E+00  104.330
   712.035000  0.16574E+01  130.312  0.15466E+01  129.175  0.13950E+01  127.517  0.12810E+01  126.179  0.11054E+01  123.929  0.96639E+00  121.947  0.81997E+00  119.608  0.66873E+00  116.827  0.51021E+00  113.331  0.34675E+00  108.687  0.26303E+00  105.591
   712.085000  0.17621E+01  131.341  0.16433E+01  130.176  0.14834E+01  128.506  0.13627E+01  127.153  0.11748E+01  124.854  0.10273E+01  122.846  0.87524E+00  120.531  0.71803E+00  117.788  0.55125E+00  114.314  0.37686E+00  109.661  0.28652E+00  106.536
   712.135000  0.18357E+01  132.039  0.17114E+01  130.857  0.15467E+01  129.188  0.14230E+01  127.845  0.12255E+01  125.506  0.10713E+01  123.472  0.91461E+00  121.163  0.75283E+00  118.437  0.58012E+00  114.974  0.39798E+00  110.310  0.30289E+00  107.160
   712.185000  0.18798E+01  132.450  0.17526E+01  131.261  0.15867E+01  129.610  0.14647E+01  128.312  0.12595E+01  125.933  0.10993E+01  123.863  0.93813E+00  121.534  0.77256E+00  118.798  0.59606E+00  115.330  0.40942E+00  110.653  0.31162E+00  107.485
   712.235000  0.19012E+01  132.650  0.17735E+01  131.467  0.16101E+01  129.857  0.14949E+01  128.647  0.12823E+01  126.217  0.11155E+01  124.087  0.94872E+00  121.701  0.77920E+00  118.922  0.60032E+00  115.428  0.41198E+00  110.733  0.31334E+00  107.552
   712.285000  0.19095E+01  132.730  0.17834E+01  131.566  0.16257E+01  130.022  0.15227E+01  128.951  0.13013E+01  126.451  0.11255E+01  124.227  0.95089E+00  121.740  0.77623E+00  118.874  0.59550E+00  115.329  0.40746E+00  110.606  0.30950E+00  107.418
   712.335000  0.19151E+01  132.786  0.17921E+01  131.654  0.16428E+01  130.200  0.15568E+01  129.317  0.13237E+01  126.723  0.11356E+01  124.367  0.94994E+00  121.731  0.76810E+00  118.735  0.58514E+00  115.107  0.39841E+00  110.344  0.30212E+00  107.152
   712.385000  0.19264E+01  132.893  0.18076E+01  131.805  0.16684E+01  130.462  0.16033E+01  129.804  0.13550E+01  127.096  0.11507E+01  124.573  0.95063E+00  121.747  0.75918E+00  118.580  0.57290E+00  114.840  0.38754E+00  110.021  0.29335E+00  106.828
   712.435000  0.19473E+01  133.085  0.18330E+01  132.048  0.17049E+01  130.827  0.16630E+01  130.413  0.13965E+01  127.580  0.11729E+01  124.869  0.95568E+00  121.829  0.75250E+00  118.464  0.56156E+00  114.588  0.37699E+00  109.702  0.28490E+00  106.509
   712.485000  0.19758E+01  133.342  0.18661E+01  132.359  0.17491E+01  131.261  0.17308E+01  131.085  0.14449E+01  128.128  0.12006E+01  125.230  0.96498E+00  121.975  0.74896E+00  118.405  0.55242E+00  114.384  0.36790E+00  109.421  0.27766E+00  106.230
   712.535000  0.20049E+01  133.602  0.18996E+01  132.669  0.17928E+01  131.683  0.17964E+01  131.717  0.14925E+01  128.655  0.12287E+01  125.591  0.97576E+00  122.142  0.74743E+00  118.382  0.54520E+00  114.221  0.36031E+00  109.183  0.27166E+00  105.995
   712.585000  0.20242E+01  133.774  0.19230E+01  132.885  0.18250E+01  131.991  0.18468E+01  132.192  0.15293E+01  129.054  0.12502E+01  125.863  0.98345E+00  122.262  0.74524E+00  118.348  0.53841E+00  114.068  0.35340E+00  108.964  0.26622E+00  105.779
   712.635000  0.20220E+01  133.761  0.19246E+01  132.905  0.18338E+01  132.078  0.18683E+01  132.396  0.15444E+01  129.221  0.12572E+01  125.954  0.98255E+00  122.254  0.73868E+00  118.233  0.52964E+00  113.865  0.34562E+00  108.712  0.26012E+00  105.532
   712.685000  0.19890E+01  133.480  0.18953E+01  132.648  0.18098E+01  131.860  0.18507E+01  132.240  0.15298E+01  129.071  0.12432E+01  125.788  0.96832E+00  122.047  0.72439E+00  117.972  0.51655E+00  113.555  0.33542E+00  108.373  0.25212E+00  105.199
   712.735000  0.19205E+01  132.880  0.18306E+01  132.060  0.17486E+01  131.285  0.17894E+01  131.673  0.14814E+01  128.557  0.12053E+01  125.317  0.93823E+00  121.596  0.70032E+00  117.521  0.49761E+00  113.092  0.32174E+00  107.903  0.24136E+00  104.735
   712.785000  0.18181E+01  131.949  0.17322E+01  131.132  0.16519E+01  130.342  0.16866E+01  130.687  0.14009E+01  127.668  0.11442E+01  124.531  0.89253E+00  120.886  0.66635E+00  116.860  0.47251E+00  112.456  0.30430E+00  107.279  0.22759E+00  104.115
   712.835000  0.16886E+01  130.713  0.16068E+01  129.891  0.15271E+01  129.059  0.15509E+01  129.311  0.12946E+01  126.433  0.10644E+01  123.453  0.83397E+00  119.932  0.62401E+00  115.998  0.44213E+00  111.647  0.28359E+00  106.499  0.21120E+00  103.337
   712.885000  0.15432E+01  129.236  0.14658E+01  128.403  0.13857E+01  127.506  0.13956E+01  127.620  0.11730E+01  124.919  0.97333E+00  122.144  0.76757E+00  118.785  0.57653E+00  114.974  0.40852E+00  110.700  0.26090E+00  105.590  0.19324E+00  102.425
   712.935000  0.13953E+01  127.622  0.13225E+01  126.776  0.12416E+01  125.795  0.12367E+01  125.734  0.10484E+01  123.240  0.88016E+00  120.704  0.69977E+00  117.532  0.52824E+00  113.864  0.37457E+00  109.678  0.23812E+00  104.611  0.17522E+00  101.438
   712.985000  0.12570E+01  125.991  0.11889E+01  125.136  0.11073E+01  124.060  0.10883E+01  123.801  0.93209E+00  121.529  0.79310E+00  119.248  0.63627E+00  116.270  0.48297E+00  112.748  0.34278E+00  108.653  0.21686E+00  103.628  0.15840E+00  100.441
   713.035000  0.11372E+01  124.466  0.10740E+01  123.609  0.99198E+00  122.437  0.96100E+00  121.975  0.83214E+00  119.923  0.71811E+00  117.892  0.58121E+00  115.095  0.44342E+00  111.704  0.31491E+00  107.691  0.19820E+00  102.700  0.14368E+00   99.496
   713.085000  0.10408E+01  123.149  0.98232E+00  122.300  0.90042E+00  121.044  0.86035E+00  120.397  0.75302E+00  118.544  0.65839E+00  116.733  0.53679E+00  114.083  0.41106E+00  110.795  0.29188E+00  106.845  0.18274E+00  101.876  0.13155E+00   98.656
   713.135000  0.96854E+00  122.100  0.91445E+00  121.271  0.83322E+00  119.952  0.78716E+00  119.160  0.69533E+00  117.468  0.61437E+00  115.826  0.50333E+00  113.278  0.38608E+00  110.055  0.27380E+00  106.143  0.17051E+00  101.185  0.12202E+00   97.953
   713.185000  0.91769E+00  121.327  0.86756E+00  120.526  0.78748E+00  119.171  0.73818E+00  118.283  0.65649E+00  116.705  0.58414E+00  115.176  0.47954E+00  112.680  0.36763E+00  109.485  0.26007E+00  105.586  0.16112E+00  100.628  0.11480E+00   97.391
   713.235000  0.88305E+00  120.783  0.83637E+00  120.016  0.75776E+00  118.646  0.70732E+00  117.709  0.63174E+00  116.203  0.56417E+00  114.733  0.46294E+00  112.252  0.35405E+00  109.053  0.24960E+00  105.146  0.15385E+00  100.179  0.10930E+00   96.944
   713.285000  0.85874E+00  120.393  0.81496E+00  119.658  0.73797E+00  118.290  0.68772E+00  117.336  0.61563E+00  115.869  0.55045E+00  114.424  0.45074E+00  111.930  0.34348E+00  108.708  0.24114E+00  104.781  0.14789E+00   99.800  0.10488E+00   96.572
   713.335000  0.83936E+00  120.077  0.79795E+00  119.370  0.72258E+00  118.009  0.67317E+00  117.055  0.60329E+00  115.611  0.53941E+00  114.171  0.44043E+00  111.653  0.33422E+00  108.399  0.23356E+00  104.446  0.14252E+00   99.447  0.10093E+00   96.229
   713.385000  0.82128E+00  119.777  0.78179E+00  119.092  0.70792E+00  117.737  0.65951E+00  116.788  0.59146E+00  115.359  0.52865E+00  113.921  0.43038E+00  111.379  0.32520E+00  108.092  0.22616E+00  104.110  0.13726E+00   99.091  0.97067E-01   95.883
   713.435000  0.80402E+00  119.487  0.76615E+00  118.819  0.69365E+00  117.468  0.64620E+00  116.523  0.57980E+00  115.106  0.51802E+00  113.670  0.42055E+00  111.106  0.31646E+00  107.788  0.21902E+00  103.777  0.13219E+00   98.737  0.93332E-01   95.538
   713.485000  0.78863E+00  119.224  0.75229E+00  118.574  0.68111E+00  117.228  0.63467E+00  116.291  0.56967E+00  114.885  0.50872E+00  113.448  0.41186E+00  110.860  0.30866E+00  107.511  0.21259E+00  103.471  0.12761E+00   98.408  0.89951E-01   95.216
   713.535000  0.77556E+00  118.998  0.74067E+00  118.367  0.67074E+00  117.029  0.62535E+00  116.101  0.56149E+00  114.704  0.50114E+00  113.265  0.40467E+00  110.655  0.30210E+00  107.275  0.20712E+00  103.205  0.12369E+00   98.119  0.87037E-01   94.931
   713.585000  0.76546E+00  118.823  0.73196E+00  118.211  0.66323E+00  116.884  0.61891E+00  115.971  0.55591E+00  114.582  0.49590E+00  113.140  0.39956E+00  110.509  0.29729E+00  107.101  0.20299E+00  103.001  0.12067E+00   97.893  0.84768E-01   94.704
   713.635000  0.75844E+00  118.702  0.72633E+00  118.112  0.65879E+00  116.800  0.61562E+00  115.907  0.55320E+00  114.525  0.49327E+00  113.079  0.39676E+00  110.431  0.29441E+00  106.997  0.20034E+00  102.870  0.11864E+00   97.739  0.83188E-01   94.545
   713.685000  0.75451E+00  118.636  0.72380E+00  118.070  0.65747E+00  116.779  0.61558E+00  115.911  0.55347E+00  114.536  0.49335E+00  113.086  0.39638E+00  110.425  0.29354E+00  106.970  0.19922E+00  102.818  0.11761E+00   97.663  0.82313E-01   94.458
   713.735000  0.75344E+00  118.622  0.72416E+00  118.082  0.65907E+00  116.817  0.61860E+00  115.981  0.55655E+00  114.612  0.49597E+00  113.157  0.39831E+00  110.488  0.29463E+00  107.016  0.19958E+00  102.842  0.11755E+00   97.663  0.82115E-01   94.442
   713.785000  0.75388E+00  118.636  0.72603E+00  118.122  0.66221E+00  116.885  0.62327E+00  116.085  0.56116E+00  114.724  0.50001E+00  113.264  0.40155E+00  110.589  0.29682E+00  107.104  0.20079E+00  102.909  0.11802E+00   97.706  0.82277E-01   94.463
   713.835000  0.75446E+00  118.652  0.72799E+00  118.164  0.66546E+00  116.956  0.62811E+00  116.192  0.56594E+00  114.838  0.50419E+00  113.373  0.40498E+00  110.696  0.29924E+00  107.200  0.20220E+00  102.986  0.11863E+00   97.759  0.82531E-01   94.495
   713.885000  0.75462E+00  118.660  0.72936E+00  118.195  0.66806E+00  117.013  0.63233E+00  116.285  0.57006E+00  114.936  0.50775E+00  113.467  0.40796E+00  110.789  0.30139E+00  107.285  0.20352E+00  103.058  0.11927E+00   97.813  0.82833E-01   94.532
   713.935000  0.75448E+00  118.663  0.73014E+00  118.215  0.66996E+00  117.056  0.63583E+00  116.363  0.57334E+00  115.015  0.51048E+00  113.539  0.41032E+00  110.863  0.30321E+00  107.358  0.20477E+00  103.127  0.12002E+00   97.877  0.83301E-01   94.585
   713.985000  0.75442E+00  118.667  0.73066E+00  118.230  0.67145E+00  117.091  0.63894E+00  116.433  0.57598E+00  115.080  0.51249E+00  113.594  0.41214E+00  110.921  0.30481E+00  107.422  0.20610E+00  103.199  0.12107E+00   97.963  0.84100E-01   94.673
   714.035000  0.75527E+00  118.688  0.73166E+00  118.254  0.67327E+00  117.133  0.64241E+00  116.510  0.57856E+00  115.143  0.51427E+00  113.643  0.41381E+00  110.975  0.30651E+00  107.489  0.20781E+00  103.289  0.12266E+00   98.090  0.85440E-01   94.816
   714.085000  0.75827E+00  118.748  0.73443E+00  118.311  0.67671E+00  117.207  0.64757E+00  116.621  0.58224E+00  115.230  0.51683E+00  113.711  0.41620E+00  111.049  0.30904E+00  107.587  0.21044E+00  103.426  0.12517E+00   98.285  0.87608E-01   95.041
   714.135000  0.76460E+00  118.868  0.74021E+00  118.423  0.68306E+00  117.337  0.65578E+00  116.793  0.58830E+00  115.369  0.52134E+00  113.825  0.42031E+00  111.172  0.31319E+00  107.743  0.21458E+00  103.634  0.12894E+00   98.570  0.90831E-01   95.364
   714.185000  0.77476E+00  119.055  0.74964E+00  118.602  0.69305E+00  117.537  0.66783E+00  117.041  0.59752E+00  115.577  0.52853E+00  114.004  0.42677E+00  111.361  0.31943E+00  107.972  0.22049E+00  103.924  0.13407E+00   98.945  0.95128E-01   95.780
   714.235000  0.78883E+00  119.309  0.76299E+00  118.849  0.70702E+00  117.811  0.68404E+00  117.367  0.61037E+00  115.859  0.53896E+00  114.256  0.43605E+00  111.627  0.32806E+00  108.280  0.22829E+00  104.295  0.14050E+00   99.398  0.10039E+00   96.268
   714.285000  0.80603E+00  119.614  0.77970E+00  119.153  0.72450E+00  118.148  0.70392E+00  117.758  0.62665E+00  116.209  0.55256E+00  114.579  0.44812E+00  111.964  0.33899E+00  108.660  0.23777E+00  104.733  0.14793E+00   99.901  0.10632E+00   96.793
   714.335000  0.82492E+00  119.943  0.79850E+00  119.489  0.74426E+00  118.520  0.72613E+00  118.184  0.64538E+00  116.603  0.56862E+00  114.952  0.46237E+00  112.353  0.35162E+00  109.087  0.24835E+00  105.205  0.15581E+00  100.413  0.11244E+00   97.311
   714.385000  0.84331E+00  120.258  0.81720E+00  119.817  0.76402E+00  118.884  0.74814E+00  118.596  0.66451E+00  116.996  0.58552E+00  115.335  0.47746E+00  112.754  0.36481E+00  109.521  0.25904E+00  105.666  0.16335E+00  100.884  0.11807E+00   97.768
   714.435000  0.86034E+00  120.545  0.83481E+00  120.121  0.78269E+00  119.223  0.76879E+00  118.975  0.68294E+00  117.367  0.60220E+00  115.705  0.49238E+00  113.141  0.37761E+00  109.930  0.26905E+00  106.084  0.16994E+00  101.282  0.12277E+00   98.137
   714.485000  0.87740E+00  120.829  0.85239E+00  120.419  0.80121E+00  119.552  0.78914E+00  119.342  0.70119E+00  117.727  0.61876E+00  116.065  0.50692E+00  113.510  0.38969E+00  110.307  0.27806E+00  106.451  0.17543E+00  101.605  0.12647E+00   98.421
   714.535000  0.89713E+00  121.151  0.87217E+00  120.749  0.82167E+00  119.909  0.81154E+00  119.736  0.72077E+00  118.105  0.63596E+00  116.430  0.52140E+00  113.869  0.40113E+00  110.655  0.28613E+00  106.773  0.17997E+00  101.867  0.12938E+00   98.641
   714.585000  0.92279E+00  121.560  0.89697E+00  121.154  0.84679E+00  120.337  0.83910E+00  120.209  0.74375E+00  118.537  0.65504E+00  116.827  0.53648E+00  114.235  0.41233E+00  110.990  0.29361E+00  107.065  0.18396E+00  102.094  0.13194E+00   98.832
   714.635000  0.95721E+00  122.094  0.92926E+00  121.666  0.87899E+00  120.871  0.87464E+00  120.800  0.77202E+00  119.055  0.67709E+00  117.273  0.55277E+00  114.621  0.42368E+00  111.321  0.30090E+00  107.344  0.18789E+00  102.314  0.13463E+00   99.029
   714.685000  0.10022E+01  122.769  0.97066E+00  122.302  0.91992E+00  121.526  0.92011E+00  121.529  0.80693E+00  119.673  0.70296E+00  117.782  0.57084E+00  115.039  0.43565E+00  111.663  0.30846E+00  107.628  0.19225E+00  102.553  0.13793E+00   99.265
   714.735000  0.10574E+01  123.565  0.10210E+01  123.047  0.96952E+00  122.291  0.97557E+00  122.381  0.84857E+00  120.383  0.73275E+00  118.350  0.59085E+00  115.490  0.44849E+00  112.022  0.31659E+00  107.927  0.19737E+00  102.828  0.14212E+00   99.558
   714.785000  0.11198E+01  124.428  0.10776E+01  123.852  0.10253E+01  123.115  0.10383E+01  123.301  0.89502E+00  121.144  0.76520E+00  118.949  0.61207E+00  115.955  0.46183E+00  112.386  0.32516E+00  108.236  0.20317E+00  103.132  0.14713E+00   99.898
   714.835000  0.11836E+01  125.273  0.11353E+01  124.641  0.10823E+01  123.923  0.11030E+01  124.206  0.94241E+00  121.891  0.79771E+00  119.530  0.63289E+00  116.399  0.47472E+00  112.730  0.33354E+00  108.532  0.20919E+00  103.439  0.15252E+00  100.254
   714.885000  0.12411E+01  126.007  0.11872E+01  125.325  0.11338E+01  124.626  0.11619E+01  124.997  0.98514E+00  122.540  0.82643E+00  120.028  0.65076E+00  116.772  0.48549E+00  113.013  0.34056E+00  108.776  0.21451E+00  103.706  0.15747E+00  100.571
   714.935000  0.12840E+01  126.539  0.12257E+01  125.820  0.11722E+01  125.137  0.12067E+01  125.579  0.10170E+01  123.012  0.84708E+00  120.380  0.66284E+00  117.022  0.49222E+00  113.190  0.34481E+00  108.924  0.21803E+00  103.882  0.16098E+00  100.794
   714.985000  0.13051E+01  126.799  0.12443E+01  126.057  0.11909E+01  125.384  0.12298E+01  125.876  0.10325E+01  123.240  0.85576E+00  120.530  0.66649E+00  117.100  0.49310E+00  113.217  0.34496E+00  108.934  0.21866E+00  103.917  0.16212E+00  100.868
   715.035000  0.12994E+01  126.736  0.12383E+01  125.988  0.11854E+01  125.319  0.12258E+01  125.832  0.10275E+01  123.174  0.84963E+00  120.434  0.65973E+00  116.970  0.48674E+00  113.061  0.33996E+00  108.771  0.21558E+00  103.773  0.16014E+00  100.752
   715.085000  0.12656E+01  126.332  0.12063E+01  125.592  0.11540E+01  124.916  0.11928E+01  125.420  0.10005E+01  122.788  0.82760E+00  120.070  0.64182E+00  116.611  0.47259E+00  112.701  0.32936E+00  108.413  0.20841E+00  103.426  0.15473E+00  100.419
   715.135000  0.12060E+01  125.593  0.11505E+01  124.875  0.10987E+01  124.181  0.11328E+01  124.641  0.95294E+00  122.084  0.79062E+00  119.438  0.61335E+00  116.020  0.45100E+00  112.132  0.31339E+00  107.854  0.19732E+00  102.865  0.14603E+00   99.860
   715.185000  0.11266E+01  124.564  0.10762E+01  123.877  0.10248E+01  123.151  0.10514E+01  123.531  0.88912E+00  121.094  0.74179E+00  118.566  0.57649E+00  115.220  0.42348E+00  111.373  0.29314E+00  107.109  0.18312E+00  102.108  0.13475E+00   99.092
   715.235000  0.10360E+01  123.318  0.99137E+00  122.671  0.93990E+00  121.896  0.95735E+00  122.162  0.81550E+00  119.880  0.68576E+00  117.509  0.53452E+00  114.258  0.39237E+00  110.466  0.27032E+00  106.218  0.16710E+00  101.194  0.12197E+00   98.155
   715.285000  0.94336E+00  121.955  0.90440E+00  121.348  0.85254E+00  120.509  0.85991E+00  120.631  0.73917E+00  118.529  0.62766E+00  116.338  0.49103E+00  113.197  0.36017E+00  109.465  0.24675E+00  105.232  0.15061E+00  100.175  0.10884E+00   97.105
   715.335000  0.85683E+00  120.586  0.82298E+00  120.019  0.77037E+00  119.101  0.76783E+00  119.056  0.66679E+00  117.144  0.57233E+00  115.142  0.44943E+00  112.111  0.32928E+00  108.436  0.22415E+00  104.214  0.13490E+00   99.117  0.96393E-01   96.009
   715.385000  0.78254E+00  119.323  0.75278E+00  118.790  0.69917E+00  117.785  0.68771E+00  117.563  0.60339E+00  115.833  0.52343E+00  114.009  0.41232E+00  111.073  0.30153E+00  107.445  0.20385E+00  103.226  0.12093E+00   98.090  0.85439E-01   94.946
   715.435000  0.72404E+00  118.264  0.69720E+00  117.753  0.64245E+00  116.661  0.62364E+00  116.270  0.55222E+00  114.694  0.48344E+00  113.019  0.38153E+00  110.156  0.27827E+00  106.557  0.18683E+00  102.337  0.10938E+00   97.165  0.76513E-01   93.994
   715.485000  0.68231E+00  117.468  0.65729E+00  116.969  0.60143E+00  115.801  0.57713E+00  115.266  0.51460E+00  113.805  0.45355E+00  112.238  0.35807E+00  109.418  0.26032E+00  105.832  0.17369E+00  101.605  0.10061E+00   96.409  0.69863E-01   93.225
   715.535000  0.65588E+00  116.946  0.63178E+00  116.451  0.57496E+00  115.223  0.54703E+00  114.584  0.48985E+00  113.193  0.43339E+00  111.690  0.34182E+00  108.886  0.24766E+00  105.297  0.16440E+00  101.062  0.94533E-01   95.855  0.65369E-01   92.671
   715.585000  0.64177E+00  116.663  0.61801E+00  116.167  0.56050E+00  114.901  0.53059E+00  114.202  0.47604E+00  112.844  0.42176E+00  111.366  0.33206E+00  108.559  0.23984E+00  104.958  0.15862E+00  100.713  0.90823E-01   95.503  0.62710E-01   92.331
   715.635000  0.63636E+00  116.557  0.61270E+00  116.059  0.55484E+00  114.776  0.52429E+00  114.056  0.47059E+00  112.707  0.41691E+00  111.232  0.32766E+00  108.411  0.23611E+00  104.795  0.15578E+00  100.540  0.89000E-01   95.329  0.61449E-01   92.168
   715.685000  0.63632E+00  116.562  0.61281E+00  116.067  0.55497E+00  114.784  0.52477E+00  114.073  0.47104E+00  112.724  0.41709E+00  111.243  0.32741E+00  108.408  0.23559E+00  104.777  0.15520E+00  100.508  0.88526E-01   95.287  0.61117E-01   92.128
   715.735000  0.63951E+00  116.633  0.61637E+00  116.148  0.55895E+00  114.881  0.52987E+00  114.201  0.47582E+00  112.854  0.42128E+00  111.368  0.33065E+00  108.525  0.23781E+00  104.882  0.15644E+00  100.592  0.88990E-01   95.337  0.61342E-01   92.163
   715.785000  0.64734E+00  116.799  0.62504E+00  116.337  0.56863E+00  115.107  0.54164E+00  114.485  0.48707E+00  113.149  0.43168E+00  111.668  0.33955E+00  108.835  0.24473E+00  105.195  0.16109E+00  100.885  0.91403E-01   95.579  0.62816E-01   92.364
   715.835000  0.66410E+00  117.144  0.64340E+00  116.724  0.58889E+00  115.565  0.56543E+00  115.040  0.50989E+00  113.726  0.45309E+00  112.263  0.35864E+00  109.473  0.26039E+00  105.871  0.17239E+00  101.564  0.98021E-01   96.208  0.67165E-01   92.926
   715.885000  0.69359E+00  117.731  0.67550E+00  117.377  0.62400E+00  116.326  0.60587E+00  115.940  0.54879E+00  114.663  0.48996E+00  113.233  0.39225E+00  110.531  0.28874E+00  107.013  0.19362E+00  102.746  0.11113E+00   97.354  0.76028E-01   93.982
   715.935000  0.73914E+00  118.599  0.72483E+00  118.333  0.67764E+00  117.425  0.66685E+00  117.210  0.60761E+00  115.983  0.54606E+00  114.604  0.44413E+00  112.029  0.33330E+00  108.637  0.22776E+00  104.443  0.13285E+00   99.030  0.90948E-01   95.549
   715.985000  0.80228E+00  119.734  0.79294E+00  119.572  0.75134E+00  118.828  0.74986E+00  118.801  0.68784E+00  117.630  0.62294E+00  116.314  0.51593E+00  113.891  0.39574E+00  110.646  0.27635E+00  106.537  0.16441E+00  101.107  0.11284E+00   97.505
   716.035000  0.88195E+00  121.072  0.87860E+00  121.018  0.84365E+00  120.443  0.85305E+00  120.600  0.78772E+00  119.485  0.71899E+00  118.234  0.60632E+00  115.965  0.47510E+00  112.867  0.33885E+00  108.837  0.20563E+00  103.382  0.14164E+00   99.654
   716.085000  0.97369E+00  122.502  0.97695E+00  122.550  0.94926E+00  122.133  0.97034E+00  122.452  0.90142E+00  121.389  0.82866E+00  120.197  0.71018E+00  118.072  0.56700E+00  115.102  0.41192E+00  111.135  0.25439E+00  105.643  0.17590E+00  101.792
   716.135000  0.10702E+01  123.899  0.10801E+01  124.036  0.10596E+01  123.751  0.10921E+01  124.201  0.10196E+01  123.182  0.94291E+00  122.041  0.81902E+00  120.039  0.66400E+00  117.175  0.48972E+00  113.254  0.30691E+00  107.721  0.21299E+00  103.758
   716.185000  0.11622E+01  125.146  0.11780E+01  125.351  0.11639E+01  125.168  0.12064E+01  125.715  0.11306E+01  124.728  0.10505E+01  123.628  0.92209E+00  121.725  0.75658E+00  118.945  0.56472E+00  115.061  0.35816E+00  109.494  0.24940E+00  105.439
   716.235000  0.12401E+01  126.144  0.12603E+01  126.394  0.12509E+01  126.279  0.13008E+01  126.887  0.12222E+01  125.920  0.11394E+01  124.851  0.10079E+01  123.024  0.83448E+00  120.312  0.62865E+00  116.461  0.40258E+00  110.876  0.28123E+00  106.756
   716.285000  0.12949E+01  126.821  0.13173E+01  127.090  0.13105E+01  127.008  0.13643E+01  127.642  0.12835E+01  126.684  0.11990E+01  125.632  0.10662E+01  123.861  0.88838E+00  121.203  0.67393E+00  117.389  0.43495E+00  111.812  0.30480E+00  107.659
   716.335000  0.13207E+01  127.136  0.13427E+01  127.396  0.13358E+01  127.314  0.13897E+01  127.939  0.13074E+01  126.977  0.12222E+01  125.932  0.10900E+01  124.195  0.91180E+00  121.580  0.69514E+00  117.810  0.45147E+00  112.272  0.31739E+00  108.121
   716.385000  0.13153E+01  127.077  0.13343E+01  127.302  0.13246E+01  127.187  0.13747E+01  127.772  0.12915E+01  126.792  0.12067E+01  125.741  0.10767E+01  124.017  0.90225E+00  121.435  0.69005E+00  117.717  0.45041E+00  112.248  0.31772E+00  108.138
   716.435000  0.12808E+01  126.668  0.12943E+01  126.831  0.12795E+01  126.652  0.13225E+01  127.168  0.12390E+01  126.154  0.11554E+01  125.084  0.10290E+01  123.350  0.86177E+00  120.787  0.66001E+00  117.127  0.43245E+00  111.758  0.30620E+00  107.726
   716.485000  0.12231E+01  125.960  0.12293E+01  126.038  0.12078E+01  125.767  0.12414E+01  126.189  0.11580E+01  125.123  0.10759E+01  124.018  0.95392E+00  122.248  0.79652E+00  119.689  0.60970E+00  116.086  0.40050E+00  110.841  0.28479E+00  106.921
   716.535000  0.11506E+01  125.032  0.11486E+01  125.006  0.11196E+01  124.620  0.11428E+01  124.929  0.10595E+01  123.794  0.97939E+00  122.636  0.86197E+00  120.801  0.71557E+00  118.223  0.54618E+00  114.671  0.35914E+00  109.562  0.25662E+00  105.783
   716.585000  0.10728E+01  123.986  0.10627E+01  123.845  0.10263E+01  123.328  0.10392E+01  123.512  0.95625E+00  122.294  0.87796E+00  121.067  0.76477E+00  119.137  0.62921E+00  116.510  0.47760E+00  112.990  0.31375E+00  108.016  0.22538E+00  104.398
   716.635000  0.99870E+00  122.933  0.98129E+00  122.676  0.93828E+00  122.025  0.94219E+00  122.085  0.85959E+00  120.773  0.78292E+00  119.466  0.67315E+00  117.411  0.54712E+00  114.704  0.41169E+00  111.186  0.26950E+00  106.328  0.19466E+00  102.877
   716.685000  0.93459E+00  121.974  0.91140E+00  121.612  0.86322E+00  120.838  0.86010E+00  120.787  0.77794E+00  119.383  0.70262E+00  117.992  0.59526E+00  115.795  0.47665E+00  112.976  0.35442E+00  109.424  0.23045E+00  104.644  0.16728E+00  101.349
   716.735000  0.88337E+00  121.171  0.85601E+00  120.725  0.80425E+00  119.850  0.79623E+00  119.711  0.71479E+00  118.230  0.64076E+00  116.766  0.53499E+00  114.429  0.42159E+00  111.482  0.30901E+00  107.860  0.19889E+00  103.108  0.14482E+00   99.938
   716.785000  0.84690E+00  120.580  0.81686E+00  120.073  0.76305E+00  119.128  0.75231E+00  118.933  0.67160E+00  117.396  0.59858E+00  115.878  0.49354E+00  113.419  0.38305E+00  110.344  0.27651E+00  106.626  0.17567E+00  101.849  0.12792E+00   98.755
   716.835000  0.82716E+00  120.254  0.79550E+00  119.709  0.74097E+00  118.730  0.72978E+00  118.523  0.64884E+00  116.943  0.57572E+00  115.379  0.47005E+00  112.820  0.36009E+00  109.624  0.25619E+00  105.796  0.16046E+00  100.951  0.11645E+00   97.880
   716.885000  0.82578E+00  120.236  0.79289E+00  119.669  0.73862E+00  118.692  0.72929E+00  118.519  0.64584E+00  116.887  0.57038E+00  115.264  0.46204E+00  112.613  0.35016E+00  109.305  0.24599E+00  105.362  0.15202E+00  100.425  0.10970E+00   97.333
   716.935000  0.84436E+00  120.554  0.80992E+00  119.970  0.75651E+00  119.025  0.75146E+00  118.934  0.66173E+00  117.215  0.58041E+00  115.495  0.46659E+00  112.739  0.35022E+00  109.312  0.24340E+00  105.253  0.14880E+00  100.221  0.10672E+00   97.085
   716.985000  0.88415E+00  121.211  0.84724E+00  120.607  0.79497E+00  119.716  0.79670E+00  119.746  0.69564E+00  117.890  0.60383E+00  116.014  0.48099E+00  113.120  0.35748E+00  109.555  0.24610E+00  105.377  0.14933E+00  100.260  0.10662E+00   97.082
   717.035000  0.94532E+00  122.177  0.90472E+00  121.545  0.85367E+00  120.719  0.86467E+00  120.900  0.74650E+00  118.854  0.63897E+00  116.762  0.50320E+00  113.688  0.36987E+00  109.958  0.25239E+00  105.654  0.15251E+00  100.471  0.10874E+00   97.267
   717.085000  0.10260E+01  123.380  0.98052E+00  122.714  0.93067E+00  121.957  0.95320E+00  122.303  0.81234E+00  120.028  0.68408E+00  117.676  0.53163E+00  114.386  0.38606E+00  110.468  0.26122E+00  106.033  0.15764E+00  100.801  0.11263E+00   97.595
   717.135000  0.11220E+01  124.718  0.10707E+01  124.017  0.10220E+01  123.327  0.10578E+01  123.836  0.88995E+00  121.321  0.73713E+00  118.692  0.56516E+00  115.173  0.40556E+00  111.059  0.27239E+00  106.497  0.16459E+00  101.233  0.11817E+00   98.045
   717.185000  0.12254E+01  126.066  0.11680E+01  125.332  0.11204E+01  124.703  0.11700E+01  125.358  0.97334E+00  122.617  0.79428E+00  119.726  0.60164E+00  115.988  0.42731E+00  111.692  0.28542E+00  107.018  0.17305E+00  101.738  0.12504E+00   98.580
   717.235000  0.13239E+01  127.275  0.12608E+01  126.513  0.12143E+01  125.932  0.12768E+01  126.708  0.10527E+01  123.775  0.84862E+00  120.657  0.63642E+00  116.730  0.44830E+00  112.280  0.29829E+00  107.515  0.18163E+00  102.230  0.13211E+00   99.105
   717.285000  0.14049E+01  128.219  0.13371E+01  127.436  0.12912E+01  126.888  0.13641E+01  127.751  0.11173E+01  124.671  0.89262E+00  121.380  0.66439E+00  117.306  0.46513E+00  112.738  0.30872E+00  107.906  0.18873E+00  102.625  0.13807E+00   99.532
   717.335000  0.14571E+01  128.808  0.13860E+01  128.009  0.13402E+01  127.478  0.14195E+01  128.390  0.11578E+01  125.215  0.91960E+00  121.812  0.68103E+00  117.642  0.47483E+00  112.998  0.31467E+00  108.127  0.19293E+00  102.856  0.14175E+00   99.790
   717.385000  0.14731E+01  128.989  0.14005E+01  128.180  0.13541E+01  127.646  0.14345E+01  128.563  0.11677E+01  125.350  0.92496E+00  121.901  0.68322E+00  117.691  0.47532E+00  113.016  0.31473E+00  108.134  0.19324E+00  102.877  0.14231E+00   99.833
   717.435000  0.14506E+01  128.747  0.13781E+01  127.930  0.13302E+01  127.371  0.14061E+01  128.250  0.11448E+01  125.055  0.90714E+00  121.627  0.66990E+00  117.433  0.46589E+00  112.773  0.30837E+00  107.909  0.18927E+00  102.669  0.13943E+00   99.641
   717.485000  0.13930E+01  128.106  0.13223E+01  127.283  0.12719E+01  126.676  0.13378E+01  127.467  0.10917E+01  124.346  0.86811E+00  121.006  0.64250E+00  116.883  0.44748E+00  112.284  0.29625E+00  107.464  0.18145E+00  102.245  0.13344E+00   99.225
   717.535000  0.13089E+01  127.130  0.12410E+01  126.301  0.11873E+01  125.621  0.12388E+01  126.274  0.10156E+01  123.278  0.81299E+00  120.088  0.60457E+00  116.089  0.42253E+00  111.593  0.27999E+00  106.841  0.17089E+00  101.647  0.12522E+00   98.627
   717.585000  0.12095E+01  125.911  0.11450E+01  125.075  0.10873E+01  124.296  0.11214E+01  124.760  0.92577E+00  121.936  0.74851E+00  118.950  0.56070E+00  115.119  0.39401E+00  110.762  0.26155E+00  106.098  0.15890E+00  100.929  0.11582E+00   97.902
   717.635000  0.11067E+01  124.567  0.10458E+01  123.722  0.98368E+00  122.821  0.99923E+00  123.051  0.83265E+00  120.434  0.68197E+00  117.693  0.51578E+00  114.062  0.36506E+00  109.867  0.24295E+00  105.305  0.14683E+00  100.161  0.10632E+00   97.119
   717.685000  0.10111E+01  123.229  0.95356E+00  122.374  0.88711E+00  121.335  0.88470E+00  121.297  0.74566E+00  118.909  0.62006E+00  116.436  0.47424E+00  113.019  0.33847E+00  108.996  0.22598E+00  104.538  0.13587E+00   99.417  0.97686E-01   96.356
   717.735000  0.93027E+00  122.022  0.87580E+00  121.158  0.80541E+00  119.979  0.78719E+00  119.661  0.67186E+00  117.504  0.56771E+00  115.295  0.43931E+00  112.086  0.31626E+00  108.226  0.21190E+00  103.866  0.12682E+00   98.767  0.90564E-01   95.685
   717.785000  0.86788E+00  121.035  0.81603E+00  120.167  0.74245E+00  118.861  0.71158E+00  118.283  0.61485E+00  116.336  0.52736E+00  114.359  0.41244E+00  111.329  0.29922E+00  107.606  0.20114E+00  103.330  0.11997E+00   98.249  0.85192E-01   95.151
   717.835000  0.82358E+00  120.302  0.77401E+00  119.438  0.69823E+00  118.032  0.65832E+00  117.243  0.57485E+00  115.466  0.49900E+00  113.668  0.39345E+00  110.771  0.28710E+00  107.150  0.19348E+00  102.935  0.11512E+00   97.871  0.81436E-01   94.762
   717.885000  0.79392E+00  119.795  0.74644E+00  118.945  0.66953E+00  117.474  0.62409E+00  116.542  0.54918E+00  114.885  0.48056E+00  113.204  0.38079E+00  110.389  0.27876E+00  106.828  0.18810E+00  102.651  0.11174E+00   97.600  0.78867E-01   94.489
   717.935000  0.77386E+00  119.447  0.72843E+00  118.617  0.65145E+00  117.115  0.60342E+00  116.107  0.53356E+00  114.523  0.46891E+00  112.906  0.37221E+00  110.126  0.27268E+00  106.590  0.18397E+00  102.431  0.10913E+00   97.387  0.76939E-01   94.280
   717.985000  0.75826E+00  119.171  0.71495E+00  118.368  0.63874E+00  116.859  0.59030E+00  115.826  0.52335E+00  114.283  0.46068E+00  112.693  0.36542E+00  109.916  0.26735E+00  106.379  0.18013E+00  102.222  0.10665E+00   97.181  0.75138E-01   94.081
   718.035000  0.74302E+00  118.898  0.70196E+00  118.126  0.62715E+00  116.623  0.57959E+00  115.594  0.51463E+00  114.077  0.45313E+00  112.496  0.35865E+00  109.703  0.26169E+00  106.150  0.17588E+00  101.986  0.10384E+00   96.943  0.73109E-01   93.852
   718.085000  0.72588E+00  118.585  0.68708E+00  117.842  0.61398E+00  116.350  0.56787E+00  115.336  0.50482E+00  113.840  0.44452E+00  112.266  0.35085E+00  109.452  0.25514E+00  105.879  0.17094E+00  101.705  0.10054E+00   96.654  0.70687E-01   93.571
   718.135000  0.70752E+00  118.243  0.67090E+00  117.528  0.59963E+00  116.046  0.55511E+00  115.049  0.49407E+00  113.576  0.43515E+00  112.012  0.34247E+00  109.178  0.24817E+00  105.584  0.16569E+00  101.398  0.96994E-01   96.336  0.68069E-01   93.257
   718.185000  0.69041E+00  117.918  0.65588E+00  117.232  0.58638E+00  115.761  0.54342E+00  114.782  0.48426E+00  113.331  0.42661E+00  111.778  0.33481E+00  108.923  0.24178E+00  105.309  0.16087E+00  101.110  0.93735E-01   96.035  0.65657E-01   92.959
   718.235000  0.67592E+00  117.639  0.64322E+00  116.978  0.57526E+00  115.518  0.53367E+00  114.557  0.47609E+00  113.126  0.41950E+00  111.580  0.32842E+00  108.707  0.23645E+00  105.075  0.15684E+00  100.865  0.91008E-01   95.777  0.63637E-01   92.703
   718.285000  0.66469E+00  117.420  0.63346E+00  116.782  0.56673E+00  115.331  0.52620E+00  114.384  0.46986E+00  112.968  0.41410E+00  111.429  0.32358E+00  108.543  0.23240E+00  104.896  0.15378E+00  100.676  0.88940E-01   95.578  0.62106E-01   92.505
   718.335000  0.65674E+00  117.265  0.62659E+00  116.643  0.56074E+00  115.200  0.52098E+00  114.263  0.46553E+00  112.859  0.41039E+00  111.326  0.32027E+00  108.431  0.22965E+00  104.775  0.15170E+00  100.548  0.87531E-01   95.442  0.61065E-01   92.370
   718.385000  0.65134E+00  117.161  0.62194E+00  116.551  0.55667E+00  115.112  0.51738E+00  114.181  0.46258E+00  112.786  0.40790E+00  111.259  0.31810E+00  108.358  0.22784E+00  104.696  0.15032E+00  100.463  0.86583E-01   95.351  0.60363E-01   92.280
   718.435000  0.64779E+00  117.094  0.61888E+00  116.491  0.55396E+00  115.055  0.51495E+00  114.127  0.46063E+00  112.739  0.40631E+00  111.217  0.31675E+00  108.315  0.22674E+00  104.649  0.14946E+00  100.413  0.85983E-01   95.294  0.59918E-01   92.223
   718.485000  0.64590E+00  117.060  0.61728E+00  116.463  0.55258E+00  115.028  0.51381E+00  114.104  0.45974E+00  112.721  0.40567E+00  111.204  0.31629E+00  108.304  0.22641E+00  104.639  0.14922E+00  100.402  0.85818E-01   95.282  0.59808E-01   92.213
   718.535000  0.64587E+00  117.065  0.61736E+00  116.470  0.55284E+00  115.039  0.51442E+00  114.125  0.46031E+00  112.741  0.40629E+00  111.227  0.31699E+00  108.334  0.22711E+00  104.677  0.14983E+00  100.446  0.86277E-01   95.334  0.60185E-01   92.269
   718.585000  0.64817E+00  117.118  0.61961E+00  116.523  0.55528E+00  115.101  0.51747E+00  114.204  0.46290E+00  112.816  0.40866E+00  111.302  0.31927E+00  108.421  0.22922E+00  104.780  0.15162E+00  100.567  0.87625E-01   95.475  0.61259E-01   92.420
   718.635000  0.65363E+00  117.234  0.62481E+00  116.638  0.56070E+00  115.231  0.52382E+00  114.364  0.46824E+00  112.962  0.41338E+00  111.445  0.32368E+00  108.582  0.23323E+00  104.970  0.15500E+00  100.789  0.90169E-01   95.733  0.63273E-01   92.693
   718.685000  0.66315E+00  117.432  0.63383E+00  116.832  0.56996E+00  115.447  0.53433E+00  114.621  0.47707E+00  113.199  0.42109E+00  111.673  0.33078E+00  108.835  0.23962E+00  105.263  0.16035E+00  101.128  0.94177E-01   96.125  0.66428E-01   93.104
   718.735000  0.67676E+00  117.709  0.64670E+00  117.104  0.58306E+00  115.746  0.54899E+00  114.971  0.48939E+00  113.521  0.43177E+00  111.981  0.34050E+00  109.174  0.24829E+00  105.651  0.16759E+00  101.572  0.99583E-01   96.631  0.70671E-01   93.630
   718.785000  0.69387E+00  118.050  0.66288E+00  117.438  0.59948E+00  116.112  0.56722E+00  115.396  0.50470E+00  113.911  0.44500E+00  112.353  0.35245E+00  109.578  0.25888E+00  106.109  0.17638E+00  102.089  0.10613E+00   97.214  0.75791E-01   94.232
   718.835000  0.71349E+00  118.432  0.68153E+00  117.814  0.61840E+00  116.524  0.58816E+00  115.870  0.52237E+00  114.350  0.46025E+00  112.772  0.36616E+00  110.028  0.27094E+00  106.612  0.18630E+00  102.649  0.11345E+00   97.833  0.81488E-01   94.863
   718.885000  0.73434E+00  118.830  0.70153E+00  118.209  0.63879E+00  116.957  0.61074E+00  116.366  0.54159E+00  114.814  0.47693E+00  113.216  0.38107E+00  110.502  0.28392E+00  107.134  0.19685E+00  103.218  0.12111E+00   98.446  0.87384E-01   95.480
   718.935000  0.75499E+00  119.215  0.72166E+00  118.598  0.65949E+00  117.385  0.63376E+00  116.858  0.56147E+00  115.281  0.49433E+00  113.667  0.39657E+00  110.980  0.29724E+00  107.650  0.20749E+00  103.768  0.12864E+00   99.019  0.93071E-01   96.043
   718.985000  0.77405E+00  119.564  0.74068E+00  118.958  0.67931E+00  117.787  0.65599E+00  117.320  0.58108E+00  115.729  0.51172E+00  114.106  0.41201E+00  111.442  0.31033E+00  108.140  0.21768E+00  104.275  0.13557E+00   99.524  0.98169E-01   96.526
   719.035000  0.79042E+00  119.859  0.75762E+00  119.274  0.69733E+00  118.144  0.67641E+00  117.735  0.59960E+00  116.142  0.52848E+00  114.518  0.42684E+00  111.874  0.32268E+00  108.589  0.22700E+00  104.723  0.14155E+00   99.944  0.10239E+00   96.912
   719.085000  0.80284E+00  120.081  0.77117E+00  119.523  0.71218E+00  118.435  0.69353E+00  118.076  0.61578E+00  116.495  0.54357E+00  114.882  0.44026E+00  112.254  0.33366E+00  108.976  0.23493E+00  105.093  0.14621E+00  100.263  0.10542E+00   97.182
   719.135000  0.81165E+00  120.239  0.78155E+00  119.714  0.72402E+00  118.664  0.70751E+00  118.351  0.62962E+00  116.793  0.55690E+00  115.197  0.45210E+00  112.584  0.34311E+00  109.303  0.24138E+00  105.388  0.14952E+00  100.486  0.10727E+00   97.346
   719.185000  0.81945E+00  120.378  0.79110E+00  119.888  0.73515E+00  118.877  0.72086E+00  118.610  0.64294E+00  117.075  0.56966E+00  115.494  0.46317E+00  112.886  0.35162E+00  109.592  0.24684E+00  105.634  0.15193E+00  100.647  0.10838E+00   97.445
   719.235000  0.82979E+00  120.560  0.80298E+00  120.100  0.74865E+00  119.132  0.73704E+00  118.918  0.65821E+00  117.392  0.58352E+00  115.810  0.47458E+00  113.192  0.36000E+00  109.871  0.25199E+00  105.862  0.15406E+00  100.788  0.10930E+00   97.528
   719.285000  0.84629E+00  120.842  0.82040E+00  120.406  0.76768E+00  119.482  0.75955E+00  119.336  0.67787E+00  117.790  0.59997E+00  116.176  0.48719E+00  113.523  0.36876E+00  110.158  0.25723E+00  106.090  0.15631E+00  100.936  0.11048E+00   97.631
   719.335000  0.87368E+00  121.299  0.84788E+00  120.874  0.79681E+00  120.004  0.79349E+00  119.946  0.70606E+00  118.345  0.62231E+00  116.661  0.50366E+00  113.944  0.38005E+00  110.517  0.26425E+00  106.389  0.15997E+00  101.169  0.11292E+00   97.838
   719.385000  0.91694E+00  121.995  0.89041E+00  121.575  0.84124E+00  120.769  0.84463E+00  120.826  0.74794E+00  119.135  0.65513E+00  117.346  0.52810E+00  114.547  0.39742E+00  111.053  0.27591E+00  106.868  0.16701E+00  101.602  0.11812E+00   98.261
   719.435000  0.97886E+00  122.948  0.95104E+00  122.528  0.90426E+00  121.801  0.91659E+00  121.995  0.80709E+00  120.193  0.70194E+00  118.276  0.56383E+00  115.388  0.42382E+00  111.830  0.29450E+00  107.598  0.17884E+00  102.294  0.12692E+00   98.941
   719.485000  0.10603E+01  124.131  0.10311E+01  123.716  0.98735E+00  123.079  0.10109E+01  123.425  0.88567E+00  121.509  0.76546E+00  119.464  0.61393E+00  116.499  0.46229E+00  112.894  0.32258E+00  108.632  0.19720E+00  103.297  0.14060E+00   99.923
