                                HAZE                                                        HCN 
  473.13 0.2133E-02   135.61  0.1215E-04  0.9718E-05  0.1520E-04  0.1210E-04  0.1220E-04  0.8909E-06  0.7734E-06  0.1026E-05  0.8872E-06  0.8945E-06
  467.70 0.2426E-02   136.94  0.1152E-04  0.9215E-05  0.1441E-04  0.1146E-04  0.1158E-04  0.8246E-06  0.7159E-06  0.9499E-06  0.8204E-06  0.8288E-06
  462.23 0.2759E-02   138.28  0.1096E-04  0.8764E-05  0.1370E-04  0.1089E-04  0.1103E-04  0.7649E-06  0.6640E-06  0.8811E-06  0.7601E-06  0.7697E-06
  456.73 0.3137E-02   139.64  0.1052E-04  0.8416E-05  0.1315E-04  0.1044E-04  0.1060E-04  0.7117E-06  0.6178E-06  0.8198E-06  0.7062E-06  0.7172E-06
  451.19 0.3568E-02   141.01  0.1025E-04  0.8206E-05  0.1282E-04  0.1016E-04  0.1035E-04  0.6656E-06  0.5778E-06  0.7667E-06  0.6592E-06  0.6720E-06
  445.62 0.4058E-02   142.39  0.1018E-04  0.8147E-05  0.1271E-04  0.1006E-04  0.1030E-04  0.6260E-06  0.5435E-06  0.7211E-06  0.6187E-06  0.6335E-06
  440.02 0.4615E-02   143.79  0.1029E-04  0.8242E-05  0.1285E-04  0.1014E-04  0.1044E-04  0.5930E-06  0.5148E-06  0.6831E-06  0.5845E-06  0.6017E-06
  434.38 0.5248E-02   145.20  0.1059E-04  0.8490E-05  0.1321E-04  0.1041E-04  0.1078E-04  0.5664E-06  0.4917E-06  0.6524E-06  0.5566E-06  0.5764E-06
  428.71 0.5968E-02   146.63  0.1108E-04  0.8890E-05  0.1380E-04  0.1085E-04  0.1131E-04  0.5464E-06  0.4743E-06  0.6294E-06  0.5350E-06  0.5580E-06
  423.00 0.6787E-02   148.07  0.1175E-04  0.9450E-05  0.1462E-04  0.1146E-04  0.1205E-04  0.5328E-06  0.4625E-06  0.6137E-06  0.5196E-06  0.5463E-06
  417.26 0.7719E-02   149.52  0.1264E-04  0.1019E-04  0.1568E-04  0.1227E-04  0.1302E-04  0.5261E-06  0.4567E-06  0.6060E-06  0.5108E-06  0.5418E-06
  411.49 0.8779E-02   150.99  0.1376E-04  0.1112E-04  0.1702E-04  0.1329E-04  0.1424E-04  0.5261E-06  0.4567E-06  0.6060E-06  0.5084E-06  0.5444E-06
  405.68 0.9984E-02   152.47  0.1515E-04  0.1230E-04  0.1866E-04  0.1457E-04  0.1576E-04  0.5337E-06  0.4633E-06  0.6148E-06  0.5131E-06  0.5551E-06
  399.84 0.1135E-01   153.97  0.1688E-04  0.1378E-04  0.2067E-04  0.1615E-04  0.1764E-04  0.5494E-06  0.4770E-06  0.6329E-06  0.5256E-06  0.5743E-06
  393.96 0.1291E-01   155.48  0.1901E-04  0.1564E-04  0.2311E-04  0.1810E-04  0.1997E-04  0.5744E-06  0.4986E-06  0.6617E-06  0.5468E-06  0.6034E-06
  388.05 0.1469E-01   157.01  0.2162E-04  0.1794E-04  0.2605E-04  0.2049E-04  0.2281E-04  0.6097E-06  0.5293E-06  0.7023E-06  0.5778E-06  0.6433E-06
  382.11 0.1670E-01   158.55  0.2479E-04  0.2080E-04  0.2956E-04  0.2341E-04  0.2626E-04  0.6559E-06  0.5694E-06  0.7555E-06  0.6192E-06  0.6947E-06
  376.13 0.1899E-01   160.11  0.2858E-04  0.2428E-04  0.3365E-04  0.2691E-04  0.3035E-04  0.7152E-06  0.6209E-06  0.8239E-06  0.6734E-06  0.7597E-06
  370.11 0.2160E-01   161.68  0.3302E-04  0.2845E-04  0.3832E-04  0.3104E-04  0.3512E-04  0.7883E-06  0.6843E-06  0.9080E-06  0.7411E-06  0.8385E-06
  364.07 0.2457E-01   163.27  0.3807E-04  0.3333E-04  0.4348E-04  0.3579E-04  0.4049E-04  0.8755E-06  0.7601E-06  0.1009E-05  0.8231E-06  0.9312E-06
  357.99 0.2794E-01   164.87  0.4367E-04  0.3888E-04  0.4904E-04  0.4112E-04  0.4637E-04  0.9769E-06  0.8481E-06  0.1125E-05  0.9199E-06  0.1037E-05
  351.87 0.3177E-01   166.49  0.4967E-04  0.4500E-04  0.5481E-04  0.4692E-04  0.5257E-04  0.1090E-05  0.9466E-06  0.1256E-05  0.1030E-05  0.1154E-05
  345.72 0.3613E-01   168.12  0.5594E-04  0.5157E-04  0.6068E-04  0.5310E-04  0.5894E-04  0.1212E-05  0.1052E-05  0.1396E-05  0.1150E-05  0.1277E-05
  339.54 0.4109E-01   169.77  0.6246E-04  0.5852E-04  0.6666E-04  0.5963E-04  0.6541E-04  0.1337E-05  0.1160E-05  0.1540E-05  0.1276E-05  0.1400E-05
  333.32 0.4673E-01   171.44  0.6927E-04  0.6583E-04  0.7289E-04  0.6658E-04  0.7207E-04  0.1455E-05  0.1263E-05  0.1675E-05  0.1398E-05  0.1513E-05
  327.06 0.5315E-01   173.12  0.7652E-04  0.7354E-04  0.7963E-04  0.7406E-04  0.7908E-04  0.1558E-05  0.1352E-05  0.1794E-05  0.1507E-05  0.1610E-05
  320.78 0.6044E-01   174.82  0.8443E-04  0.8172E-04  0.8723E-04  0.8222E-04  0.8670E-04  0.1636E-05  0.1421E-05  0.1885E-05  0.1594E-05  0.1680E-05
  314.46 0.6874E-01   176.50  0.9314E-04  0.9045E-04  0.9591E-04  0.9114E-04  0.9518E-04  0.1684E-05  0.1462E-05  0.1940E-05  0.1648E-05  0.1721E-05
  308.11 0.7817E-01   178.11  0.1027E-03  0.9982E-04  0.1057E-03  0.1008E-03  0.1047E-03  0.1696E-05  0.1473E-05  0.1954E-05  0.1664E-05  0.1729E-05
  301.73 0.8891E-01   179.64  0.1131E-03  0.1100E-03  0.1163E-03  0.1111E-03  0.1152E-03  0.1675E-05  0.1454E-05  0.1929E-05  0.1644E-05  0.1705E-05
  295.32 0.1011E+00   181.01  0.1243E-03  0.1210E-03  0.1278E-03  0.1221E-03  0.1266E-03  0.1622E-05  0.1408E-05  0.1868E-05  0.1592E-05  0.1652E-05
  288.91 0.1150E+00   182.10  0.1363E-03  0.1329E-03  0.1399E-03  0.1338E-03  0.1389E-03  0.1545E-05  0.1342E-05  0.1780E-05  0.1517E-05  0.1575E-05
  282.49 0.1308E+00   182.72  0.1492E-03  0.1458E-03  0.1527E-03  0.1465E-03  0.1519E-03  0.1455E-05  0.1263E-05  0.1676E-05  0.1428E-05  0.1482E-05
  276.08 0.1487E+00   183.04  0.1630E-03  0.1597E-03  0.1663E-03  0.1601E-03  0.1658E-03  0.1356E-05  0.1177E-05  0.1562E-05  0.1332E-05  0.1380E-05
  269.70 0.1691E+00   183.00  0.1772E-03  0.1741E-03  0.1804E-03  0.1744E-03  0.1801E-03  0.1256E-05  0.1090E-05  0.1447E-05  0.1236E-05  0.1276E-05
  263.35 0.1924E+00   182.49  0.1918E-03  0.1888E-03  0.1947E-03  0.1890E-03  0.1946E-03  0.1160E-05  0.1007E-05  0.1336E-05  0.1143E-05  0.1177E-05
  257.06 0.2188E+00   181.79  0.2069E-03  0.2040E-03  0.2098E-03  0.2042E-03  0.2096E-03  0.1069E-05  0.9280E-06  0.1231E-05  0.1055E-05  0.1083E-05
  250.81 0.2488E+00   180.91  0.2235E-03  0.2206E-03  0.2265E-03  0.2208E-03  0.2263E-03  0.9855E-06  0.8555E-06  0.1135E-05  0.9734E-06  0.9976E-06
  244.63 0.2829E+00   179.92  0.2434E-03  0.2403E-03  0.2466E-03  0.2406E-03  0.2463E-03  0.9092E-06  0.7893E-06  0.1047E-05  0.8986E-06  0.9199E-06
  238.52 0.3218E+00   178.73  0.2681E-03  0.2648E-03  0.2715E-03  0.2651E-03  0.2712E-03  0.8412E-06  0.7302E-06  0.9690E-06  0.8317E-06  0.8508E-06
  232.47 0.3659E+00   177.33  0.2985E-03  0.2950E-03  0.3021E-03  0.2953E-03  0.3018E-03  0.7812E-06  0.6782E-06  0.8999E-06  0.7726E-06  0.7898E-06
  226.50 0.4162E+00   175.88  0.3322E-03  0.3284E-03  0.3361E-03  0.3287E-03  0.3358E-03  0.7302E-06  0.6339E-06  0.8411E-06  0.7225E-06  0.7380E-06
  220.60 0.4733E+00   174.43  0.3652E-03  0.3611E-03  0.3693E-03  0.3615E-03  0.3690E-03  0.6875E-06  0.5968E-06  0.7919E-06  0.6805E-06  0.6946E-06
  214.77 0.5382E+00   172.99  0.3919E-03  0.3876E-03  0.3962E-03  0.3880E-03  0.3959E-03  0.6536E-06  0.5674E-06  0.7529E-06  0.6471E-06  0.6602E-06
  209.02 0.6121E+00   171.33  0.4110E-03  0.4065E-03  0.4155E-03  0.4069E-03  0.4151E-03  0.6287E-06  0.5458E-06  0.7242E-06  0.6225E-06  0.6350E-06
  203.35 0.6962E+00   169.72  0.4270E-03  0.4224E-03  0.4317E-03  0.4227E-03  0.4313E-03  0.6125E-06  0.5317E-06  0.7055E-06  0.6064E-06  0.6186E-06
  197.75 0.7917E+00   168.17  0.4481E-03  0.4432E-03  0.4530E-03  0.4436E-03  0.4526E-03  0.6039E-06  0.5243E-06  0.6956E-06  0.5979E-06  0.6099E-06
  192.23 0.9004E+00   166.63  0.4827E-03  0.4776E-03  0.4879E-03  0.4780E-03  0.4875E-03  0.6016E-06  0.5222E-06  0.6930E-06  0.5957E-06  0.6075E-06
  186.78 0.1024E+01   165.09  0.5347E-03  0.5291E-03  0.5403E-03  0.5296E-03  0.5398E-03  0.6012E-06  0.5219E-06  0.6925E-06  0.5955E-06  0.6069E-06
  181.40 0.1165E+01   163.56  0.6012E-03  0.5951E-03  0.6073E-03  0.5956E-03  0.6068E-03  0.5995E-06  0.5204E-06  0.6906E-06  0.5939E-06  0.6051E-06
  176.09 0.1324E+01   162.00  0.6725E-03  0.6659E-03  0.6793E-03  0.6663E-03  0.6788E-03  0.5911E-06  0.5131E-06  0.6809E-06  0.5856E-06  0.5966E-06
  170.85 0.1506E+01   160.40  0.7345E-03  0.7272E-03  0.7419E-03  0.7276E-03  0.7415E-03  0.5731E-06  0.4975E-06  0.6601E-06  0.5677E-06  0.5785E-06
  165.69 0.1713E+01   158.79  0.7810E-03  0.7729E-03  0.7891E-03  0.7734E-03  0.7886E-03  0.5414E-06  0.4700E-06  0.6236E-06  0.5361E-06  0.5466E-06
  160.60 0.1948E+01   157.21  0.8190E-03  0.8103E-03  0.8279E-03  0.8110E-03  0.8271E-03  0.4943E-06  0.4291E-06  0.5694E-06  0.4895E-06  0.4992E-06
  155.57 0.2215E+01   155.82  0.8651E-03  0.8556E-03  0.8747E-03  0.8567E-03  0.8736E-03  0.4348E-06  0.3775E-06  0.5009E-06  0.4306E-06  0.4391E-06
  150.60 0.2519E+01   154.51  0.9362E-03  0.9260E-03  0.9465E-03  0.9273E-03  0.9453E-03  0.3685E-06  0.3199E-06  0.4244E-06  0.3649E-06  0.3720E-06
  145.70 0.2865E+01   153.16  0.1040E-02  0.1029E-02  0.1051E-02  0.1030E-02  0.1050E-02  0.3023E-06  0.2624E-06  0.3482E-06  0.2994E-06  0.3052E-06
  140.85 0.3259E+01   151.59  0.1167E-02  0.1154E-02  0.1180E-02  0.1155E-02  0.1179E-02  0.2425E-06  0.2105E-06  0.2793E-06  0.2400E-06  0.2450E-06
  136.08 0.3706E+01   149.81  0.1285E-02  0.1270E-02  0.1301E-02  0.1270E-02  0.1300E-02  0.1919E-06  0.1666E-06  0.2211E-06  0.1897E-06  0.1941E-06
  131.39 0.4215E+01   147.64  0.1350E-02  0.1331E-02  0.1369E-02  0.1333E-02  0.1367E-02  0.1520E-06  0.1320E-06  0.1751E-06  0.1501E-06  0.1540E-06
  126.78 0.4793E+01   145.84  0.1332E-02  0.1311E-02  0.1354E-02  0.1314E-02  0.1350E-02  0.1220E-06  0.1059E-06  0.1405E-06  0.1203E-06  0.1236E-06
  122.23 0.5451E+01   144.15  0.1240E-02  0.1218E-02  0.1262E-02  0.1223E-02  0.1257E-02  0.1005E-06  0.8723E-07  0.1157E-06  0.9911E-07  0.1019E-06
  117.76 0.6199E+01   142.34  0.1116E-02  0.1096E-02  0.1137E-02  0.1101E-02  0.1131E-02  0.8612E-07  0.7476E-07  0.9920E-07  0.8497E-07  0.8728E-07
  113.36 0.7050E+01   140.53  0.1008E-02  0.9908E-03  0.1025E-02  0.9947E-03  0.1021E-02  0.7469E-07  0.6484E-07  0.8604E-07  0.7372E-07  0.7567E-07
  109.02 0.8018E+01   138.80  0.9483E-03  0.9336E-03  0.9632E-03  0.9351E-03  0.9616E-03  0.6566E-07  0.5700E-07  0.7564E-07  0.6475E-07  0.6659E-07
  104.75 0.9118E+01   137.78  0.9555E-03  0.9390E-03  0.9724E-03  0.9394E-03  0.9720E-03  0.5838E-07  0.5068E-07  0.6725E-07  0.5740E-07  0.5938E-07
  102.31 0.9816E+01   137.22  0.9942E-03  0.9731E-03  0.1016E-02  0.9749E-03  0.1014E-02  0.5478E-07  0.4756E-07  0.6311E-07  0.5372E-07  0.5587E-07
