Wavenumber	NESR 0.53 cm-1
17.97255	1.77660E-08
18.14537	1.74837E-08
18.31818	1.72096E-08
18.49099	1.69442E-08
18.66381	1.66876E-08
18.83662	1.64399E-08
19.00943	1.62013E-08
19.18225	1.59718E-08
19.35506	1.57513E-08
19.52787	1.55400E-08
19.70068	1.53376E-08
19.87350	1.51440E-08
20.04631	1.49591E-08
20.21912	1.47827E-08
20.39194	1.46147E-08
20.56475	1.44549E-08
20.73756	1.43032E-08
20.91038	1.41593E-08
21.08319	1.40229E-08
21.25600	1.38940E-08
21.42881	1.37721E-08
21.60163	1.36574E-08
21.77444	1.35493E-08
21.94725	1.34479E-08
22.12007	1.33528E-08
22.29288	1.32638E-08
22.46569	1.31808E-08
22.63851	1.31035E-08
22.81132	1.30316E-08
22.98413	1.29651E-08
23.15695	1.29038E-08
23.32976	1.28474E-08
23.50257	1.27958E-08
23.67538	1.27487E-08
23.84820	1.27059E-08
24.02101	1.26673E-08
24.19382	1.26327E-08
24.36664	1.26019E-08
24.53945	1.25748E-08
24.71226	1.25510E-08
24.88508	1.25305E-08
25.05789	1.25131E-08
25.23070	1.24986E-08
25.40351	1.24867E-08
25.57633	1.24774E-08
25.74914	1.24705E-08
25.92195	1.24658E-08
26.09477	1.24630E-08
26.26758	1.24621E-08
26.44039	1.24629E-08
26.61321	1.24652E-08
26.78602	1.24688E-08
26.95883	1.24735E-08
27.13164	1.24793E-08
27.30446	1.24859E-08
27.47727	1.24931E-08
27.65008	1.25008E-08
27.82290	1.25090E-08
27.99571	1.25173E-08
28.16852	1.25257E-08
28.34134	1.25340E-08
28.51415	1.25421E-08
28.68696	1.25498E-08
28.85977	1.25572E-08
29.03259	1.25639E-08
29.20540	1.25699E-08
29.37821	1.25752E-08
29.55103	1.25796E-08
29.72384	1.25830E-08
29.89665	1.25854E-08
30.06947	1.25867E-08
30.24228	1.25868E-08
30.41509	1.25856E-08
30.58790	1.25832E-08
30.76072	1.25794E-08
30.93353	1.25744E-08
31.10634	1.25679E-08
31.27916	1.25601E-08
31.45197	1.25510E-08
31.62478	1.25404E-08
31.79760	1.25286E-08
31.97041	1.25153E-08
32.14322	1.25008E-08
32.31604	1.24850E-08
32.48885	1.24681E-08
32.66166	1.24499E-08
32.83447	1.24306E-08
33.00729	1.24103E-08
33.18010	1.23890E-08
33.35291	1.23667E-08
33.52573	1.23435E-08
33.69854	1.23196E-08
33.87135	1.22950E-08
34.04417	1.22697E-08
34.21698	1.22438E-08
34.38979	1.22175E-08
34.56260	1.21908E-08
34.73542	1.21638E-08
34.90823	1.21364E-08
35.08104	1.21090E-08
35.25386	1.20815E-08
35.42667	1.20540E-08
35.59948	1.20266E-08
35.77230	1.19992E-08
35.94511	1.19721E-08
36.11792	1.19453E-08
36.29073	1.19189E-08
36.46355	1.18929E-08
36.63636	1.18674E-08
36.80917	1.18423E-08
36.98199	1.18179E-08
37.15480	1.17941E-08
37.32761	1.17710E-08
37.50043	1.17486E-08
37.67324	1.17270E-08
37.84605	1.17062E-08
38.01886	1.16862E-08
38.19168	1.16671E-08
38.36449	1.16488E-08
38.53730	1.16315E-08
38.71012	1.16151E-08
38.88293	1.15997E-08
39.05574	1.15852E-08
39.22856	1.15716E-08
39.40137	1.15590E-08
39.57418	1.15474E-08
39.74699	1.15367E-08
39.91981	1.15270E-08
40.09262	1.15182E-08
40.26543	1.15104E-08
40.43825	1.15034E-08
40.61106	1.14973E-08
40.78387	1.14922E-08
40.95669	1.14878E-08
41.12950	1.14843E-08
41.30231	1.14816E-08
41.47513	1.14797E-08
41.64794	1.14785E-08
41.82075	1.14780E-08
41.99356	1.14782E-08
42.16638	1.14790E-08
42.33919	1.14803E-08
42.51200	1.14822E-08
42.68482	1.14847E-08
42.85763	1.14875E-08
43.03044	1.14908E-08
43.20326	1.14945E-08
43.37607	1.14985E-08
43.54888	1.15028E-08
43.72169	1.15073E-08
43.89451	1.15119E-08
44.06732	1.15168E-08
44.24013	1.15217E-08
44.41295	1.15268E-08
44.58576	1.15319E-08
44.75857	1.15369E-08
44.93139	1.15419E-08
45.10420	1.15468E-08
45.27701	1.15516E-08
45.44982	1.15562E-08
45.62264	1.15607E-08
45.79545	1.15648E-08
45.96826	1.15688E-08
46.14108	1.15725E-08
46.31389	1.15759E-08
46.48670	1.15789E-08
46.65952	1.15817E-08
46.83233	1.15840E-08
47.00514	1.15860E-08
47.17795	1.15876E-08
47.35077	1.15889E-08
47.52358	1.15897E-08
47.69639	1.15901E-08
47.86921	1.15901E-08
48.04202	1.15898E-08
48.21483	1.15890E-08
48.38765	1.15878E-08
48.56046	1.15863E-08
48.73327	1.15843E-08
48.90608	1.15821E-08
49.07890	1.15794E-08
49.25171	1.15765E-08
49.42452	1.15732E-08
49.59734	1.15696E-08
49.77015	1.15658E-08
49.94296	1.15616E-08
50.11578	1.15573E-08
50.28859	1.15527E-08
50.46140	1.15480E-08
50.63422	1.15431E-08
50.80703	1.15380E-08
50.97984	1.15328E-08
51.15265	1.15276E-08
51.32547	1.15223E-08
51.49828	1.15170E-08
51.67109	1.15116E-08
51.84391	1.15063E-08
52.01672	1.15010E-08
52.18953	1.14958E-08
52.36235	1.14907E-08
52.53516	1.14857E-08
52.70797	1.14809E-08
52.88078	1.14762E-08
53.05360	1.14717E-08
53.22641	1.14674E-08
53.39922	1.14633E-08
53.57204	1.14595E-08
53.74485	1.14559E-08
53.91766	1.14526E-08
54.09048	1.14496E-08
54.26329	1.14469E-08
54.43610	1.14445E-08
54.60891	1.14424E-08
54.78173	1.14407E-08
54.95454	1.14392E-08
55.12735	1.14381E-08
55.30017	1.14373E-08
55.47298	1.14369E-08
55.64579	1.14368E-08
55.81861	1.14370E-08
55.99142	1.14377E-08
56.16423	1.14385E-08
56.33704	1.14398E-08
56.50986	1.14413E-08
56.68267	1.14432E-08
56.85548	1.14453E-08
57.02830	1.14478E-08
57.20111	1.14505E-08
57.37392	1.14534E-08
57.54674	1.14566E-08
57.71955	1.14601E-08
57.89236	1.14637E-08
58.06517	1.14675E-08
58.23799	1.14715E-08
58.41080	1.14756E-08
58.58361	1.14799E-08
58.75643	1.14843E-08
58.92924	1.14888E-08
59.10205	1.14933E-08
59.27487	1.14979E-08
59.44768	1.15025E-08
59.62049	1.15072E-08
59.79331	1.15118E-08
59.96612	1.15163E-08
60.13893	1.15209E-08
60.31174	1.15253E-08
60.48456	1.15297E-08
60.65737	1.15339E-08
60.83018	1.15380E-08
61.00300	1.15419E-08
61.17581	1.15458E-08
61.34862	1.15494E-08
61.52144	1.15529E-08
61.69425	1.15560E-08
61.86706	1.15591E-08
62.03987	1.15618E-08
62.21269	1.15644E-08
62.38550	1.15667E-08
62.55831	1.15688E-08
62.73113	1.15706E-08
62.90394	1.15721E-08
63.07675	1.15733E-08
63.24957	1.15744E-08
63.42238	1.15751E-08
63.59519	1.15757E-08
63.76800	1.15759E-08
63.94082	1.15758E-08
64.11363	1.15755E-08
64.28644	1.15750E-08
64.45926	1.15743E-08
64.63207	1.15733E-08
64.80488	1.15720E-08
64.97770	1.15706E-08
65.15051	1.15690E-08
65.32332	1.15672E-08
65.49613	1.15652E-08
65.66895	1.15631E-08
65.84176	1.15608E-08
66.01457	1.15583E-08
66.18739	1.15558E-08
66.36020	1.15531E-08
66.53301	1.15504E-08
66.70583	1.15475E-08
66.87864	1.15447E-08
67.05145	1.15417E-08
67.22426	1.15388E-08
67.39708	1.15358E-08
67.56989	1.15328E-08
67.74270	1.15298E-08
67.91552	1.15269E-08
68.08833	1.15240E-08
68.26114	1.15211E-08
68.43396	1.15183E-08
68.60677	1.15156E-08
68.77958	1.15129E-08
68.95240	1.15103E-08
69.12521	1.15078E-08
69.29802	1.15055E-08
69.47083	1.15033E-08
69.64365	1.15012E-08
69.81646	1.14992E-08
69.98927	1.14974E-08
70.16209	1.14957E-08
70.33490	1.14942E-08
70.50771	1.14928E-08
70.68053	1.14916E-08
70.85334	1.14905E-08
71.02615	1.14895E-08
71.19896	1.14887E-08
71.37178	1.14881E-08
71.54459	1.14875E-08
71.71740	1.14872E-08
71.89022	1.14869E-08
72.06303	1.14868E-08
72.23584	1.14869E-08
72.40866	1.14870E-08
72.58147	1.14872E-08
72.75428	1.14875E-08
72.92709	1.14880E-08
73.09991	1.14884E-08
73.27272	1.14890E-08
73.44553	1.14896E-08
73.61835	1.14903E-08
73.79116	1.14909E-08
73.96397	1.14916E-08
74.13679	1.14923E-08
74.30960	1.14930E-08
74.48241	1.14938E-08
74.65522	1.14944E-08
74.82804	1.14950E-08
75.00085	1.14956E-08
75.17366	1.14961E-08
75.34648	1.14965E-08
75.51929	1.14969E-08
75.69210	1.14971E-08
75.86492	1.14972E-08
76.03773	1.14972E-08
76.21054	1.14971E-08
76.38335	1.14968E-08
76.55617	1.14963E-08
76.72898	1.14958E-08
76.90179	1.14950E-08
77.07461	1.14940E-08
77.24742	1.14929E-08
77.42023	1.14916E-08
77.59305	1.14901E-08
77.76586	1.14884E-08
77.93867	1.14865E-08
78.11149	1.14844E-08
78.28430	1.14821E-08
78.45711	1.14796E-08
78.62992	1.14769E-08
78.80274	1.14740E-08
78.97555	1.14709E-08
79.14836	1.14676E-08
79.32118	1.14641E-08
79.49399	1.14605E-08
79.66680	1.14566E-08
79.83962	1.14526E-08
80.01243	1.14483E-08
80.18524	1.14440E-08
80.35805	1.14395E-08
80.53087	1.14348E-08
80.70368	1.14300E-08
80.87649	1.14251E-08
81.04931	1.14201E-08
81.22212	1.14149E-08
81.39493	1.14096E-08
81.56775	1.14043E-08
81.74056	1.13988E-08
81.91337	1.13933E-08
82.08618	1.13877E-08
82.25900	1.13821E-08
82.43181	1.13765E-08
82.60462	1.13707E-08
82.77744	1.13650E-08
82.95025	1.13593E-08
83.12306	1.13535E-08
83.29588	1.13478E-08
83.46869	1.13421E-08
83.64150	1.13364E-08
83.81431	1.13307E-08
83.98713	1.13250E-08
84.15994	1.13195E-08
84.33275	1.13139E-08
84.50557	1.13084E-08
84.67838	1.13029E-08
84.85119	1.12976E-08
85.02401	1.12923E-08
85.19682	1.12869E-08
85.36963	1.12818E-08
85.54244	1.12766E-08
85.71526	1.12716E-08
85.88807	1.12666E-08
86.06088	1.12616E-08
86.23370	1.12567E-08
86.40651	1.12520E-08
86.57932	1.12472E-08
86.75214	1.12425E-08
86.92495	1.12379E-08
87.09776	1.12333E-08
87.27058	1.12288E-08
87.44339	1.12243E-08
87.61620	1.12198E-08
87.78901	1.12154E-08
87.96183	1.12110E-08
88.13464	1.12066E-08
88.30745	1.12022E-08
88.48027	1.11979E-08
88.65308	1.11934E-08
88.82589	1.11891E-08
88.99871	1.11846E-08
89.17152	1.11801E-08
89.34433	1.11756E-08
89.51714	1.11710E-08
89.68996	1.11663E-08
89.86277	1.11617E-08
90.03558	1.11569E-08
90.20840	1.11520E-08
90.38121	1.11470E-08
90.55402	1.11420E-08
90.72684	1.11368E-08
90.89965	1.11315E-08
91.07246	1.11261E-08
91.24527	1.11206E-08
91.41809	1.11149E-08
91.59090	1.11091E-08
91.76371	1.11031E-08
91.93653	1.10971E-08
92.10934	1.10908E-08
92.28215	1.10843E-08
92.45497	1.10778E-08
92.62778	1.10710E-08
92.80059	1.10641E-08
92.97340	1.10571E-08
93.14622	1.10498E-08
93.31903	1.10424E-08
93.49184	1.10349E-08
93.66466	1.10272E-08
93.83747	1.10193E-08
94.01028	1.10113E-08
94.18310	1.10032E-08
94.35591	1.09948E-08
94.52872	1.09864E-08
94.70153	1.09778E-08
94.87435	1.09691E-08
95.04716	1.09603E-08
95.21997	1.09513E-08
95.39279	1.09423E-08
95.56560	1.09332E-08
95.73841	1.09241E-08
95.91123	1.09148E-08
96.08404	1.09054E-08
96.25685	1.08960E-08
96.42967	1.08865E-08
96.60248	1.08771E-08
96.77529	1.08676E-08
96.94810	1.08580E-08
97.12092	1.08485E-08
97.29373	1.08390E-08
97.46654	1.08295E-08
97.63936	1.08200E-08
97.81217	1.08107E-08
97.98498	1.08012E-08
98.15780	1.07919E-08
98.33061	1.07827E-08
98.50342	1.07735E-08
98.67623	1.07644E-08
98.84905	1.07554E-08
99.02186	1.07465E-08
99.19467	1.07377E-08
99.36749	1.07290E-08
99.54030	1.07204E-08
99.71311	1.07120E-08
99.88593	1.07037E-08
100.05874	1.06955E-08
100.23155	1.06874E-08
100.40436	1.06795E-08
100.57718	1.06717E-08
100.74999	1.06641E-08
100.92280	1.06566E-08
101.09562	1.06493E-08
101.26843	1.06421E-08
101.44124	1.06350E-08
101.61406	1.06282E-08
101.78687	1.06215E-08
101.95968	1.06148E-08
102.13249	1.06084E-08
102.30531	1.06021E-08
102.47812	1.05959E-08
102.65093	1.05899E-08
102.82375	1.05839E-08
102.99656	1.05781E-08
103.16937	1.05724E-08
103.34219	1.05668E-08
103.51500	1.05614E-08
103.68781	1.05560E-08
103.86062	1.05506E-08
104.03344	1.05454E-08
104.20625	1.05403E-08
104.37906	1.05353E-08
104.55188	1.05302E-08
104.72469	1.05253E-08
104.89750	1.05203E-08
105.07032	1.05154E-08
105.24313	1.05105E-08
105.41594	1.05056E-08
105.58876	1.05008E-08
105.76157	1.04959E-08
105.93438	1.04910E-08
106.10719	1.04861E-08
106.28001	1.04812E-08
106.45282	1.04763E-08
106.62563	1.04713E-08
106.79845	1.04662E-08
106.97126	1.04611E-08
107.14407	1.04560E-08
107.31689	1.04508E-08
107.48970	1.04455E-08
107.66251	1.04400E-08
107.83532	1.04346E-08
108.00814	1.04290E-08
108.18095	1.04234E-08
108.35376	1.04176E-08
108.52658	1.04118E-08
108.69939	1.04058E-08
108.87220	1.03998E-08
109.04502	1.03937E-08
109.21783	1.03875E-08
109.39064	1.03812E-08
109.56345	1.03747E-08
109.73627	1.03682E-08
109.90908	1.03616E-08
110.08189	1.03549E-08
110.25471	1.03481E-08
110.42752	1.03412E-08
110.60033	1.03342E-08
110.77315	1.03272E-08
110.94596	1.03201E-08
111.11877	1.03129E-08
111.29158	1.03057E-08
111.46440	1.02984E-08
111.63721	1.02910E-08
111.81002	1.02836E-08
111.98284	1.02762E-08
112.15565	1.02687E-08
112.32846	1.02612E-08
112.50128	1.02537E-08
112.67409	1.02463E-08
112.84690	1.02388E-08
113.01972	1.02313E-08
113.19253	1.02239E-08
113.36534	1.02165E-08
113.53815	1.02091E-08
113.71097	1.02019E-08
113.88378	1.01946E-08
114.05659	1.01875E-08
114.22941	1.01804E-08
114.40222	1.01734E-08
114.57503	1.01665E-08
114.74785	1.01597E-08
114.92066	1.01529E-08
115.09347	1.01463E-08
115.26628	1.01398E-08
115.43910	1.01335E-08
115.61191	1.01273E-08
115.78472	1.01212E-08
115.95754	1.01152E-08
116.13035	1.01094E-08
116.30316	1.01038E-08
116.47598	1.00983E-08
116.64879	1.00930E-08
116.82160	1.00878E-08
116.99441	1.00828E-08
117.16723	1.00779E-08
117.34004	1.00733E-08
117.51285	1.00688E-08
117.68567	1.00645E-08
117.85848	1.00604E-08
118.03129	1.00565E-08
118.20411	1.00528E-08
118.37692	1.00492E-08
118.54973	1.00458E-08
118.72254	1.00426E-08
118.89536	1.00396E-08
119.06817	1.00367E-08
119.24098	1.00341E-08
119.41380	1.00316E-08
119.58661	1.00292E-08
119.75942	1.00271E-08
119.93224	1.00251E-08
120.10505	1.00234E-08
120.27786	1.00217E-08
120.45067	1.00203E-08
120.62349	1.00190E-08
120.79630	1.00178E-08
120.96911	1.00169E-08
121.14193	1.00161E-08
121.31474	1.00154E-08
121.48755	1.00149E-08
121.66037	1.00145E-08
121.83318	1.00143E-08
122.00599	1.00143E-08
122.17881	1.00143E-08
122.35162	1.00146E-08
122.52443	1.00149E-08
122.69724	1.00154E-08
122.87006	1.00160E-08
123.04287	1.00168E-08
123.21568	1.00176E-08
123.38850	1.00187E-08
123.56131	1.00198E-08
123.73412	1.00211E-08
123.90694	1.00225E-08
124.07975	1.00240E-08
124.25256	1.00257E-08
124.42537	1.00275E-08
124.59819	1.00294E-08
124.77100	1.00315E-08
124.94381	1.00336E-08
125.11663	1.00360E-08
125.28944	1.00385E-08
125.46225	1.00411E-08
125.63507	1.00438E-08
125.80788	1.00467E-08
125.98069	1.00497E-08
126.15350	1.00528E-08
126.32632	1.00562E-08
126.49913	1.00596E-08
126.67194	1.00633E-08
126.84476	1.00671E-08
127.01757	1.00710E-08
127.19038	1.00751E-08
127.36320	1.00795E-08
127.53601	1.00839E-08
127.70882	1.00886E-08
127.88163	1.00934E-08
128.05445	1.00985E-08
128.22726	1.01037E-08
128.40007	1.01091E-08
128.57289	1.01146E-08
128.74570	1.01204E-08
128.91851	1.01265E-08
129.09133	1.01327E-08
129.26414	1.01391E-08
129.43695	1.01458E-08
129.60976	1.01526E-08
129.78258	1.01596E-08
129.95539	1.01669E-08
130.12820	1.01743E-08
130.30102	1.01820E-08
130.47383	1.01899E-08
130.64664	1.01981E-08
130.81946	1.02064E-08
130.99227	1.02150E-08
131.16508	1.02237E-08
131.33790	1.02328E-08
131.51071	1.02420E-08
131.68352	1.02514E-08
131.85633	1.02611E-08
132.02915	1.02710E-08
132.20196	1.02810E-08
132.37477	1.02913E-08
132.54759	1.03018E-08
132.72040	1.03125E-08
132.89321	1.03234E-08
133.06603	1.03344E-08
133.23884	1.03456E-08
133.41165	1.03570E-08
133.58446	1.03686E-08
133.75728	1.03803E-08
133.93009	1.03922E-08
134.10290	1.04042E-08
134.27572	1.04164E-08
134.44853	1.04287E-08
134.62134	1.04410E-08
134.79416	1.04536E-08
134.96697	1.04662E-08
135.13978	1.04789E-08
135.31259	1.04918E-08
135.48541	1.05046E-08
135.65822	1.05176E-08
135.83103	1.05306E-08
136.00385	1.05437E-08
136.17666	1.05568E-08
136.34947	1.05699E-08
136.52229	1.05831E-08
136.69510	1.05963E-08
136.86791	1.06095E-08
137.04072	1.06226E-08
137.21354	1.06358E-08
137.38635	1.06490E-08
137.55916	1.06621E-08
137.73198	1.06753E-08
137.90479	1.06884E-08
138.07760	1.07014E-08
138.25042	1.07144E-08
138.42323	1.07273E-08
138.59604	1.07402E-08
138.76885	1.07530E-08
138.94167	1.07657E-08
139.11448	1.07784E-08
139.28729	1.07911E-08
139.46011	1.08036E-08
139.63292	1.08161E-08
139.80573	1.08284E-08
139.97855	1.08407E-08
140.15136	1.08530E-08
140.32417	1.08651E-08
140.49699	1.08772E-08
140.66980	1.08891E-08
140.84261	1.09010E-08
141.01542	1.09129E-08
141.18824	1.09247E-08
141.36105	1.09364E-08
141.53386	1.09482E-08
141.70668	1.09599E-08
141.87949	1.09714E-08
142.05230	1.09830E-08
142.22512	1.09947E-08
142.39793	1.10062E-08
142.57074	1.10178E-08
142.74355	1.10294E-08
142.91637	1.10409E-08
143.08918	1.10525E-08
143.26199	1.10642E-08
143.43481	1.10759E-08
143.60762	1.10876E-08
143.78043	1.10994E-08
143.95325	1.11113E-08
144.12606	1.11233E-08
144.29887	1.11353E-08
144.47168	1.11475E-08
144.64450	1.11597E-08
144.81731	1.11722E-08
144.99012	1.11847E-08
145.16294	1.11974E-08
145.33575	1.12102E-08
145.50856	1.12232E-08
145.68138	1.12363E-08
145.85419	1.12497E-08
146.02700	1.12631E-08
146.19981	1.12769E-08
146.37263	1.12907E-08
146.54544	1.13049E-08
146.71825	1.13192E-08
146.89107	1.13338E-08
147.06388	1.13486E-08
147.23669	1.13636E-08
147.40951	1.13788E-08
147.58232	1.13943E-08
147.75513	1.14100E-08
147.92794	1.14259E-08
148.10076	1.14421E-08
148.27357	1.14585E-08
148.44638	1.14752E-08
148.61920	1.14921E-08
148.79201	1.15092E-08
148.96482	1.15266E-08
149.13764	1.15443E-08
149.31045	1.15620E-08
149.48326	1.15801E-08
149.65608	1.15985E-08
149.82889	1.16169E-08
150.00170	1.16356E-08
150.17451	1.16545E-08
150.34733	1.16736E-08
150.52014	1.16929E-08
150.69295	1.17124E-08
150.86577	1.17320E-08
151.03858	1.17518E-08
151.21139	1.17717E-08
151.38421	1.17918E-08
151.55702	1.18120E-08
151.72983	1.18323E-08
151.90264	1.18528E-08
152.07546	1.18733E-08
152.24827	1.18940E-08
152.42108	1.19147E-08
152.59390	1.19355E-08
152.76671	1.19563E-08
152.93952	1.19772E-08
153.11234	1.19982E-08
153.28515	1.20192E-08
153.45796	1.20401E-08
153.63077	1.20611E-08
153.80359	1.20821E-08
153.97640	1.21031E-08
154.14921	1.21241E-08
154.32203	1.21451E-08
154.49484	1.21660E-08
154.66765	1.21868E-08
154.84047	1.22077E-08
155.01328	1.22285E-08
155.18609	1.22492E-08
155.35890	1.22699E-08
155.53172	1.22905E-08
155.70453	1.23111E-08
155.87734	1.23316E-08
156.05016	1.23519E-08
156.22297	1.23724E-08
156.39578	1.23926E-08
156.56860	1.24129E-08
156.74141	1.24331E-08
156.91422	1.24532E-08
157.08703	1.24732E-08
157.25985	1.24932E-08
157.43266	1.25132E-08
157.60547	1.25331E-08
157.77829	1.25530E-08
157.95110	1.25729E-08
158.12391	1.25927E-08
158.29673	1.26127E-08
158.46954	1.26325E-08
158.64235	1.26523E-08
158.81517	1.26723E-08
158.98798	1.26922E-08
159.16079	1.27122E-08
159.33360	1.27322E-08
159.50642	1.27523E-08
159.67923	1.27724E-08
159.85204	1.27926E-08
160.02486	1.28130E-08
160.19767	1.28335E-08
160.37048	1.28540E-08
160.54330	1.28748E-08
160.71611	1.28956E-08
160.88892	1.29167E-08
161.06173	1.29379E-08
161.23455	1.29593E-08
161.40736	1.29809E-08
161.58017	1.30027E-08
161.75299	1.30247E-08
161.92580	1.30469E-08
162.09861	1.30693E-08
162.27143	1.30920E-08
162.44424	1.31149E-08
162.61705	1.31381E-08
162.78986	1.31615E-08
162.96268	1.31852E-08
163.13549	1.32092E-08
163.30830	1.32334E-08
163.48112	1.32577E-08
163.65393	1.32825E-08
163.82674	1.33075E-08
163.99956	1.33328E-08
164.17237	1.33583E-08
164.34518	1.33840E-08
164.51799	1.34100E-08
164.69081	1.34363E-08
164.86362	1.34629E-08
165.03643	1.34895E-08
165.20925	1.35165E-08
165.38206	1.35436E-08
165.55487	1.35711E-08
165.72769	1.35986E-08
165.90050	1.36263E-08
166.07331	1.36541E-08
166.24612	1.36822E-08
166.41894	1.37103E-08
166.59175	1.37386E-08
166.76456	1.37669E-08
166.93738	1.37954E-08
167.11019	1.38239E-08
167.28300	1.38525E-08
167.45582	1.38811E-08
167.62863	1.39096E-08
167.80144	1.39382E-08
167.97426	1.39666E-08
168.14707	1.39950E-08
168.31988	1.40234E-08
168.49269	1.40516E-08
168.66551	1.40797E-08
168.83832	1.41077E-08
169.01113	1.41355E-08
169.18395	1.41631E-08
169.35676	1.41905E-08
169.52957	1.42176E-08
169.70239	1.42446E-08
169.87520	1.42712E-08
170.04801	1.42976E-08
170.22082	1.43236E-08
170.39364	1.43494E-08
170.56645	1.43748E-08
170.73926	1.43999E-08
170.91208	1.44246E-08
171.08489	1.44489E-08
171.25770	1.44729E-08
171.43052	1.44964E-08
171.60333	1.45195E-08
171.77614	1.45423E-08
171.94895	1.45646E-08
172.12177	1.45866E-08
172.29458	1.46081E-08
172.46739	1.46291E-08
172.64021	1.46497E-08
172.81302	1.46700E-08
172.98583	1.46898E-08
173.15865	1.47092E-08
173.33146	1.47283E-08
173.50427	1.47470E-08
173.67708	1.47652E-08
173.84990	1.47832E-08
174.02271	1.48007E-08
174.19552	1.48180E-08
174.36834	1.48349E-08
174.54115	1.48515E-08
174.71396	1.48678E-08
174.88678	1.48838E-08
175.05959	1.48997E-08
175.23240	1.49152E-08
175.40521	1.49306E-08
175.57803	1.49458E-08
175.75084	1.49607E-08
175.92365	1.49756E-08
176.09647	1.49904E-08
176.26928	1.50052E-08
176.44209	1.50197E-08
176.61491	1.50344E-08
176.78772	1.50490E-08
176.96053	1.50635E-08
177.13335	1.50781E-08
177.30616	1.50928E-08
177.47897	1.51076E-08
177.65178	1.51225E-08
177.82460	1.51373E-08
177.99741	1.51525E-08
178.17022	1.51679E-08
178.34304	1.51834E-08
178.51585	1.51991E-08
178.68866	1.52151E-08
178.86148	1.52314E-08
179.03429	1.52478E-08
179.20710	1.52645E-08
179.37991	1.52816E-08
179.55273	1.52989E-08
179.72554	1.53166E-08
179.89835	1.53347E-08
180.07117	1.53531E-08
180.24398	1.53718E-08
180.41679	1.53908E-08
180.58961	1.54104E-08
180.76242	1.54302E-08
180.93523	1.54504E-08
181.10804	1.54708E-08
181.28086	1.54917E-08
181.45367	1.55129E-08
181.62648	1.55344E-08
181.79930	1.55564E-08
181.97211	1.55786E-08
182.14492	1.56011E-08
182.31774	1.56240E-08
182.49055	1.56472E-08
182.66336	1.56707E-08
182.83617	1.56944E-08
183.00899	1.57183E-08
183.18180	1.57426E-08
183.35461	1.57669E-08
183.52743	1.57916E-08
183.70024	1.58162E-08
183.87305	1.58411E-08
184.04587	1.58662E-08
184.21868	1.58912E-08
184.39149	1.59164E-08
184.56430	1.59417E-08
184.73712	1.59668E-08
184.90993	1.59920E-08
185.08274	1.60171E-08
185.25556	1.60421E-08
185.42837	1.60670E-08
185.60118	1.60918E-08
185.77400	1.61164E-08
185.94681	1.61408E-08
186.11962	1.61650E-08
186.29244	1.61890E-08
186.46525	1.62126E-08
186.63806	1.62359E-08
186.81087	1.62589E-08
186.98369	1.62815E-08
187.15650	1.63036E-08
187.32931	1.63254E-08
187.50213	1.63467E-08
187.67494	1.63675E-08
187.84775	1.63879E-08
188.02057	1.64077E-08
188.19338	1.64269E-08
188.36619	1.64457E-08
188.53900	1.64638E-08
188.71182	1.64813E-08
188.88463	1.64982E-08
189.05744	1.65146E-08
189.23026	1.65303E-08
189.40307	1.65454E-08
189.57588	1.65598E-08
189.74870	1.65736E-08
189.92151	1.65867E-08
190.09432	1.65992E-08
190.26713	1.66111E-08
190.43995	1.66223E-08
190.61276	1.66329E-08
190.78557	1.66428E-08
190.95839	1.66521E-08
191.13120	1.66608E-08
191.30401	1.66689E-08
191.47683	1.66765E-08
191.64964	1.66834E-08
191.82245	1.66898E-08
191.99526	1.66957E-08
192.16808	1.67010E-08
192.34089	1.67058E-08
192.51370	1.67102E-08
192.68652	1.67141E-08
192.85933	1.67174E-08
193.03214	1.67205E-08
193.20496	1.67231E-08
193.37777	1.67253E-08
193.55058	1.67273E-08
193.72339	1.67289E-08
193.89621	1.67302E-08
194.06902	1.67312E-08
194.24183	1.67320E-08
194.41465	1.67325E-08
194.58746	1.67329E-08
194.76027	1.67331E-08
194.93309	1.67332E-08
195.10590	1.67331E-08
195.27871	1.67329E-08
195.45153	1.67327E-08
195.62434	1.67324E-08
195.79715	1.67321E-08
195.96996	1.67318E-08
196.14278	1.67314E-08
196.31559	1.67311E-08
196.48840	1.67309E-08
196.66122	1.67307E-08
196.83403	1.67306E-08
197.00684	1.67306E-08
197.17966	1.67307E-08
197.35247	1.67310E-08
197.52528	1.67314E-08
197.69809	1.67319E-08
197.87091	1.67326E-08
198.04372	1.67335E-08
198.21653	1.67345E-08
198.38935	1.67357E-08
198.56216	1.67372E-08
198.73497	1.67388E-08
198.90779	1.67406E-08
199.08060	1.67426E-08
199.25341	1.67447E-08
199.42622	1.67471E-08
199.59904	1.67497E-08
199.77185	1.67524E-08
199.94466	1.67554E-08
200.11748	1.67586E-08
200.29029	1.67619E-08
200.46310	1.67654E-08
200.63592	1.67690E-08
200.80873	1.67729E-08
200.98154	1.67769E-08
201.15435	1.67810E-08
201.32717	1.67854E-08
201.49998	1.67898E-08
201.67279	1.67943E-08
201.84561	1.67990E-08
202.01842	1.68038E-08
202.19123	1.68087E-08
202.36405	1.68137E-08
202.53686	1.68187E-08
202.70967	1.68238E-08
202.88248	1.68290E-08
203.05530	1.68342E-08
203.22811	1.68394E-08
203.40092	1.68448E-08
203.57374	1.68501E-08
203.74655	1.68554E-08
203.91936	1.68607E-08
204.09218	1.68661E-08
204.26499	1.68714E-08
204.43780	1.68767E-08
204.61062	1.68820E-08
204.78343	1.68872E-08
204.95624	1.68924E-08
205.12905	1.68975E-08
205.30187	1.69026E-08
205.47468	1.69077E-08
205.64749	1.69127E-08
205.82031	1.69176E-08
205.99312	1.69225E-08
206.16593	1.69273E-08
206.33875	1.69320E-08
206.51156	1.69366E-08
206.68437	1.69412E-08
206.85718	1.69457E-08
207.03000	1.69502E-08
207.20281	1.69545E-08
207.37562	1.69588E-08
207.54844	1.69630E-08
207.72125	1.69673E-08
207.89406	1.69714E-08
208.06688	1.69755E-08
208.23969	1.69795E-08
208.41250	1.69835E-08
208.58531	1.69874E-08
208.75813	1.69914E-08
208.93094	1.69952E-08
209.10375	1.69991E-08
209.27657	1.70029E-08
209.44938	1.70068E-08
209.62219	1.70107E-08
209.79501	1.70145E-08
209.96782	1.70183E-08
210.14063	1.70222E-08
210.31344	1.70260E-08
210.48626	1.70299E-08
210.65907	1.70338E-08
210.83188	1.70377E-08
211.00470	1.70417E-08
211.17751	1.70457E-08
211.35032	1.70497E-08
211.52314	1.70538E-08
211.69595	1.70579E-08
211.86876	1.70621E-08
212.04157	1.70664E-08
212.21439	1.70707E-08
212.38720	1.70751E-08
212.56001	1.70795E-08
212.73283	1.70840E-08
212.90564	1.70885E-08
213.07845	1.70931E-08
213.25127	1.70978E-08
213.42408	1.71025E-08
213.59689	1.71073E-08
213.76971	1.71121E-08
213.94252	1.71171E-08
214.11533	1.71220E-08
214.28814	1.71270E-08
214.46096	1.71322E-08
214.63377	1.71373E-08
214.80658	1.71425E-08
214.97940	1.71478E-08
215.15221	1.71530E-08
215.32502	1.71584E-08
215.49784	1.71637E-08
215.67065	1.71691E-08
215.84346	1.71745E-08
216.01627	1.71800E-08
216.18909	1.71855E-08
216.36190	1.71909E-08
216.53471	1.71964E-08
216.70753	1.72019E-08
216.88034	1.72074E-08
217.05315	1.72129E-08
217.22597	1.72183E-08
217.39878	1.72238E-08
217.57159	1.72292E-08
217.74440	1.72346E-08
217.91722	1.72400E-08
218.09003	1.72454E-08
218.26284	1.72508E-08
218.43566	1.72561E-08
218.60847	1.72614E-08
218.78128	1.72666E-08
218.95410	1.72719E-08
219.12691	1.72770E-08
219.29972	1.72822E-08
219.47253	1.72874E-08
219.64535	1.72924E-08
219.81816	1.72975E-08
219.99097	1.73025E-08
220.16379	1.73075E-08
220.33660	1.73125E-08
220.50941	1.73174E-08
220.68223	1.73223E-08
220.85504	1.73272E-08
221.02785	1.73321E-08
221.20066	1.73371E-08
221.37348	1.73420E-08
221.54629	1.73469E-08
221.71910	1.73519E-08
221.89192	1.73569E-08
222.06473	1.73618E-08
222.23754	1.73669E-08
222.41036	1.73720E-08
222.58317	1.73771E-08
222.75598	1.73823E-08
222.92880	1.73876E-08
223.10161	1.73930E-08
223.27442	1.73984E-08
223.44723	1.74040E-08
223.62005	1.74096E-08
223.79286	1.74153E-08
223.96567	1.74212E-08
224.13849	1.74272E-08
224.31130	1.74333E-08
224.48411	1.74395E-08
224.65693	1.74459E-08
224.82974	1.74525E-08
225.00255	1.74592E-08
225.17536	1.74662E-08
225.34818	1.74733E-08
225.52099	1.74806E-08
225.69380	1.74882E-08
225.86662	1.74959E-08
226.03943	1.75038E-08
226.21224	1.75120E-08
226.38506	1.75203E-08
226.55787	1.75289E-08
226.73068	1.75378E-08
226.90349	1.75468E-08
227.07631	1.75561E-08
227.24912	1.75656E-08
227.42193	1.75754E-08
227.59475	1.75854E-08
227.76756	1.75957E-08
227.94037	1.76061E-08
228.11319	1.76169E-08
228.28600	1.76278E-08
228.45881	1.76391E-08
228.63162	1.76505E-08
228.80444	1.76622E-08
228.97725	1.76742E-08
229.15006	1.76863E-08
229.32288	1.76988E-08
229.49569	1.77114E-08
229.66850	1.77243E-08
229.84132	1.77374E-08
230.01413	1.77507E-08
230.18694	1.77642E-08
230.35975	1.77780E-08
230.53257	1.77919E-08
230.70538	1.78060E-08
230.87819	1.78203E-08
231.05101	1.78348E-08
231.22382	1.78494E-08
231.39663	1.78642E-08
231.56945	1.78792E-08
231.74226	1.78944E-08
231.91507	1.79097E-08
232.08789	1.79251E-08
232.26070	1.79407E-08
232.43351	1.79563E-08
232.60632	1.79721E-08
232.77914	1.79880E-08
232.95195	1.80041E-08
233.12476	1.80202E-08
233.29758	1.80364E-08
233.47039	1.80527E-08
233.64320	1.80691E-08
233.81602	1.80856E-08
233.98883	1.81021E-08
234.16164	1.81187E-08
234.33445	1.81354E-08
234.50727	1.81522E-08
234.68008	1.81690E-08
234.85289	1.81858E-08
235.02571	1.82028E-08
235.19852	1.82197E-08
235.37133	1.82367E-08
235.54415	1.82538E-08
235.71696	1.82709E-08
235.88977	1.82880E-08
236.06258	1.83052E-08
236.23540	1.83225E-08
236.40821	1.83398E-08
236.58102	1.83571E-08
236.75384	1.83746E-08
236.92665	1.83921E-08
237.09946	1.84096E-08
237.27228	1.84273E-08
237.44509	1.84450E-08
237.61790	1.84627E-08
237.79071	1.84805E-08
237.96353	1.84984E-08
238.13634	1.85164E-08
238.30915	1.85345E-08
238.48197	1.85526E-08
238.65478	1.85709E-08
238.82759	1.85892E-08
239.00041	1.86076E-08
239.17322	1.86261E-08
239.34603	1.86448E-08
239.51884	1.86635E-08
239.69166	1.86824E-08
239.86447	1.87013E-08
240.03728	1.87204E-08
240.21010	1.87395E-08
240.38291	1.87589E-08
240.55572	1.87783E-08
240.72854	1.87979E-08
240.90135	1.88176E-08
241.07416	1.88374E-08
241.24698	1.88573E-08
241.41979	1.88774E-08
241.59260	1.88976E-08
241.76541	1.89179E-08
241.93823	1.89383E-08
242.11104	1.89588E-08
242.28385	1.89794E-08
242.45667	1.90002E-08
242.62948	1.90210E-08
242.80229	1.90420E-08
242.97511	1.90630E-08
243.14792	1.90841E-08
243.32073	1.91053E-08
243.49354	1.91265E-08
243.66636	1.91478E-08
243.83917	1.91692E-08
244.01198	1.91906E-08
244.18480	1.92121E-08
244.35761	1.92336E-08
244.53042	1.92551E-08
244.70324	1.92767E-08
244.87605	1.92983E-08
245.04886	1.93198E-08
245.22167	1.93415E-08
245.39449	1.93630E-08
245.56730	1.93845E-08
245.74011	1.94060E-08
245.91293	1.94274E-08
246.08574	1.94487E-08
246.25855	1.94700E-08
246.43137	1.94912E-08
246.60418	1.95123E-08
246.77699	1.95333E-08
246.94980	1.95542E-08
247.12262	1.95751E-08
247.29543	1.95957E-08
247.46824	1.96163E-08
247.64106	1.96366E-08
247.81387	1.96569E-08
247.98668	1.96770E-08
248.15950	1.96970E-08
248.33231	1.97168E-08
248.50512	1.97364E-08
248.67794	1.97559E-08
248.85075	1.97752E-08
249.02356	1.97943E-08
249.19637	1.98133E-08
249.36919	1.98322E-08
249.54200	1.98509E-08
249.71481	1.98694E-08
249.88763	1.98878E-08
250.06044	1.99060E-08
250.23325	1.99241E-08
250.40607	1.99421E-08
250.57888	1.99599E-08
250.75169	1.99776E-08
250.92450	1.99952E-08
251.09732	2.00128E-08
251.27013	2.00302E-08
251.44294	2.00476E-08
251.61576	2.00648E-08
251.78857	2.00821E-08
251.96138	2.00993E-08
252.13420	2.01165E-08
252.30701	2.01338E-08
252.47982	2.01510E-08
252.65263	2.01683E-08
252.82545	2.01856E-08
252.99826	2.02030E-08
253.17107	2.02205E-08
253.34389	2.02381E-08
253.51670	2.02558E-08
253.68951	2.02737E-08
253.86233	2.02917E-08
254.03514	2.03098E-08
254.20795	2.03282E-08
254.38076	2.03468E-08
254.55358	2.03656E-08
254.72639	2.03847E-08
254.89920	2.04040E-08
255.07202	2.04236E-08
255.24483	2.04435E-08
255.41764	2.04637E-08
255.59046	2.04843E-08
255.76327	2.05052E-08
255.93608	2.05265E-08
256.10889	2.05481E-08
256.28171	2.05702E-08
256.45452	2.05926E-08
256.62733	2.06154E-08
256.80015	2.06386E-08
256.97296	2.06622E-08
257.14577	2.06863E-08
257.31859	2.07108E-08
257.49140	2.07358E-08
257.66421	2.07612E-08
257.83703	2.07870E-08
258.00984	2.08133E-08
258.18265	2.08400E-08
258.35546	2.08672E-08
258.52828	2.08948E-08
258.70109	2.09228E-08
258.87390	2.09513E-08
259.04672	2.09802E-08
259.21953	2.10095E-08
259.39234	2.10393E-08
259.56516	2.10694E-08
259.73797	2.10999E-08
259.91078	2.11309E-08
260.08359	2.11622E-08
260.25641	2.11939E-08
260.42922	2.12259E-08
260.60203	2.12582E-08
260.77485	2.12909E-08
260.94766	2.13238E-08
261.12047	2.13571E-08
261.29329	2.13905E-08
261.46610	2.14243E-08
261.63891	2.14583E-08
261.81172	2.14924E-08
261.98454	2.15268E-08
262.15735	2.15613E-08
262.33016	2.15960E-08
262.50298	2.16307E-08
262.67579	2.16657E-08
262.84860	2.17008E-08
263.02142	2.17359E-08
263.19423	2.17710E-08
263.36704	2.18063E-08
263.53985	2.18415E-08
263.71267	2.18767E-08
263.88548	2.19119E-08
264.05829	2.19471E-08
264.23111	2.19823E-08
264.40392	2.20174E-08
264.57673	2.20524E-08
264.74955	2.20874E-08
264.92236	2.21223E-08
265.09517	2.21571E-08
265.26798	2.21917E-08
265.44080	2.22263E-08
265.61361	2.22607E-08
265.78642	2.22950E-08
265.95924	2.23291E-08
266.13205	2.23631E-08
266.30486	2.23970E-08
266.47768	2.24307E-08
266.65049	2.24643E-08
266.82330	2.24977E-08
266.99612	2.25311E-08
267.16893	2.25642E-08
267.34174	2.25972E-08
267.51455	2.26301E-08
267.68737	2.26629E-08
267.86018	2.26956E-08
268.03299	2.27282E-08
268.20581	2.27607E-08
268.37862	2.27931E-08
268.55143	2.28255E-08
268.72425	2.28578E-08
268.89706	2.28901E-08
269.06987	2.29224E-08
269.24268	2.29547E-08
269.41550	2.29870E-08
269.58831	2.30192E-08
269.76112	2.30516E-08
269.93394	2.30840E-08
270.10675	2.31164E-08
270.27956	2.31490E-08
270.45238	2.31817E-08
270.62519	2.32145E-08
270.79800	2.32474E-08
270.97081	2.32804E-08
271.14363	2.33136E-08
271.31644	2.33470E-08
271.48925	2.33806E-08
271.66207	2.34144E-08
271.83488	2.34484E-08
272.00769	2.34826E-08
272.18051	2.35170E-08
272.35332	2.35517E-08
272.52613	2.35866E-08
272.69894	2.36218E-08
272.87176	2.36572E-08
273.04457	2.36930E-08
273.21738	2.37289E-08
273.39020	2.37652E-08
273.56301	2.38017E-08
273.73582	2.38385E-08
273.90864	2.38755E-08
274.08145	2.39128E-08
274.25426	2.39504E-08
274.42707	2.39881E-08
274.59989	2.40262E-08
274.77270	2.40644E-08
274.94551	2.41029E-08
275.11833	2.41416E-08
275.29114	2.41806E-08
275.46395	2.42196E-08
275.63677	2.42589E-08
275.80958	2.42983E-08
275.98239	2.43378E-08
276.15521	2.43774E-08
276.32802	2.44171E-08
276.50083	2.44569E-08
276.67364	2.44967E-08
276.84646	2.45366E-08
277.01927	2.45765E-08
277.19208	2.46163E-08
277.36490	2.46562E-08
277.53771	2.46959E-08
277.71052	2.47356E-08
277.88334	2.47751E-08
278.05615	2.48144E-08
278.22896	2.48537E-08
278.40177	2.48927E-08
278.57459	2.49315E-08
278.74740	2.49701E-08
278.92021	2.50084E-08
279.09303	2.50464E-08
279.26584	2.50841E-08
279.43865	2.51215E-08
279.61147	2.51585E-08
279.78428	2.51951E-08
279.95709	2.52314E-08
280.12990	2.52673E-08
280.30272	2.53028E-08
280.47553	2.53378E-08
280.64834	2.53724E-08
280.82116	2.54065E-08
280.99397	2.54402E-08
281.16678	2.54735E-08
281.33960	2.55062E-08
281.51241	2.55385E-08
281.68522	2.55702E-08
281.85803	2.56016E-08
282.03085	2.56324E-08
282.20366	2.56627E-08
282.37647	2.56925E-08
282.54929	2.57220E-08
282.72210	2.57509E-08
282.89491	2.57794E-08
283.06773	2.58074E-08
283.24054	2.58350E-08
283.41335	2.58622E-08
283.58616	2.58890E-08
283.75898	2.59154E-08
283.93179	2.59415E-08
284.10460	2.59673E-08
284.27742	2.59927E-08
284.45023	2.60178E-08
284.62304	2.60427E-08
284.79586	2.60673E-08
284.96867	2.60917E-08
285.14148	2.61159E-08
285.31430	2.61400E-08
285.48711	2.61638E-08
285.65992	2.61875E-08
285.83273	2.62111E-08
286.00555	2.62346E-08
286.17836	2.62582E-08
286.35117	2.62817E-08
286.52399	2.63051E-08
286.69680	2.63286E-08
286.86961	2.63521E-08
287.04243	2.63757E-08
287.21524	2.63994E-08
287.38805	2.64232E-08
287.56086	2.64472E-08
287.73368	2.64713E-08
287.90649	2.64956E-08
288.07930	2.65200E-08
288.25212	2.65448E-08
288.42493	2.65697E-08
288.59774	2.65947E-08
288.77056	2.66201E-08
288.94337	2.66457E-08
289.11618	2.66715E-08
289.28899	2.66976E-08
289.46181	2.67240E-08
289.63462	2.67506E-08
289.80743	2.67774E-08
289.98025	2.68045E-08
290.15306	2.68319E-08
290.32587	2.68596E-08
290.49869	2.68874E-08
290.67150	2.69156E-08
290.84431	2.69439E-08
291.01712	2.69724E-08
291.18994	2.70011E-08
291.36275	2.70300E-08
291.53556	2.70591E-08
291.70838	2.70883E-08
291.88119	2.71176E-08
292.05400	2.71470E-08
292.22682	2.71765E-08
292.39963	2.72060E-08
292.57244	2.72356E-08
292.74525	2.72652E-08
292.91807	2.72949E-08
293.09088	2.73244E-08
293.26369	2.73539E-08
293.43651	2.73832E-08
293.60932	2.74125E-08
293.78213	2.74417E-08
293.95495	2.74706E-08
294.12776	2.74994E-08
294.30057	2.75279E-08
294.47339	2.75561E-08
294.64620	2.75841E-08
294.81901	2.76117E-08
294.99182	2.76391E-08
295.16464	2.76661E-08
295.33745	2.76927E-08
295.51026	2.77189E-08
295.68308	2.77447E-08
295.85589	2.77701E-08
296.02870	2.77950E-08
296.20152	2.78194E-08
296.37433	2.78434E-08
296.54714	2.78669E-08
296.71995	2.78898E-08
296.89277	2.79123E-08
297.06558	2.79343E-08
297.23839	2.79557E-08
297.41121	2.79767E-08
297.58402	2.79971E-08
297.75683	2.80169E-08
297.92965	2.80363E-08
298.10246	2.80551E-08
298.27527	2.80734E-08
298.44808	2.80913E-08
298.62090	2.81087E-08
298.79371	2.81257E-08
298.96652	2.81421E-08
299.13934	2.81581E-08
299.31215	2.81738E-08
299.48496	2.81890E-08
299.65778	2.82037E-08
299.83059	2.82182E-08
300.00340	2.82324E-08
300.17621	2.82462E-08
300.34903	2.82597E-08
300.52184	2.82729E-08
300.69465	2.82860E-08
300.86747	2.82987E-08
301.04028	2.83113E-08
301.21309	2.83237E-08
301.38591	2.83360E-08
301.55872	2.83483E-08
301.73153	2.83604E-08
301.90434	2.83725E-08
302.07716	2.83846E-08
302.24997	2.83967E-08
302.42278	2.84088E-08
302.59560	2.84210E-08
302.76841	2.84332E-08
302.94122	2.84456E-08
303.11404	2.84580E-08
303.28685	2.84707E-08
303.45966	2.84835E-08
303.63248	2.84965E-08
303.80529	2.85096E-08
303.97810	2.85230E-08
304.15091	2.85366E-08
304.32373	2.85505E-08
304.49654	2.85646E-08
304.66935	2.85790E-08
304.84217	2.85936E-08
305.01498	2.86086E-08
305.18779	2.86237E-08
305.36061	2.86393E-08
305.53342	2.86550E-08
305.70623	2.86711E-08
305.87904	2.86874E-08
306.05186	2.87039E-08
306.22467	2.87208E-08
306.39748	2.87379E-08
306.57030	2.87552E-08
306.74311	2.87728E-08
306.91592	2.87906E-08
307.08874	2.88086E-08
307.26155	2.88267E-08
307.43436	2.88451E-08
307.60717	2.88636E-08
307.77999	2.88822E-08
307.95280	2.89009E-08
308.12561	2.89197E-08
308.29843	2.89386E-08
308.47124	2.89575E-08
308.64405	2.89764E-08
308.81687	2.89954E-08
308.98968	2.90143E-08
309.16249	2.90333E-08
309.33530	2.90521E-08
309.50812	2.90708E-08
309.68093	2.90894E-08
309.85374	2.91079E-08
310.02656	2.91263E-08
310.19937	2.91445E-08
310.37218	2.91624E-08
310.54500	2.91801E-08
310.71781	2.91977E-08
310.89062	2.92149E-08
311.06343	2.92319E-08
311.23625	2.92486E-08
311.40906	2.92651E-08
311.58187	2.92812E-08
311.75469	2.92971E-08
311.92750	2.93126E-08
312.10031	2.93277E-08
312.27313	2.93426E-08
312.44594	2.93571E-08
312.61875	2.93712E-08
312.79157	2.93850E-08
312.96438	2.93986E-08
313.13719	2.94118E-08
313.31000	2.94248E-08
313.48282	2.94374E-08
313.65563	2.94498E-08
313.82844	2.94618E-08
314.00126	2.94736E-08
314.17407	2.94851E-08
314.34688	2.94965E-08
314.51970	2.95075E-08
314.69251	2.95184E-08
314.86532	2.95293E-08
315.03813	2.95399E-08
315.21095	2.95504E-08
315.38376	2.95609E-08
315.55657	2.95712E-08
315.72939	2.95816E-08
315.90220	2.95919E-08
316.07501	2.96022E-08
316.24783	2.96127E-08
316.42064	2.96232E-08
316.59345	2.96338E-08
316.76626	2.96446E-08
316.93908	2.96555E-08
317.11189	2.96666E-08
317.28470	2.96780E-08
317.45752	2.96896E-08
317.63033	2.97015E-08
317.80314	2.97138E-08
317.97596	2.97263E-08
318.14877	2.97393E-08
318.32158	2.97526E-08
318.49439	2.97663E-08
318.66721	2.97804E-08
318.84002	2.97949E-08
319.01283	2.98099E-08
319.18565	2.98254E-08
319.35846	2.98413E-08
319.53127	2.98578E-08
319.70409	2.98747E-08
319.87690	2.98921E-08
320.04971	2.99100E-08
320.22252	2.99284E-08
320.39534	2.99474E-08
320.56815	2.99670E-08
320.74096	2.99870E-08
320.91378	3.00075E-08
321.08659	3.00284E-08
321.25940	3.00499E-08
321.43222	3.00719E-08
321.60503	3.00943E-08
321.77784	3.01172E-08
321.95066	3.01405E-08
322.12347	3.01642E-08
322.29628	3.01883E-08
322.46909	3.02128E-08
322.64191	3.02376E-08
322.81472	3.02627E-08
322.98753	3.02881E-08
323.16035	3.03139E-08
323.33316	3.03399E-08
323.50597	3.03661E-08
323.67879	3.03925E-08
323.85160	3.04190E-08
324.02441	3.04457E-08
324.19722	3.04724E-08
324.37004	3.04992E-08
324.54285	3.05261E-08
324.71566	3.05529E-08
324.88848	3.05797E-08
325.06129	3.06065E-08
325.23410	3.06331E-08
325.40692	3.06596E-08
325.57973	3.06860E-08
325.75254	3.07122E-08
325.92535	3.07382E-08
326.09817	3.07640E-08
326.27098	3.07896E-08
326.44379	3.08148E-08
326.61661	3.08398E-08
326.78942	3.08644E-08
326.96223	3.08889E-08
327.13505	3.09130E-08
327.30786	3.09368E-08
327.48067	3.09602E-08
327.65348	3.09832E-08
327.82630	3.10059E-08
327.99911	3.10282E-08
328.17192	3.10503E-08
328.34474	3.10721E-08
328.51755	3.10935E-08
328.69036	3.11146E-08
328.86318	3.11354E-08
329.03599	3.11559E-08
329.20880	3.11762E-08
329.38161	3.11963E-08
329.55443	3.12160E-08
329.72724	3.12357E-08
329.90005	3.12552E-08
330.07287	3.12746E-08
330.24568	3.12939E-08
330.41849	3.13129E-08
330.59131	3.13321E-08
330.76412	3.13512E-08
330.93693	3.13704E-08
331.10975	3.13896E-08
331.28256	3.14089E-08
331.45537	3.14284E-08
331.62818	3.14481E-08
331.80100	3.14681E-08
331.97381	3.14883E-08
332.14662	3.15088E-08
332.31944	3.15297E-08
332.49225	3.15510E-08
332.66506	3.15728E-08
332.83788	3.15950E-08
333.01069	3.16177E-08
333.18350	3.16410E-08
333.35631	3.16648E-08
333.52913	3.16893E-08
333.70194	3.17145E-08
333.87475	3.17403E-08
334.04757	3.17669E-08
334.22038	3.17942E-08
334.39319	3.18223E-08
334.56601	3.18512E-08
334.73882	3.18809E-08
334.91163	3.19113E-08
335.08444	3.19426E-08
335.25726	3.19748E-08
335.43007	3.20078E-08
335.60288	3.20417E-08
335.77570	3.20764E-08
335.94851	3.21121E-08
336.12132	3.21486E-08
336.29414	3.21859E-08
336.46695	3.22241E-08
336.63976	3.22631E-08
336.81257	3.23030E-08
336.98539	3.23437E-08
337.15820	3.23851E-08
337.33101	3.24273E-08
337.50383	3.24702E-08
337.67664	3.25138E-08
337.84945	3.25581E-08
338.02227	3.26031E-08
338.19508	3.26486E-08
338.36789	3.26947E-08
338.54070	3.27414E-08
338.71352	3.27885E-08
338.88633	3.28361E-08
339.05914	3.28841E-08
339.23196	3.29324E-08
339.40477	3.29810E-08
339.57758	3.30299E-08
339.75040	3.30790E-08
339.92321	3.31283E-08
340.09602	3.31777E-08
340.26884	3.32271E-08
340.44165	3.32765E-08
340.61446	3.33260E-08
340.78727	3.33754E-08
340.96009	3.34247E-08
341.13290	3.34738E-08
341.30571	3.35227E-08
341.47853	3.35715E-08
341.65134	3.36200E-08
341.82415	3.36681E-08
341.99697	3.37160E-08
342.16978	3.37635E-08
342.34259	3.38105E-08
342.51540	3.38571E-08
342.68822	3.39034E-08
342.86103	3.39492E-08
343.03384	3.39946E-08
343.20666	3.40395E-08
343.37947	3.40840E-08
343.55228	3.41280E-08
343.72510	3.41716E-08
343.89791	3.42147E-08
344.07072	3.42574E-08
344.24353	3.42997E-08
344.41635	3.43416E-08
344.58916	3.43831E-08
344.76197	3.44243E-08
344.93479	3.44653E-08
345.10760	3.45060E-08
345.28041	3.45465E-08
345.45323	3.45869E-08
345.62604	3.46271E-08
345.79885	3.46672E-08
345.97166	3.47074E-08
346.14448	3.47475E-08
346.31729	3.47879E-08
346.49010	3.48283E-08
346.66292	3.48691E-08
346.83573	3.49101E-08
347.00854	3.49515E-08
347.18136	3.49934E-08
347.35417	3.50357E-08
347.52698	3.50786E-08
347.69979	3.51222E-08
347.87261	3.51665E-08
348.04542	3.52116E-08
348.21823	3.52576E-08
348.39105	3.53045E-08
348.56386	3.53524E-08
348.73667	3.54012E-08
348.90949	3.54512E-08
349.08230	3.55025E-08
349.25511	3.55550E-08
349.42793	3.56087E-08
349.60074	3.56639E-08
349.77355	3.57203E-08
349.94636	3.57781E-08
350.11918	3.58375E-08
350.29199	3.58984E-08
350.46480	3.59609E-08
350.63762	3.60248E-08
350.81043	3.60904E-08
350.98324	3.61575E-08
351.15606	3.62263E-08
351.32887	3.62966E-08
351.50168	3.63686E-08
351.67449	3.64421E-08
351.84731	3.65174E-08
352.02012	3.65940E-08
352.19293	3.66724E-08
352.36575	3.67522E-08
352.53856	3.68336E-08
352.71137	3.69164E-08
352.88419	3.70007E-08
353.05700	3.70863E-08
353.22981	3.71732E-08
353.40262	3.72614E-08
353.57544	3.73508E-08
353.74825	3.74413E-08
353.92106	3.75328E-08
354.09388	3.76253E-08
354.26669	3.77187E-08
354.43950	3.78129E-08
354.61232	3.79077E-08
354.78513	3.80031E-08
354.95794	3.80990E-08
355.13075	3.81952E-08
355.30357	3.82918E-08
355.47638	3.83886E-08
355.64919	3.84855E-08
355.82201	3.85823E-08
355.99482	3.86790E-08
356.16763	3.87756E-08
356.34045	3.88717E-08
356.51326	3.89674E-08
356.68607	3.90626E-08
356.85888	3.91572E-08
357.03170	3.92510E-08
357.20451	3.93441E-08
357.37732	3.94361E-08
357.55014	3.95274E-08
357.72295	3.96175E-08
357.89576	3.97066E-08
358.06858	3.97946E-08
358.24139	3.98813E-08
358.41420	3.99668E-08
358.58702	4.00511E-08
358.75983	4.01341E-08
358.93264	4.02158E-08
359.10545	4.02962E-08
359.27827	4.03754E-08
359.45108	4.04534E-08
359.62389	4.05301E-08
359.79671	4.06057E-08
359.96952	4.06802E-08
360.14233	4.07537E-08
360.31515	4.08262E-08
360.48796	4.08978E-08
360.66077	4.09687E-08
360.83358	4.10389E-08
361.00640	4.11087E-08
361.17921	4.11780E-08
361.35202	4.12471E-08
361.52484	4.13161E-08
361.69765	4.13851E-08
361.87046	4.14545E-08
362.04328	4.15243E-08
362.21609	4.15948E-08
362.38890	4.16661E-08
362.56171	4.17383E-08
362.73453	4.18118E-08
362.90734	4.18867E-08
363.08015	4.19634E-08
363.25297	4.20420E-08
363.42578	4.21227E-08
363.59859	4.22059E-08
363.77141	4.22916E-08
363.94422	4.23801E-08
364.11703	4.24718E-08
364.28984	4.25669E-08
364.46266	4.26655E-08
364.63547	4.27679E-08
364.80828	4.28743E-08
364.98110	4.29850E-08
365.15391	4.31002E-08
365.32672	4.32201E-08
365.49954	4.33451E-08
365.67235	4.34751E-08
365.84516	4.36104E-08
366.01797	4.37514E-08
366.19079	4.38983E-08
366.36360	4.40510E-08
366.53641	4.42098E-08
366.70923	4.43749E-08
366.88204	4.45466E-08
367.05485	4.47250E-08
367.22767	4.49101E-08
367.40048	4.51021E-08
367.57329	4.53010E-08
367.74611	4.55072E-08
367.91892	4.57205E-08
368.09173	4.59412E-08
368.26454	4.61691E-08
368.43736	4.64045E-08
368.61017	4.66472E-08
368.78298	4.68973E-08
368.95580	4.71548E-08
369.12861	4.74196E-08
369.30142	4.76915E-08
369.47424	4.79706E-08
369.64705	4.82567E-08
369.81986	4.85497E-08
369.99267	4.88494E-08
370.16549	4.91554E-08
370.33830	4.94676E-08
370.51111	4.97858E-08
370.68393	5.01097E-08
370.85674	5.04387E-08
371.02955	5.07725E-08
371.20237	5.11107E-08
371.37518	5.14530E-08
371.54799	5.17988E-08
371.72080	5.21475E-08
371.89362	5.24985E-08
372.06643	5.28513E-08
372.23924	5.32052E-08
372.41206	5.35595E-08
372.58487	5.39134E-08
372.75768	5.42661E-08
372.93050	5.46168E-08
373.10331	5.49649E-08
373.27612	5.53092E-08
373.44893	5.56489E-08
373.62175	5.59833E-08
373.79456	5.63112E-08
373.96737	5.66317E-08
374.14019	5.69440E-08
374.31300	5.72468E-08
374.48581	5.75393E-08
374.65863	5.78208E-08
374.83144	5.80900E-08
375.00425	5.83461E-08
375.17706	5.85882E-08
375.34988	5.88154E-08
375.52269	5.90270E-08
375.69550	5.92219E-08
375.86832	5.93996E-08
376.04113	5.95596E-08
376.21394	5.97009E-08
376.38676	5.98232E-08
376.55957	5.99261E-08
376.73238	6.00089E-08
376.90520	6.00717E-08
377.07801	6.01142E-08
377.25082	6.01361E-08
377.42363	6.01372E-08
377.59645	6.01181E-08
377.76926	6.00787E-08
377.94207	6.00192E-08
378.11489	5.99399E-08
378.28770	5.98414E-08
378.46051	5.97239E-08
378.63333	5.95883E-08
378.80614	5.94349E-08
378.97895	5.92647E-08
379.15176	5.90780E-08
379.32458	5.88763E-08
379.49739	5.86599E-08
379.67020	5.84299E-08
379.84302	5.81873E-08
380.01583	5.79328E-08
380.18864	5.76678E-08
380.36146	5.73929E-08
380.53427	5.71094E-08
380.70708	5.68180E-08
380.87989	5.65197E-08
381.05271	5.62157E-08
381.22552	5.59068E-08
381.39833	5.55941E-08
381.57115	5.52782E-08
381.74396	5.49606E-08
381.91677	5.46414E-08
382.08959	5.43220E-08
382.26240	5.40029E-08
382.43521	5.36849E-08
382.60802	5.33687E-08
382.78084	5.30552E-08
382.95365	5.27449E-08
383.12646	5.24384E-08
383.29928	5.21363E-08
383.47209	5.18391E-08
383.64490	5.15474E-08
383.81772	5.12615E-08
383.99053	5.09819E-08
384.16334	5.07091E-08
384.33616	5.04431E-08
384.50897	5.01846E-08
384.68178	4.99335E-08
384.85459	4.96905E-08
385.02741	4.94555E-08
385.20022	4.92288E-08
385.37303	4.90105E-08
385.54585	4.88008E-08
385.71866	4.85998E-08
385.89147	4.84076E-08
386.06429	4.82243E-08
386.23710	4.80500E-08
386.40991	4.78847E-08
386.58272	4.77282E-08
386.75554	4.75807E-08
386.92835	4.74419E-08
387.10116	4.73122E-08
387.27398	4.71911E-08
387.44679	4.70789E-08
387.61960	4.69751E-08
387.79242	4.68799E-08
387.96523	4.67931E-08
388.13804	4.67145E-08
388.31085	4.66442E-08
388.48367	4.65818E-08
388.65648	4.65271E-08
388.82929	4.64801E-08
389.00211	4.64405E-08
389.17492	4.64081E-08
389.34773	4.63828E-08
389.52055	4.63642E-08
389.69336	4.63522E-08
389.86617	4.63466E-08
390.03898	4.63470E-08
390.21180	4.63532E-08
390.38461	4.63651E-08
390.55742	4.63821E-08
390.73024	4.64043E-08
390.90305	4.64313E-08
391.07586	4.64628E-08
391.24868	4.64984E-08
391.42149	4.65380E-08
391.59430	4.65812E-08
391.76711	4.66278E-08
391.93993	4.66774E-08
392.11274	4.67297E-08
392.28555	4.67846E-08
392.45837	4.68415E-08
392.63118	4.69004E-08
392.80399	4.69608E-08
392.97681	4.70224E-08
393.14962	4.70851E-08
393.32243	4.71485E-08
393.49525	4.72124E-08
393.66806	4.72763E-08
393.84087	4.73403E-08
394.01368	4.74038E-08
394.18650	4.74668E-08
394.35931	4.75289E-08
394.53212	4.75900E-08
394.70494	4.76498E-08
394.87775	4.77082E-08
395.05056	4.77649E-08
395.22338	4.78198E-08
395.39619	4.78727E-08
395.56900	4.79235E-08
395.74181	4.79721E-08
395.91463	4.80183E-08
396.08744	4.80619E-08
396.26025	4.81031E-08
396.43307	4.81417E-08
396.60588	4.81777E-08
396.77869	4.82108E-08
396.95151	4.82413E-08
397.12432	4.82692E-08
397.29713	4.82942E-08
397.46994	4.83167E-08
397.64276	4.83365E-08
397.81557	4.83537E-08
397.98838	4.83685E-08
398.16120	4.83808E-08
398.33401	4.83910E-08
398.50682	4.83988E-08
398.67964	4.84047E-08
398.85245	4.84085E-08
399.02526	4.84105E-08
399.19807	4.84109E-08
399.37089	4.84098E-08
399.54370	4.84073E-08
399.71651	4.84037E-08
399.88933	4.83991E-08
400.06214	4.83937E-08
400.23495	4.83876E-08
400.40777	4.83810E-08
400.58058	4.83742E-08
400.75339	4.83674E-08
400.92620	4.83604E-08
401.09902	4.83538E-08
401.27183	4.83477E-08
401.44464	4.83421E-08
401.61746	4.83374E-08
401.79027	4.83336E-08
401.96308	4.83309E-08
402.13590	4.83295E-08
402.30871	4.83295E-08
402.48152	4.83310E-08
402.65434	4.83341E-08
402.82715	4.83391E-08
402.99996	4.83462E-08
403.17277	4.83552E-08
403.34559	4.83665E-08
403.51840	4.83800E-08
403.69121	4.83960E-08
403.86403	4.84146E-08
404.03684	4.84356E-08
404.20965	4.84592E-08
404.38247	4.84855E-08
404.55528	4.85144E-08
404.72809	4.85461E-08
404.90090	4.85806E-08
405.07372	4.86179E-08
405.24653	4.86580E-08
405.41934	4.87010E-08
405.59216	4.87467E-08
405.76497	4.87954E-08
405.93778	4.88467E-08
406.11060	4.89008E-08
406.28341	4.89576E-08
406.45622	4.90171E-08
406.62903	4.90792E-08
406.80185	4.91437E-08
406.97466	4.92108E-08
407.14747	4.92804E-08
407.32029	4.93523E-08
407.49310	4.94263E-08
407.66591	4.95025E-08
407.83873	4.95808E-08
408.01154	4.96609E-08
408.18435	4.97430E-08
408.35716	4.98267E-08
408.52998	4.99121E-08
408.70279	4.99988E-08
408.87560	5.00870E-08
409.04842	5.01764E-08
409.22123	5.02669E-08
409.39404	5.03582E-08
409.56686	5.04506E-08
409.73967	5.05434E-08
409.91248	5.06368E-08
410.08529	5.07307E-08
410.25811	5.08250E-08
410.43092	5.09193E-08
410.60373	5.10137E-08
410.77655	5.11079E-08
410.94936	5.12019E-08
411.12217	5.12957E-08
411.29499	5.13891E-08
411.46780	5.14817E-08
411.64061	5.15737E-08
411.81343	5.16650E-08
411.98624	5.17553E-08
412.15905	5.18447E-08
412.33186	5.19329E-08
412.50468	5.20202E-08
412.67749	5.21062E-08
412.85030	5.21910E-08
413.02312	5.22743E-08
413.19593	5.23564E-08
413.36874	5.24371E-08
413.54156	5.25162E-08
413.71437	5.25939E-08
413.88718	5.26701E-08
414.05999	5.27447E-08
414.23281	5.28179E-08
414.40562	5.28896E-08
414.57843	5.29597E-08
414.75125	5.30284E-08
414.92406	5.30957E-08
415.09687	5.31617E-08
415.26969	5.32262E-08
415.44250	5.32893E-08
415.61531	5.33514E-08
415.78812	5.34122E-08
415.96094	5.34718E-08
416.13375	5.35307E-08
416.30656	5.35885E-08
416.47938	5.36456E-08
416.65219	5.37018E-08
416.82500	5.37574E-08
416.99782	5.38126E-08
417.17063	5.38673E-08
417.34344	5.39218E-08
417.51625	5.39760E-08
417.68907	5.40301E-08
417.86188	5.40843E-08
418.03469	5.41386E-08
418.20751	5.41933E-08
418.38032	5.42487E-08
418.55313	5.43046E-08
418.72595	5.43611E-08
418.89876	5.44185E-08
419.07157	5.44771E-08
419.24438	5.45365E-08
419.41720	5.45975E-08
419.59001	5.46599E-08
419.76282	5.47237E-08
419.93564	5.47892E-08
420.10845	5.48565E-08
420.28126	5.49258E-08
420.45408	5.49971E-08
420.62689	5.50706E-08
420.79970	5.51466E-08
420.97252	5.52249E-08
421.14533	5.53056E-08
421.31814	5.53892E-08
421.49095	5.54756E-08
421.66377	5.55648E-08
421.83658	5.56570E-08
422.00939	5.57522E-08
422.18221	5.58507E-08
422.35502	5.59524E-08
422.52783	5.60577E-08
422.70065	5.61662E-08
422.87346	5.62784E-08
423.04627	5.63941E-08
423.21908	5.65133E-08
423.39190	5.66365E-08
423.56471	5.67635E-08
423.73752	5.68940E-08
423.91034	5.70288E-08
424.08315	5.71673E-08
424.25596	5.73098E-08
424.42878	5.74563E-08
424.60159	5.76067E-08
424.77440	5.77614E-08
424.94721	5.79198E-08
425.12003	5.80823E-08
425.29284	5.82488E-08
425.46565	5.84193E-08
425.63847	5.85935E-08
425.81128	5.87717E-08
425.98409	5.89538E-08
426.15691	5.91395E-08
426.32972	5.93291E-08
426.50253	5.95220E-08
426.67534	5.97184E-08
426.84816	5.99183E-08
427.02097	6.01215E-08
427.19378	6.03277E-08
427.36660	6.05370E-08
427.53941	6.07491E-08
427.71222	6.09638E-08
427.88504	6.11811E-08
428.05785	6.14005E-08
428.23066	6.16220E-08
428.40347	6.18453E-08
428.57629	6.20702E-08
428.74910	6.22963E-08
428.92191	6.25235E-08
429.09473	6.27514E-08
429.26754	6.29796E-08
429.44035	6.32078E-08
429.61317	6.34359E-08
429.78598	6.36633E-08
429.95879	6.38898E-08
430.13161	6.41149E-08
430.30442	6.43383E-08
430.47723	6.45593E-08
430.65004	6.47775E-08
430.82286	6.49929E-08
430.99567	6.52047E-08
431.16848	6.54123E-08
431.34130	6.56155E-08
431.51411	6.58137E-08
431.68692	6.60065E-08
431.85974	6.61933E-08
432.03255	6.63736E-08
432.20536	6.65468E-08
432.37817	6.67128E-08
432.55099	6.68707E-08
432.72380	6.70201E-08
432.89661	6.71607E-08
433.06943	6.72916E-08
433.24224	6.74128E-08
433.41505	6.75233E-08
433.58787	6.76233E-08
433.76068	6.77120E-08
433.93349	6.77891E-08
434.10630	6.78541E-08
434.27912	6.79072E-08
434.45193	6.79473E-08
434.62474	6.79748E-08
434.79756	6.79890E-08
434.97037	6.79898E-08
435.14318	6.79773E-08
435.31600	6.79511E-08
435.48881	6.79112E-08
435.66162	6.78577E-08
435.83443	6.77902E-08
436.00725	6.77093E-08
436.18006	6.76148E-08
436.35287	6.75069E-08
436.52569	6.73857E-08
436.69850	6.72515E-08
436.87131	6.71046E-08
437.04413	6.69453E-08
437.21694	6.67741E-08
437.38975	6.65912E-08
437.56256	6.63970E-08
437.73538	6.61921E-08
437.90819	6.59768E-08
438.08100	6.57519E-08
438.25382	6.55179E-08
438.42663	6.52750E-08
438.59944	6.50243E-08
438.77226	6.47664E-08
438.94507	6.45016E-08
439.11788	6.42308E-08
439.29070	6.39545E-08
439.46351	6.36732E-08
439.63632	6.33881E-08
439.80913	6.30994E-08
439.98195	6.28080E-08
440.15476	6.25143E-08
440.32757	6.22193E-08
440.50039	6.19234E-08
440.67320	6.16274E-08
440.84601	6.13316E-08
441.01883	6.10368E-08
441.19164	6.07436E-08
441.36445	6.04526E-08
441.53726	6.01643E-08
441.71008	5.98792E-08
441.88289	5.95980E-08
442.05570	5.93210E-08
442.22852	5.90487E-08
442.40133	5.87817E-08
442.57414	5.85203E-08
442.74696	5.82649E-08
442.91977	5.80159E-08
443.09258	5.77739E-08
443.26539	5.75389E-08
443.43821	5.73114E-08
443.61102	5.70918E-08
443.78383	5.68803E-08
443.95665	5.66771E-08
444.12946	5.64827E-08
444.30227	5.62970E-08
444.47509	5.61206E-08
444.64790	5.59534E-08
444.82071	5.57957E-08
444.99352	5.56476E-08
445.16634	5.55096E-08
445.33915	5.53813E-08
445.51196	5.52632E-08
445.68478	5.51552E-08
445.85759	5.50576E-08
446.03040	5.49703E-08
446.20322	5.48935E-08
446.37603	5.48272E-08
446.54884	5.47714E-08
446.72165	5.47261E-08
446.89447	5.46914E-08
447.06728	5.46673E-08
447.24009	5.46538E-08
447.41291	5.46508E-08
447.58572	5.46583E-08
447.75853	5.46763E-08
447.93135	5.47046E-08
448.10416	5.47434E-08
448.27697	5.47925E-08
448.44979	5.48516E-08
448.62260	5.49209E-08
448.79541	5.49999E-08
448.96822	5.50887E-08
449.14104	5.51873E-08
449.31385	5.52953E-08
449.48666	5.54125E-08
449.65948	5.55387E-08
449.83229	5.56739E-08
450.00510	5.58177E-08
450.17792	5.59697E-08
450.35073	5.61298E-08
450.52354	5.62978E-08
450.69635	5.64733E-08
450.86917	5.66560E-08
451.04198	5.68454E-08
451.21479	5.70416E-08
451.38761	5.72439E-08
451.56042	5.74520E-08
451.73323	5.76653E-08
451.90605	5.78837E-08
452.07886	5.81066E-08
452.25167	5.83336E-08
452.42448	5.85642E-08
452.59730	5.87979E-08
452.77011	5.90341E-08
452.94292	5.92725E-08
453.11574	5.95127E-08
453.28855	5.97539E-08
453.46136	5.99958E-08
453.63418	6.02376E-08
453.80699	6.04790E-08
453.97980	6.07192E-08
454.15261	6.09580E-08
454.32543	6.11946E-08
454.49824	6.14286E-08
454.67105	6.16595E-08
454.84387	6.18865E-08
455.01668	6.21093E-08
455.18949	6.23274E-08
455.36231	6.25402E-08
455.53512	6.27473E-08
455.70793	6.29484E-08
455.88074	6.31430E-08
456.05356	6.33305E-08
456.22637	6.35109E-08
456.39918	6.36835E-08
456.57200	6.38482E-08
456.74481	6.40047E-08
456.91762	6.41526E-08
457.09044	6.42918E-08
457.26325	6.44223E-08
457.43606	6.45438E-08
457.60888	6.46562E-08
457.78169	6.47595E-08
457.95450	6.48536E-08
458.12731	6.49389E-08
458.30013	6.50151E-08
458.47294	6.50824E-08
458.64575	6.51409E-08
458.81857	6.51909E-08
458.99138	6.52326E-08
459.16419	6.52662E-08
459.33701	6.52917E-08
459.50982	6.53099E-08
459.68263	6.53209E-08
459.85544	6.53252E-08
460.02826	6.53229E-08
460.20107	6.53146E-08
460.37388	6.53006E-08
460.54670	6.52814E-08
460.71951	6.52576E-08
460.89232	6.52293E-08
461.06514	6.51974E-08
461.23795	6.51618E-08
461.41076	6.51233E-08
461.58357	6.50825E-08
461.75639	6.50397E-08
461.92920	6.49953E-08
462.10201	6.49498E-08
462.27483	6.49039E-08
462.44764	6.48577E-08
462.62045	6.48117E-08
462.79327	6.47667E-08
462.96608	6.47226E-08
463.13889	6.46800E-08
463.31170	6.46396E-08
463.48452	6.46012E-08
463.65733	6.45654E-08
463.83014	6.45328E-08
464.00296	6.45033E-08
464.17577	6.44777E-08
464.34858	6.44557E-08
464.52140	6.44379E-08
464.69421	6.44248E-08
464.86702	6.44161E-08
465.03983	6.44122E-08
465.21265	6.44136E-08
465.38546	6.44199E-08
465.55827	6.44316E-08
465.73109	6.44488E-08
465.90390	6.44717E-08
466.07671	6.45002E-08
466.24953	6.45344E-08
466.42234	6.45745E-08
466.59515	6.46204E-08
466.76797	6.46721E-08
466.94078	6.47297E-08
467.11359	6.47933E-08
467.28640	6.48625E-08
467.45922	6.49376E-08
467.63203	6.50182E-08
467.80484	6.51045E-08
467.97766	6.51961E-08
468.15047	6.52934E-08
468.32328	6.53957E-08
468.49610	6.55030E-08
468.66891	6.56154E-08
468.84172	6.57325E-08
469.01453	6.58542E-08
469.18735	6.59804E-08
469.36016	6.61107E-08
469.53297	6.62450E-08
469.70579	6.63832E-08
469.87860	6.65247E-08
470.05141	6.66697E-08
470.22423	6.68176E-08
470.39704	6.69683E-08
470.56985	6.71216E-08
470.74266	6.72772E-08
470.91548	6.74348E-08
471.08829	6.75942E-08
471.26110	6.77553E-08
471.43392	6.79174E-08
471.60673	6.80808E-08
471.77954	6.82449E-08
471.95236	6.84097E-08
472.12517	6.85748E-08
472.29798	6.87399E-08
472.47079	6.89051E-08
472.64361	6.90699E-08
472.81642	6.92342E-08
472.98923	6.93979E-08
473.16205	6.95605E-08
473.33486	6.97221E-08
473.50767	6.98830E-08
473.68049	7.00422E-08
473.85330	7.02000E-08
474.02611	7.03561E-08
474.19892	7.05108E-08
474.37174	7.06637E-08
474.54455	7.08152E-08
474.71736	7.09647E-08
474.89018	7.11125E-08
475.06299	7.12583E-08
475.23580	7.14024E-08
475.40862	7.15448E-08
475.58143	7.16853E-08
475.75424	7.18245E-08
475.92706	7.19619E-08
476.09987	7.20977E-08
476.27268	7.22323E-08
476.44549	7.23655E-08
476.61831	7.24975E-08
476.79112	7.26284E-08
476.96393	7.27586E-08
477.13675	7.28879E-08
477.30956	7.30164E-08
477.48237	7.31447E-08
477.65519	7.32726E-08
477.82800	7.34002E-08
478.00081	7.35280E-08
478.17362	7.36562E-08
478.34644	7.37846E-08
478.51925	7.39137E-08
478.69206	7.40436E-08
478.86488	7.41741E-08
479.03769	7.43060E-08
479.21050	7.44391E-08
479.38332	7.45736E-08
479.55613	7.47097E-08
479.72894	7.48475E-08
479.90175	7.49869E-08
480.07457	7.51285E-08
480.24738	7.52719E-08
480.42019	7.54176E-08
480.59301	7.55656E-08
480.76582	7.57158E-08
480.93863	7.58686E-08
481.11145	7.60234E-08
481.28426	7.61810E-08
481.45707	7.63412E-08
481.62988	7.65039E-08
481.80270	7.66689E-08
481.97551	7.68366E-08
482.14832	7.70066E-08
482.32114	7.71791E-08
482.49395	7.73540E-08
482.66676	7.75309E-08
482.83958	7.77100E-08
483.01239	7.78913E-08
483.18520	7.80743E-08
483.35801	7.82594E-08
483.53083	7.84458E-08
483.70364	7.86340E-08
483.87645	7.88234E-08
484.04927	7.90139E-08
484.22208	7.92052E-08
484.39489	7.93975E-08
484.56771	7.95903E-08
484.74052	7.97836E-08
484.91333	7.99767E-08
485.08615	8.01697E-08
485.25896	8.03621E-08
485.43177	8.05543E-08
485.60458	8.07453E-08
485.77740	8.09356E-08
485.95021	8.11241E-08
486.12302	8.13114E-08
486.29584	8.14968E-08
486.46865	8.16802E-08
486.64146	8.18617E-08
486.81428	8.20408E-08
486.98709	8.22171E-08
487.15990	8.23910E-08
487.33271	8.25621E-08
487.50553	8.27300E-08
487.67834	8.28947E-08
487.85115	8.30565E-08
488.02397	8.32147E-08
488.19678	8.33697E-08
488.36959	8.35213E-08
488.54241	8.36696E-08
488.71522	8.38142E-08
488.88803	8.39556E-08
489.06084	8.40938E-08
489.23366	8.42285E-08
489.40647	8.43605E-08
489.57928	8.44894E-08
489.75210	8.46152E-08
489.92491	8.47389E-08
490.09772	8.48601E-08
490.27054	8.49789E-08
490.44335	8.50956E-08
490.61616	8.52107E-08
490.78897	8.53246E-08
490.96179	8.54374E-08
491.13460	8.55492E-08
491.30741	8.56607E-08
491.48023	8.57723E-08
491.65304	8.58838E-08
491.82585	8.59964E-08
491.99867	8.61097E-08
492.17148	8.62247E-08
492.34429	8.63416E-08
492.51710	8.64609E-08
492.68992	8.65827E-08
492.86273	8.67075E-08
493.03554	8.68359E-08
493.20836	8.69684E-08
493.38117	8.71051E-08
493.55398	8.72466E-08
493.72680	8.73934E-08
493.89961	8.75453E-08
494.07242	8.77036E-08
494.24524	8.78679E-08
494.41805	8.80390E-08
494.59086	8.82172E-08
494.76367	8.84025E-08
494.93649	8.85955E-08
495.10930	8.87964E-08
495.28211	8.90056E-08
495.45493	8.92231E-08
495.62774	8.94494E-08
495.80055	8.96843E-08
495.97337	8.99281E-08
496.14618	9.01813E-08
496.31899	9.04437E-08
496.49180	9.07153E-08
496.66462	9.09965E-08
496.83743	9.12869E-08
497.01024	9.15867E-08
497.18306	9.18957E-08
497.35587	9.22137E-08
497.52868	9.25408E-08
497.70150	9.28767E-08
497.87431	9.32209E-08
498.04712	9.35737E-08
498.21993	9.39342E-08
498.39275	9.43024E-08
498.56556	9.46777E-08
498.73837	9.50596E-08
498.91119	9.54479E-08
499.08400	9.58417E-08
499.25681	9.62404E-08
499.42963	9.66432E-08
499.60244	9.70499E-08
499.77525	9.74591E-08
499.94806	9.78706E-08
500.12088	9.82832E-08
500.29369	9.86955E-08
500.46650	9.91073E-08
500.63932	9.95174E-08
500.81213	9.99249E-08
500.98494	1.00329E-07
501.15776	1.00727E-07
501.33057	1.01120E-07
501.50338	1.01505E-07
501.67619	1.01882E-07
501.84901	1.02249E-07
502.02182	1.02606E-07
502.19463	1.02950E-07
502.36745	1.03282E-07
502.54026	1.03600E-07
502.71307	1.03901E-07
502.88589	1.04187E-07
503.05870	1.04454E-07
503.23151	1.04703E-07
503.40433	1.04933E-07
503.57714	1.05142E-07
503.74995	1.05330E-07
503.92276	1.05495E-07
504.09558	1.05638E-07
504.26839	1.05757E-07
504.44120	1.05852E-07
504.61402	1.05922E-07
504.78683	1.05969E-07
504.95964	1.05990E-07
505.13246	1.05986E-07
505.30527	1.05957E-07
505.47808	1.05903E-07
505.65089	1.05825E-07
505.82371	1.05722E-07
505.99652	1.05595E-07
506.16933	1.05445E-07
506.34215	1.05271E-07
506.51496	1.05076E-07
506.68777	1.04860E-07
506.86059	1.04623E-07
507.03340	1.04367E-07
507.20621	1.04091E-07
507.37902	1.03799E-07
507.55184	1.03491E-07
507.72465	1.03168E-07
507.89746	1.02831E-07
508.07028	1.02481E-07
508.24309	1.02120E-07
508.41590	1.01750E-07
508.58872	1.01370E-07
508.76153	1.00983E-07
508.93434	1.00590E-07
509.10715	1.00192E-07
509.27997	9.97910E-08
509.45278	9.93877E-08
509.62559	9.89832E-08
509.79841	9.85787E-08
509.97122	9.81757E-08
510.14403	9.77748E-08
510.31685	9.73776E-08
510.48966	9.69847E-08
510.66247	9.65973E-08
510.83529	9.62167E-08
511.00810	9.58433E-08
511.18091	9.54784E-08
511.35372	9.51222E-08
511.52654	9.47758E-08
511.69935	9.44401E-08
511.87216	9.41157E-08
512.04498	9.38032E-08
512.21779	9.35029E-08
512.39060	9.32156E-08
512.56342	9.29415E-08
512.73623	9.26817E-08
512.90904	9.24359E-08
513.08185	9.22047E-08
513.25467	9.19882E-08
513.42748	9.17874E-08
513.60029	9.16016E-08
513.77311	9.14316E-08
513.94592	9.12771E-08
514.11873	9.11388E-08
514.29155	9.10162E-08
514.46436	9.09096E-08
514.63717	9.08192E-08
514.80998	9.07447E-08
514.98280	9.06861E-08
515.15561	9.06434E-08
515.32842	9.06165E-08
515.50124	9.06051E-08
515.67405	9.06093E-08
515.84686	9.06284E-08
516.01968	9.06626E-08
516.19249	9.07115E-08
516.36530	9.07749E-08
516.53811	9.08522E-08
516.71093	9.09433E-08
516.88374	9.10481E-08
517.05655	9.11653E-08
517.22937	9.12952E-08
517.40218	9.14374E-08
517.57499	9.15909E-08
517.74781	9.17556E-08
517.92062	9.19305E-08
518.09343	9.21156E-08
518.26624	9.23099E-08
518.43906	9.25128E-08
518.61187	9.27242E-08
518.78468	9.29429E-08
518.95750	9.31683E-08
519.13031	9.33999E-08
519.30312	9.36369E-08
519.47594	9.38789E-08
519.64875	9.41245E-08
519.82156	9.43735E-08
519.99438	9.46250E-08
520.16719	9.48783E-08
520.34000	9.51328E-08
520.51281	9.53873E-08
520.68563	9.56415E-08
520.85844	9.58944E-08
521.03125	9.61454E-08
521.20407	9.63938E-08
521.37688	9.66384E-08
521.54969	9.68794E-08
521.72251	9.71154E-08
521.89532	9.73459E-08
522.06813	9.75708E-08
522.24094	9.77886E-08
522.41376	9.79996E-08
522.58657	9.82024E-08
522.75938	9.83975E-08
522.93220	9.85839E-08
523.10501	9.87613E-08
523.27782	9.89293E-08
523.45064	9.90874E-08
523.62345	9.92357E-08
523.79626	9.93738E-08
523.96907	9.95012E-08
524.14189	9.96185E-08
524.31470	9.97250E-08
524.48751	9.98208E-08
524.66033	9.99057E-08
524.83314	9.99807E-08
525.00595	1.00045E-07
525.17877	1.00099E-07
525.35158	1.00142E-07
525.52439	1.00176E-07
525.69720	1.00200E-07
525.87002	1.00216E-07
526.04283	1.00221E-07
526.21564	1.00219E-07
526.38846	1.00208E-07
526.56127	1.00189E-07
526.73408	1.00163E-07
526.90690	1.00130E-07
527.07971	1.00091E-07
527.25252	1.00046E-07
527.42533	9.99953E-08
527.59815	9.99400E-08
527.77096	9.98800E-08
527.94377	9.98163E-08
528.11659	9.97492E-08
528.28940	9.96790E-08
528.46221	9.96068E-08
528.63503	9.95328E-08
528.80784	9.94574E-08
528.98065	9.93813E-08
529.15347	9.93044E-08
529.32628	9.92277E-08
529.49909	9.91515E-08
529.67190	9.90761E-08
529.84472	9.90021E-08
530.01753	9.89295E-08
530.19034	9.88589E-08
530.36316	9.87910E-08
530.53597	9.87253E-08
530.70878	9.86625E-08
530.88160	9.86032E-08
531.05441	9.85469E-08
531.22722	9.84944E-08
531.40003	9.84453E-08
531.57285	9.84004E-08
531.74566	9.83595E-08
531.91847	9.83225E-08
532.09129	9.82897E-08
532.26410	9.82612E-08
532.43691	9.82373E-08
532.60973	9.82171E-08
532.78254	9.82014E-08
532.95535	9.81901E-08
533.12816	9.81827E-08
533.30098	9.81792E-08
533.47379	9.81798E-08
533.64660	9.81841E-08
533.81942	9.81924E-08
533.99223	9.82040E-08
534.16504	9.82190E-08
534.33786	9.82375E-08
534.51067	9.82585E-08
534.68348	9.82827E-08
534.85629	9.83096E-08
535.02911	9.83390E-08
535.20192	9.83704E-08
535.37473	9.84036E-08
535.54755	9.84386E-08
535.72036	9.84749E-08
535.89317	9.85127E-08
536.06599	9.85518E-08
536.23880	9.85910E-08
536.41161	9.86309E-08
536.58442	9.86713E-08
536.75724	9.87120E-08
536.93005	9.87522E-08
537.10286	9.87921E-08
537.27568	9.88318E-08
537.44849	9.88704E-08
537.62130	9.89083E-08
537.79412	9.89451E-08
537.96693	9.89808E-08
538.13974	9.90150E-08
538.31256	9.90478E-08
538.48537	9.90788E-08
538.65818	9.91085E-08
538.83099	9.91364E-08
539.00381	9.91628E-08
539.17662	9.91871E-08
539.34943	9.92096E-08
539.52225	9.92302E-08
539.69506	9.92494E-08
539.86787	9.92665E-08
540.04069	9.92821E-08
540.21350	9.92957E-08
540.38631	9.93084E-08
540.55912	9.93193E-08
540.73194	9.93288E-08
540.90475	9.93374E-08
541.07756	9.93450E-08
541.25038	9.93517E-08
541.42319	9.93579E-08
541.59600	9.93630E-08
541.76882	9.93685E-08
541.94163	9.93735E-08
542.11444	9.93790E-08
542.28725	9.93844E-08
542.46007	9.93908E-08
542.63288	9.93976E-08
542.80569	9.94057E-08
542.97851	9.94150E-08
543.15132	9.94259E-08
543.32413	9.94385E-08
543.49695	9.94531E-08
543.66976	9.94699E-08
543.84257	9.94892E-08
544.01538	9.95112E-08
544.18820	9.95357E-08
544.36101	9.95636E-08
544.53382	9.95947E-08
544.70664	9.96295E-08
544.87945	9.96675E-08
545.05226	9.97100E-08
545.22508	9.97559E-08
545.39789	9.98060E-08
545.57070	9.98603E-08
545.74351	9.99194E-08
545.91633	9.99826E-08
546.08914	1.00050E-07
546.26195	1.00123E-07
546.43477	1.00200E-07
546.60758	1.00282E-07
546.78039	1.00369E-07
546.95321	1.00460E-07
547.12602	1.00556E-07
547.29883	1.00658E-07
547.47165	1.00764E-07
547.64446	1.00874E-07
547.81727	1.00990E-07
547.99008	1.01110E-07
548.16290	1.01234E-07
548.33571	1.01363E-07
548.50852	1.01496E-07
548.68134	1.01633E-07
548.85415	1.01774E-07
549.02696	1.01919E-07
549.19978	1.02067E-07
549.37259	1.02219E-07
549.54540	1.02374E-07
549.71821	1.02532E-07
549.89103	1.02693E-07
550.06384	1.02857E-07
550.23665	1.03023E-07
550.40947	1.03191E-07
550.58228	1.03361E-07
550.75509	1.03533E-07
550.92791	1.03706E-07
551.10072	1.03880E-07
551.27353	1.04055E-07
551.44634	1.04231E-07
551.61916	1.04408E-07
551.79197	1.04584E-07
551.96478	1.04761E-07
552.13760	1.04936E-07
552.31041	1.05112E-07
552.48322	1.05286E-07
552.65604	1.05460E-07
552.82885	1.05633E-07
553.00166	1.05805E-07
553.17447	1.05974E-07
553.34729	1.06143E-07
553.52010	1.06309E-07
553.69291	1.06473E-07
553.86573	1.06636E-07
554.03854	1.06796E-07
554.21135	1.06954E-07
554.38417	1.07110E-07
554.55698	1.07263E-07
554.72979	1.07414E-07
554.90260	1.07562E-07
555.07542	1.07709E-07
555.24823	1.07852E-07
555.42104	1.07994E-07
555.59386	1.08133E-07
555.76667	1.08270E-07
555.93948	1.08405E-07
556.11230	1.08538E-07
556.28511	1.08669E-07
556.45792	1.08799E-07
556.63074	1.08927E-07
556.80355	1.09053E-07
556.97636	1.09178E-07
557.14917	1.09303E-07
557.32199	1.09426E-07
557.49480	1.09548E-07
557.66761	1.09670E-07
557.84043	1.09792E-07
558.01324	1.09914E-07
558.18605	1.10035E-07
558.35887	1.10158E-07
558.53168	1.10281E-07
558.70449	1.10404E-07
558.87730	1.10529E-07
559.05012	1.10655E-07
559.22293	1.10783E-07
559.39574	1.10912E-07
559.56856	1.11043E-07
559.74137	1.11176E-07
559.91418	1.11311E-07
560.08700	1.11448E-07
560.25981	1.11589E-07
560.43262	1.11732E-07
560.60543	1.11877E-07
560.77825	1.12026E-07
560.95106	1.12178E-07
561.12387	1.12332E-07
561.29669	1.12490E-07
561.46950	1.12651E-07
561.64231	1.12815E-07
561.81513	1.12982E-07
561.98794	1.13152E-07
562.16075	1.13326E-07
562.33356	1.13503E-07
562.50638	1.13683E-07
562.67919	1.13866E-07
562.85200	1.14051E-07
563.02482	1.14240E-07
563.19763	1.14431E-07
563.37044	1.14624E-07
563.54326	1.14820E-07
563.71607	1.15018E-07
563.88888	1.15217E-07
564.06169	1.15418E-07
564.23451	1.15620E-07
564.40732	1.15824E-07
564.58013	1.16028E-07
564.75295	1.16233E-07
564.92576	1.16438E-07
565.09857	1.16643E-07
565.27139	1.16847E-07
565.44420	1.17051E-07
565.61701	1.17254E-07
565.78983	1.17455E-07
565.96264	1.17655E-07
566.13545	1.17852E-07
566.30826	1.18047E-07
566.48108	1.18240E-07
566.65389	1.18429E-07
566.82670	1.18616E-07
566.99952	1.18798E-07
567.17233	1.18977E-07
567.34514	1.19152E-07
567.51796	1.19323E-07
567.69077	1.19488E-07
567.86358	1.19650E-07
568.03639	1.19806E-07
568.20921	1.19956E-07
568.38202	1.20101E-07
568.55483	1.20241E-07
568.72765	1.20376E-07
568.90046	1.20505E-07
569.07327	1.20628E-07
569.24609	1.20745E-07
569.41890	1.20857E-07
569.59171	1.20963E-07
569.76452	1.21064E-07
569.93734	1.21159E-07
570.11015	1.21249E-07
570.28296	1.21333E-07
570.45578	1.21413E-07
570.62859	1.21487E-07
570.80140	1.21558E-07
570.97422	1.21624E-07
571.14703	1.21686E-07
571.31984	1.21745E-07
571.49265	1.21800E-07
571.66547	1.21852E-07
571.83828	1.21902E-07
572.01109	1.21950E-07
572.18391	1.21996E-07
572.35672	1.22041E-07
572.52953	1.22084E-07
572.70235	1.22128E-07
572.87516	1.22172E-07
573.04797	1.22216E-07
573.22078	1.22262E-07
573.39360	1.22309E-07
573.56641	1.22358E-07
573.73922	1.22410E-07
573.91204	1.22464E-07
574.08485	1.22522E-07
574.25766	1.22584E-07
574.43048	1.22650E-07
574.60329	1.22721E-07
574.77610	1.22797E-07
574.94892	1.22879E-07
575.12173	1.22967E-07
575.29454	1.23061E-07
575.46735	1.23162E-07
575.64017	1.23270E-07
575.81298	1.23385E-07
575.98579	1.23509E-07
576.15861	1.23640E-07
576.33142	1.23780E-07
576.50423	1.23928E-07
576.67705	1.24085E-07
576.84986	1.24250E-07
577.02267	1.24425E-07
577.19548	1.24609E-07
577.36830	1.24802E-07
577.54111	1.25004E-07
577.71392	1.25216E-07
577.88674	1.25436E-07
578.05955	1.25666E-07
578.23236	1.25906E-07
578.40518	1.26153E-07
578.57799	1.26411E-07
578.75080	1.26677E-07
578.92361	1.26950E-07
579.09643	1.27233E-07
579.26924	1.27524E-07
579.44205	1.27822E-07
579.61487	1.28128E-07
579.78768	1.28440E-07
579.96049	1.28760E-07
580.13331	1.29085E-07
580.30612	1.29417E-07
580.47893	1.29754E-07
580.65174	1.30095E-07
580.82456	1.30441E-07
580.99737	1.30791E-07
581.17018	1.31144E-07
581.34300	1.31500E-07
581.51581	1.31858E-07
581.68862	1.32217E-07
581.86144	1.32578E-07
582.03425	1.32938E-07
582.20706	1.33299E-07
582.37987	1.33658E-07
582.55269	1.34017E-07
582.72550	1.34373E-07
582.89831	1.34726E-07
583.07113	1.35077E-07
583.24394	1.35423E-07
583.41675	1.35765E-07
583.58957	1.36102E-07
583.76238	1.36434E-07
583.93519	1.36760E-07
584.10801	1.37080E-07
584.28082	1.37393E-07
584.45363	1.37699E-07
584.62644	1.37997E-07
584.79926	1.38287E-07
584.97207	1.38570E-07
585.14488	1.38845E-07
585.31770	1.39111E-07
585.49051	1.39368E-07
585.66332	1.39617E-07
585.83614	1.39857E-07
586.00895	1.40089E-07
586.18176	1.40312E-07
586.35457	1.40527E-07
586.52739	1.40733E-07
586.70020	1.40932E-07
586.87301	1.41123E-07
587.04583	1.41305E-07
587.21864	1.41482E-07
587.39145	1.41651E-07
587.56427	1.41813E-07
587.73708	1.41971E-07
587.90989	1.42123E-07
588.08270	1.42269E-07
588.25552	1.42412E-07
588.42833	1.42551E-07
588.60114	1.42687E-07
588.77396	1.42821E-07
588.94677	1.42954E-07
589.11958	1.43085E-07
589.29240	1.43216E-07
589.46521	1.43348E-07
589.63802	1.43480E-07
589.81083	1.43615E-07
589.98365	1.43753E-07
590.15646	1.43894E-07
590.32927	1.44039E-07
590.50209	1.44188E-07
590.67490	1.44343E-07
590.84771	1.44505E-07
591.02053	1.44673E-07
591.19334	1.44849E-07
591.36615	1.45032E-07
591.53896	1.45225E-07
591.71178	1.45427E-07
591.88459	1.45638E-07
592.05740	1.45860E-07
592.23022	1.46093E-07
592.40303	1.46336E-07
592.57584	1.46591E-07
592.74866	1.46859E-07
592.92147	1.47138E-07
593.09428	1.47430E-07
593.26710	1.47736E-07
593.43991	1.48054E-07
593.61272	1.48384E-07
593.78553	1.48728E-07
593.95835	1.49085E-07
594.13116	1.49456E-07
594.30397	1.49840E-07
594.47679	1.50236E-07
594.64960	1.50647E-07
594.82241	1.51069E-07
594.99523	1.51504E-07
595.16804	1.51951E-07
595.34085	1.52410E-07
595.51366	1.52880E-07
595.68648	1.53361E-07
595.85929	1.53853E-07
596.03210	1.54354E-07
596.20492	1.54865E-07
596.37773	1.55384E-07
596.55054	1.55911E-07
596.72336	1.56445E-07
596.89617	1.56986E-07
597.06898	1.57532E-07
597.24179	1.58083E-07
597.41461	1.58638E-07
597.58742	1.59196E-07
597.76023	1.59755E-07
597.93305	1.60316E-07
598.10586	1.60877E-07
598.27867	1.61436E-07
598.45149	1.61993E-07
598.62430	1.62548E-07
598.79711	1.63099E-07
598.96992	1.63645E-07
599.14274	1.64185E-07
599.31555	1.64717E-07
599.48836	1.65241E-07
599.66118	1.65757E-07
599.83399	1.66263E-07
600.00680	1.66759E-07
600.17962	1.67244E-07
600.35243	1.67715E-07
600.52524	1.68174E-07
600.69805	1.68620E-07
600.87087	1.69051E-07
601.04368	1.69468E-07
601.21649	1.69870E-07
601.38931	1.70257E-07
601.56212	1.70627E-07
601.73493	1.70983E-07
601.90775	1.71321E-07
602.08056	1.71644E-07
602.25337	1.71950E-07
602.42619	1.72241E-07
602.59900	1.72517E-07
602.77181	1.72776E-07
602.94462	1.73021E-07
603.11744	1.73251E-07
603.29025	1.73467E-07
603.46306	1.73669E-07
603.63588	1.73859E-07
603.80869	1.74036E-07
603.98150	1.74202E-07
604.15432	1.74358E-07
604.32713	1.74504E-07
604.49994	1.74641E-07
604.67275	1.74771E-07
604.84557	1.74894E-07
605.01838	1.75011E-07
605.19119	1.75125E-07
605.36401	1.75235E-07
605.53682	1.75342E-07
605.70963	1.75448E-07
605.88245	1.75554E-07
606.05526	1.75661E-07
606.22807	1.75771E-07
606.40088	1.75883E-07
606.57370	1.76001E-07
606.74651	1.76123E-07
606.91932	1.76252E-07
607.09214	1.76390E-07
607.26495	1.76535E-07
607.43776	1.76690E-07
607.61058	1.76855E-07
607.78339	1.77031E-07
607.95620	1.77221E-07
608.12901	1.77422E-07
608.30183	1.77636E-07
608.47464	1.77866E-07
608.64745	1.78111E-07
608.82027	1.78369E-07
608.99308	1.78646E-07
609.16589	1.78938E-07
609.33871	1.79246E-07
609.51152	1.79572E-07
609.68433	1.79917E-07
609.85714	1.80277E-07
610.02996	1.80656E-07
610.20277	1.81051E-07
610.37558	1.81465E-07
610.54840	1.81897E-07
610.72121	1.82346E-07
610.89402	1.82811E-07
611.06684	1.83294E-07
611.23965	1.83794E-07
611.41246	1.84310E-07
611.58528	1.84840E-07
611.75809	1.85387E-07
611.93090	1.85948E-07
612.10371	1.86522E-07
612.27653	1.87109E-07
612.44934	1.87709E-07
612.62215	1.88320E-07
612.79497	1.88941E-07
612.96778	1.89572E-07
613.14059	1.90212E-07
613.31341	1.90859E-07
613.48622	1.91512E-07
613.65903	1.92171E-07
613.83184	1.92835E-07
614.00466	1.93500E-07
614.17747	1.94168E-07
614.35028	1.94836E-07
614.52310	1.95505E-07
614.69591	1.96170E-07
614.86872	1.96834E-07
615.04154	1.97493E-07
615.21435	1.98149E-07
615.38716	1.98797E-07
615.55997	1.99438E-07
615.73279	2.00071E-07
615.90560	2.00696E-07
616.07841	2.01309E-07
616.25123	2.01913E-07
616.42404	2.02505E-07
616.59685	2.03086E-07
616.76967	2.03652E-07
616.94248	2.04206E-07
617.11529	2.04748E-07
617.28810	2.05274E-07
617.46092	2.05787E-07
617.63373	2.06287E-07
617.80654	2.06773E-07
617.97936	2.07244E-07
618.15217	2.07703E-07
618.32498	2.08147E-07
618.49780	2.08579E-07
618.67061	2.09001E-07
618.84342	2.09409E-07
619.01623	2.09807E-07
619.18905	2.10197E-07
619.36186	2.10577E-07
619.53467	2.10948E-07
619.70749	2.11314E-07
619.88030	2.11675E-07
620.05311	2.12032E-07
620.22593	2.12385E-07
620.39874	2.12739E-07
620.57155	2.13091E-07
620.74437	2.13446E-07
620.91718	2.13804E-07
621.08999	2.14167E-07
621.26280	2.14538E-07
621.43562	2.14915E-07
621.60843	2.15304E-07
621.78124	2.15703E-07
621.95406	2.16117E-07
622.12687	2.16544E-07
622.29968	2.16990E-07
622.47250	2.17452E-07
622.64531	2.17934E-07
622.81812	2.18438E-07
622.99093	2.18964E-07
623.16375	2.19514E-07
623.33656	2.20090E-07
623.50937	2.20694E-07
623.68219	2.21325E-07
623.85500	2.21987E-07
624.02781	2.22678E-07
624.20063	2.23401E-07
624.37344	2.24156E-07
624.54625	2.24946E-07
624.71906	2.25771E-07
624.89188	2.26631E-07
625.06469	2.27526E-07
625.23750	2.28459E-07
625.41032	2.29427E-07
625.58313	2.30432E-07
625.75594	2.31475E-07
625.92876	2.32557E-07
626.10157	2.33673E-07
626.27438	2.34830E-07
626.44719	2.36022E-07
626.62001	2.37250E-07
626.79282	2.38515E-07
626.96563	2.39813E-07
627.13845	2.41147E-07
627.31126	2.42513E-07
627.48407	2.43914E-07
627.65689	2.45343E-07
627.82970	2.46802E-07
628.00251	2.48288E-07
628.17532	2.49799E-07
628.34814	2.51334E-07
628.52095	2.52891E-07
628.69376	2.54467E-07
628.86658	2.56059E-07
629.03939	2.57666E-07
629.21220	2.59283E-07
629.38502	2.60909E-07
629.55783	2.62540E-07
629.73064	2.64174E-07
629.90346	2.65807E-07
630.07627	2.67436E-07
630.24908	2.69057E-07
630.42189	2.70666E-07
630.59471	2.72262E-07
630.76752	2.73839E-07
630.94033	2.75396E-07
631.11315	2.76927E-07
631.28596	2.78431E-07
631.45877	2.79904E-07
631.63159	2.81343E-07
631.80440	2.82745E-07
631.97721	2.84107E-07
632.15002	2.85426E-07
632.32284	2.86701E-07
632.49565	2.87929E-07
632.66846	2.89108E-07
632.84128	2.90237E-07
633.01409	2.91314E-07
633.18690	2.92339E-07
633.35972	2.93310E-07
633.53253	2.94228E-07
633.70534	2.95092E-07
633.87815	2.95904E-07
634.05097	2.96663E-07
634.22378	2.97369E-07
634.39659	2.98026E-07
634.56941	2.98633E-07
634.74222	2.99195E-07
634.91503	2.99712E-07
635.08785	3.00187E-07
635.26066	3.00624E-07
635.43347	3.01024E-07
635.60628	3.01392E-07
635.77910	3.01732E-07
635.95191	3.02046E-07
636.12472	3.02339E-07
636.29754	3.02615E-07
636.47035	3.02878E-07
636.64316	3.03132E-07
636.81598	3.03383E-07
636.98879	3.03632E-07
637.16160	3.03886E-07
637.33441	3.04148E-07
637.50723	3.04425E-07
637.68004	3.04718E-07
637.85285	3.05033E-07
638.02567	3.05375E-07
638.19848	3.05748E-07
638.37129	3.06155E-07
638.54411	3.06601E-07
638.71692	3.07090E-07
638.88973	3.07626E-07
639.06255	3.08211E-07
639.23536	3.08852E-07
639.40817	3.09551E-07
639.58098	3.10310E-07
639.75380	3.11134E-07
639.92661	3.12026E-07
640.09942	3.12989E-07
640.27224	3.14025E-07
640.44505	3.15136E-07
640.61786	3.16326E-07
640.79068	3.17597E-07
640.96349	3.18952E-07
641.13630	3.20391E-07
641.30911	3.21916E-07
641.48193	3.23530E-07
641.65474	3.25234E-07
641.82755	3.27028E-07
642.00037	3.28915E-07
642.17318	3.30893E-07
642.34599	3.32966E-07
642.51881	3.35130E-07
642.69162	3.37388E-07
642.86443	3.39739E-07
643.03724	3.42182E-07
643.21006	3.44716E-07
643.38287	3.47341E-07
643.55568	3.50053E-07
643.72850	3.52851E-07
643.90131	3.55733E-07
644.07412	3.58694E-07
644.24694	3.61733E-07
644.41975	3.64846E-07
644.59256	3.68028E-07
644.76537	3.71275E-07
644.93819	3.74582E-07
645.11100	3.77942E-07
645.28381	3.81350E-07
645.45663	3.84799E-07
645.62944	3.88284E-07
645.80225	3.91796E-07
645.97507	3.95327E-07
646.14788	3.98869E-07
646.32069	4.02415E-07
646.49351	4.05955E-07
646.66632	4.09480E-07
646.83913	4.12980E-07
647.01194	4.16447E-07
647.18476	4.19871E-07
647.35757	4.23241E-07
647.53038	4.26549E-07
647.70320	4.29785E-07
647.87601	4.32939E-07
648.04882	4.36004E-07
648.22164	4.38970E-07
648.39445	4.41828E-07
648.56726	4.44573E-07
648.74007	4.47198E-07
648.91289	4.49695E-07
649.08570	4.52059E-07
649.25851	4.54288E-07
649.43133	4.56377E-07
649.60414	4.58322E-07
649.77695	4.60124E-07
649.94977	4.61782E-07
650.12258	4.63294E-07
650.29539	4.64666E-07
650.46820	4.65898E-07
650.64102	4.66993E-07
650.81383	4.67958E-07
650.98664	4.68797E-07
651.15946	4.69519E-07
651.33227	4.70127E-07
651.50508	4.70632E-07
651.67790	4.71045E-07
651.85071	4.71370E-07
652.02352	4.71619E-07
652.19633	4.71803E-07
652.36915	4.71933E-07
652.54196	4.72019E-07
652.71477	4.72073E-07
652.88759	4.72103E-07
653.06040	4.72125E-07
653.23321	4.72148E-07
653.40603	4.72183E-07
653.57884	4.72242E-07
653.75165	4.72336E-07
653.92446	4.72474E-07
654.09728	4.72668E-07
654.27009	4.72929E-07
654.44290	4.73266E-07
654.61572	4.73689E-07
654.78853	4.74207E-07
654.96134	4.74829E-07
655.13416	4.75564E-07
655.30697	4.76421E-07
655.47978	4.77407E-07
655.65260	4.78529E-07
655.82541	4.79795E-07
655.99822	4.81211E-07
656.17103	4.82787E-07
656.34385	4.84524E-07
656.51666	4.86431E-07
656.68947	4.88511E-07
656.86229	4.90772E-07
657.03510	4.93214E-07
657.20791	4.95845E-07
657.38073	4.98667E-07
657.55354	5.01682E-07
657.72635	5.04894E-07
657.89916	5.08304E-07
658.07198	5.11912E-07
658.24479	5.15722E-07
658.41760	5.19731E-07
658.59042	5.23940E-07
658.76323	5.28345E-07
658.93604	5.32946E-07
659.10886	5.37739E-07
659.28167	5.42720E-07
659.45448	5.47883E-07
659.62729	5.53218E-07
659.80011	5.58725E-07
659.97292	5.64389E-07
660.14573	5.70202E-07
660.31855	5.76152E-07
660.49136	5.82227E-07
660.66417	5.88410E-07
660.83699	5.94689E-07
661.00980	6.01041E-07
661.18261	6.07453E-07
661.35542	6.13902E-07
661.52824	6.20366E-07
661.70105	6.26822E-07
661.87386	6.33246E-07
662.04668	6.39614E-07
662.21949	6.45900E-07
662.39230	6.52073E-07
662.56512	6.58108E-07
662.73793	6.63978E-07
662.91074	6.69656E-07
663.08355	6.75110E-07
663.25637	6.80320E-07
663.42918	6.85254E-07
663.60199	6.89892E-07
663.77481	6.94210E-07
663.94762	6.98189E-07
664.12043	7.01806E-07
664.29325	7.05050E-07
664.46606	7.07905E-07
664.63887	7.10361E-07
664.81169	7.12414E-07
664.98450	7.14056E-07
665.15731	7.15292E-07
665.33012	7.16127E-07
665.50294	7.16563E-07
665.67575	7.16615E-07
665.84856	7.16293E-07
666.02138	7.15617E-07
666.19419	7.14603E-07
666.36700	7.13274E-07
666.53982	7.11656E-07
666.71263	7.09776E-07
666.88544	7.07657E-07
667.05825	7.05331E-07
667.23107	7.02829E-07
667.40388	7.00181E-07
667.57669	6.97415E-07
667.74951	6.94565E-07
667.92232	6.91662E-07
668.09513	6.88736E-07
668.26795	6.85818E-07
668.44076	6.82938E-07
668.61357	6.80120E-07
668.78638	6.77399E-07
668.95920	6.74797E-07
669.13201	6.72344E-07
669.30482	6.70062E-07
669.47764	6.67975E-07
669.65045	6.66109E-07
669.82326	6.64488E-07
669.99608	6.63128E-07
670.16889	6.62054E-07
670.34170	6.61281E-07
670.51451	6.60836E-07
670.68733	6.60734E-07
670.86014	6.60994E-07
671.03295	6.61636E-07
671.20577	6.62675E-07
671.37858	6.64132E-07
671.55139	6.66026E-07
671.72421	6.68372E-07
671.89702	6.71192E-07
672.06983	6.74504E-07
672.24264	6.78326E-07
672.41546	6.82680E-07
672.58827	6.87586E-07
672.76108	6.93067E-07
672.93390	6.99144E-07
673.10671	7.05839E-07
673.27952	7.13178E-07
673.45234	7.21187E-07
673.62515	7.29894E-07
673.79796	7.39323E-07
673.97078	7.49504E-07
674.14359	7.60470E-07
674.31640	7.72248E-07
674.48921	7.84877E-07
674.66203	7.98385E-07
674.83484	8.12808E-07
675.00765	8.28183E-07
675.18047	8.44548E-07
675.35328	8.61935E-07
675.52609	8.80389E-07
675.69891	8.99943E-07
675.87172	9.20636E-07
676.04453	9.42494E-07
676.21734	9.65561E-07
676.39016	9.89858E-07
676.56297	1.01542E-06
676.73578	1.04228E-06
676.90860	1.07043E-06
677.08141	1.09988E-06
677.25422	1.13065E-06
677.42704	1.16272E-06
677.59985	1.19606E-06
677.77266	1.23063E-06
677.94547	1.26638E-06
678.11829	1.30324E-06
678.29110	1.34110E-06
678.46391	1.37985E-06
678.63673	1.41933E-06
678.80954	1.45938E-06
678.98235	1.49977E-06
679.15517	1.54029E-06
679.32798	1.58068E-06
679.50079	1.62062E-06
679.67360	1.65983E-06
679.84642	1.69796E-06
680.01923	1.73466E-06
680.19204	1.76956E-06
680.36486	1.80232E-06
680.53767	1.83256E-06
680.71048	1.85997E-06
680.88330	1.88423E-06
681.05611	1.90506E-06
681.22892	1.92226E-06
681.40173	1.93566E-06
681.57455	1.94515E-06
681.74736	1.95069E-06
681.92017	1.95233E-06
682.09299	1.95015E-06
682.26580	1.94432E-06
682.43861	1.93505E-06
682.61143	1.92262E-06
682.78424	1.90732E-06
682.95705	1.88949E-06
683.12987	1.86947E-06
683.30268	1.84764E-06
683.47549	1.82435E-06
683.64830	1.79995E-06
683.82112	1.77477E-06
683.99393	1.74913E-06
684.16674	1.72333E-06
684.33956	1.69763E-06
684.51237	1.67228E-06
684.68518	1.64748E-06
684.85800	1.62342E-06
685.03081	1.60029E-06
685.20362	1.57821E-06
685.37643	1.55730E-06
685.54925	1.53771E-06
685.72206	1.51947E-06
685.89487	1.50270E-06
686.06769	1.48746E-06
686.24050	1.47380E-06
686.41331	1.46179E-06
686.58613	1.45145E-06
686.75894	1.44286E-06
686.93175	1.43605E-06
687.10456	1.43105E-06
687.27738	1.42793E-06
687.45019	1.42674E-06
687.62300	1.42752E-06
687.79582	1.43033E-06
687.96863	1.43526E-06
688.14144	1.44237E-06
688.31426	1.45175E-06
688.48707	1.46351E-06
688.65988	1.47775E-06
688.83269	1.49460E-06
689.00551	1.51421E-06
689.17832	1.53674E-06
689.35113	1.56237E-06
689.52395	1.59133E-06
689.69676	1.62383E-06
689.86957	1.66016E-06
690.04239	1.70062E-06
690.21520	1.74555E-06
690.38801	1.79534E-06
690.56082	1.85043E-06
690.73364	1.91130E-06
690.90645	1.97854E-06
691.07926	2.05276E-06
691.25208	2.13469E-06
691.42489	2.22512E-06
691.59770	2.32497E-06
691.77052	2.43523E-06
691.94333	2.55706E-06
692.11614	2.69170E-06
692.28896	2.84053E-06
692.46177	3.00502E-06
692.63458	3.18675E-06
692.80739	3.38735E-06
692.98021	3.60840E-06
693.15302	3.85131E-06
693.32583	4.11719E-06
693.49865	4.40654E-06
693.67146	4.71898E-06
693.84427	5.05281E-06
694.01709	5.40468E-06
694.18990	5.76910E-06
694.36271	6.13862E-06
694.53552	6.50385E-06
694.70834	6.85450E-06
694.88115	7.18075E-06
695.05396	7.47473E-06
695.22678	7.73218E-06
695.39959	7.95301E-06
695.57240	8.14133E-06
695.74522	8.30474E-06
695.91803	8.45285E-06
696.09084	8.59631E-06
696.26365	8.74564E-06
696.43647	8.91094E-06
696.60928	9.10109E-06
696.78209	9.32409E-06
696.95491	9.58649E-06
697.12772	9.89283E-06
697.30053	1.02449E-05
697.47335	1.06400E-05
697.64616	1.10672E-05
697.81897	1.15045E-05
697.99178	1.19136E-05
698.16460	1.22386E-05
698.33741	1.24116E-05
698.51022	1.23701E-05
698.68304	1.20820E-05
698.85585	1.15637E-05
699.02866	1.08746E-05
699.20148	1.00931E-05
699.37429	9.29041E-06
699.54710	8.51735E-06
699.71991	7.80283E-06
699.89273	7.15939E-06
700.06554	6.58884E-06
700.23835	6.08744E-06
700.41117	5.64892E-06
700.58398	5.26613E-06
700.75679	4.93219E-06
700.92961	4.64076E-06
701.10242	4.38633E-06
701.27523	4.16409E-06
701.44805	3.96999E-06
701.62086	3.80055E-06
701.79367	3.65290E-06
701.96648	3.52458E-06
702.13930	3.41360E-06
702.31211	3.31826E-06
702.48492	3.23718E-06
702.65774	3.16921E-06
702.83055	3.11344E-06
703.00336	3.06914E-06
703.17618	3.03579E-06
703.34899	3.01298E-06
703.52180	3.00049E-06
703.69461	2.99825E-06
703.86743	3.00631E-06
704.04024	3.02489E-06
704.21305	3.05438E-06
704.38587	3.09535E-06
704.55868	3.14852E-06
704.73149	3.21487E-06
704.90431	3.29562E-06
705.07712	3.39228E-06
705.24993	3.50671E-06
705.42274	3.64119E-06
705.59556	3.79841E-06
705.76837	3.98167E-06
705.94118	4.19480E-06
706.11400	4.44223E-06
706.28681	4.72888E-06
706.45962	5.05976E-06
706.63244	5.43912E-06
706.80525	5.86864E-06
706.97806	6.34419E-06
707.15087	6.85047E-06
707.32369	7.35391E-06
707.49650	7.79770E-06
707.66931	8.10693E-06