6.2690e+00 1.4780e-06 9.4740e-07 2.0088e-06
5.3990e+00 1.5950e-06 1.0234e-06 2.1670e-06
4.6490e+00 1.7390e-06 1.1162e-06 2.3618e-06
4.0040e+00 1.9030e-06 1.2221e-06 2.5841e-06
3.4480e+00 2.0790e-06 1.3355e-06 2.8225e-06
2.9690e+00 2.2530e-06 1.4477e-06 3.0584e-06
2.5570e+00 2.4130e-06 1.5508e-06 3.2752e-06
2.2020e+00 2.5440e-06 1.6352e-06 3.4529e-06
1.8960e+00 2.6390e-06 1.6963e-06 3.5817e-06
1.6330e+00 2.6960e-06 1.7331e-06 3.6589e-06
1.4060e+00 2.7210e-06 1.7492e-06 3.6928e-06
1.2110e+00 2.7230e-06 1.7506e-06 3.6954e-06
1.0430e+00 2.7140e-06 1.7449e-06 3.6832e-06
8.9820e-01 2.7040e-06 1.7386e-06 3.6695e-06
7.7350e-01 2.7010e-06 1.7367e-06 3.6654e-06
6.6620e-01 2.7070e-06 1.7406e-06 3.6736e-06
5.7370e-01 2.7250e-06 1.7520e-06 3.6980e-06
4.9400e-01 2.7500e-06 1.7682e-06 3.7320e-06
4.2540e-01 2.7820e-06 1.7887e-06 3.7755e-06
3.6640e-01 2.8180e-06 1.8117e-06 3.8243e-06
3.1550e-01 2.8560e-06 1.8361e-06 3.8759e-06
2.7170e-01 2.8970e-06 1.8624e-06 3.9316e-06
2.3400e-01 2.9410e-06 1.8907e-06 3.9915e-06
2.0150e-01 2.9890e-06 1.9212e-06 4.0568e-06
1.7350e-01 3.0380e-06 1.9524e-06 4.1237e-06
1.4940e-01 3.0820e-06 1.9802e-06 4.1839e-06
1.2870e-01 3.1110e-06 1.9981e-06 4.2239e-06
1.1080e-01 3.1120e-06 1.9979e-06 4.2261e-06
9.5440e-02 3.0700e-06 1.9697e-06 4.1707e-06
8.2190e-02 2.9760e-06 1.9073e-06 4.0452e-06
7.0780e-02 2.8280e-06 1.8091e-06 3.8475e-06
