4.6490e+00 2.0440e-07 1.2638e-07 2.8280e-07
4.0040e+00 1.9680e-07 1.2171e-07 2.7221e-07
3.4480e+00 1.8830e-07 1.1649e-07 2.6040e-07
2.9690e+00 1.7880e-07 1.1066e-07 2.4723e-07
2.5570e+00 1.6840e-07 1.0423e-07 2.3281e-07
2.2020e+00 1.5700e-07 9.7209e-08 2.1705e-07
1.8960e+00 1.4500e-07 8.9757e-08 2.0045e-07
1.6330e+00 1.3240e-07 8.1973e-08 1.8303e-07
1.4060e+00 1.1970e-07 7.4100e-08 1.6548e-07
1.2110e+00 1.0710e-07 6.6306e-08 1.4809e-07
1.0430e+00 9.5140e-08 5.8885e-08 1.3154e-07
8.9820e-01 8.3960e-08 5.1953e-08 1.1610e-07
7.7350e-01 7.3810e-08 4.5661e-08 1.0208e-07
