5.3990e+00 5.9060e-06 5.0605e-06 6.7599e-06
4.6490e+00 6.2390e-06 5.3694e-06 7.1163e-06
4.0040e+00 6.6030e-06 5.6990e-06 7.5134e-06
3.4480e+00 6.9870e-06 6.0419e-06 7.9373e-06
2.9690e+00 7.3800e-06 6.3916e-06 8.3734e-06
2.5570e+00 7.7700e-06 6.7373e-06 8.8067e-06
2.2020e+00 8.1480e-06 7.0722e-06 9.2285e-06
1.8960e+00 8.5110e-06 7.3935e-06 9.6330e-06
1.6330e+00 8.8600e-06 7.7015e-06 1.0023e-05
1.4060e+00 9.1990e-06 8.0005e-06 1.0402e-05
1.2110e+00 9.5360e-06 8.2976e-06 1.0778e-05
1.0430e+00 9.8760e-06 8.5980e-06 1.1159e-05
8.9820e-01 1.0220e-05 8.9069e-06 1.1546e-05
7.7350e-01 1.0580e-05 9.2190e-06 1.1947e-05
6.6620e-01 1.0940e-05 9.5311e-06 1.2343e-05
5.7370e-01 1.1290e-05 9.8406e-06 1.2739e-05
4.9400e-01 1.1620e-05 1.0132e-05 1.3108e-05
4.2540e-01 1.1930e-05 1.0400e-05 1.3454e-05
3.6640e-01 1.2200e-05 1.0645e-05 1.3761e-05
3.1550e-01 1.2450e-05 1.0866e-05 1.4040e-05
2.7170e-01 1.2690e-05 1.1078e-05 1.4308e-05
2.3400e-01 1.2920e-05 1.1281e-05 1.4565e-05
2.0150e-01 1.3180e-05 1.1510e-05 1.4855e-05
1.7350e-01 1.3470e-05 1.1761e-05 1.5179e-05
1.4940e-01 1.3800e-05 1.2047e-05 1.5553e-05
1.2870e-01 1.4190e-05 1.2386e-05 1.6000e-05
1.1080e-01 1.4630e-05 1.2763e-05 1.6497e-05
9.5440e-02 1.5120e-05 1.3184e-05 1.7056e-05
8.2190e-02 1.5630e-05 1.3622e-05 1.7650e-05
7.0780e-02 1.6170e-05 1.4053e-05 1.8287e-05
