5.3990e+00 2.4410e-09 2.1723e-09 2.7141e-09
4.6490e+00 2.7650e-09 2.4676e-09 3.0679e-09
4.0040e+00 3.1920e-09 2.8544e-09 3.5336e-09
3.4480e+00 3.7280e-09 3.3401e-09 4.1196e-09
2.9690e+00 4.3740e-09 3.9256e-09 4.8271e-09
2.5570e+00 5.1190e-09 4.6002e-09 5.6424e-09
2.2020e+00 5.9320e-09 5.3364e-09 6.5320e-09
1.8960e+00 6.7650e-09 6.0908e-09 7.4440e-09
1.6330e+00 7.5570e-09 6.8070e-09 8.3106e-09
1.4060e+00 8.2420e-09 7.4270e-09 9.0616e-09
1.2110e+00 8.7690e-09 7.9026e-09 9.6399e-09
1.0430e+00 9.1070e-09 8.2065e-09 1.0012e-08
8.9820e-01 9.2550e-09 8.3377e-09 1.0177e-08
7.7350e-01 9.2400e-09 8.3203e-09 1.0166e-08
6.6620e-01 9.1080e-09 8.1960e-09 1.0026e-08
5.7370e-01 8.9120e-09 8.0134e-09 9.8168e-09
4.9400e-01 8.7050e-09 7.8204e-09 9.5971e-09
4.2540e-01 8.5350e-09 7.6595e-09 9.4183e-09
3.6640e-01 8.4370e-09 7.5633e-09 9.3200e-09
3.1550e-01 8.4410e-09 7.5577e-09 9.3345e-09
2.7170e-01 8.5660e-09 7.6602e-09 9.4830e-09
2.3400e-01 8.8270e-09 7.8846e-09 9.7822e-09
2.0150e-01 9.2330e-09 8.2373e-09 1.0243e-08
1.7350e-01 9.7860e-09 8.7200e-09 1.0870e-08
1.4940e-01 1.0480e-08 9.3281e-09 1.1656e-08
1.2870e-01 1.1300e-08 1.0049e-08 1.2581e-08
1.1080e-01 1.2220e-08 1.0850e-08 1.3628e-08
9.5440e-02 1.3200e-08 1.1698e-08 1.4740e-08
8.2190e-02 1.4190e-08 1.2540e-08 1.5880e-08
7.0780e-02 1.5130e-08 1.3334e-08 1.6967e-08
