4.6490e+00 4.1420e-07 3.1144e-07 5.2423e-07
4.0040e+00 4.3000e-07 3.2603e-07 5.4072e-07
3.4480e+00 4.4970e-07 3.4380e-07 5.6229e-07
2.9690e+00 4.7370e-07 3.6491e-07 5.8867e-07
2.5570e+00 5.0180e-07 3.8938e-07 6.2012e-07
2.2020e+00 5.3340e-07 4.1707e-07 6.5599e-07
1.8960e+00 5.6770e-07 4.4660e-07 6.9456e-07
1.6330e+00 6.0310e-07 4.7713e-07 7.3498e-07
1.4060e+00 6.3790e-07 5.0708e-07 7.7437e-07
1.2110e+00 6.7000e-07 5.3471e-07 8.1089e-07
1.0430e+00 6.9760e-07 5.5837e-07 8.4239e-07
8.9820e-01 7.1950e-07 5.7696e-07 8.6736e-07
7.7350e-01 7.3510e-07 5.9034e-07 8.8536e-07
6.6620e-01 7.4500e-07 5.9847e-07 8.9703e-07
5.7370e-01 7.5050e-07 6.0273e-07 9.0398e-07
4.9400e-01 7.5370e-07 6.0488e-07 9.0865e-07
4.2540e-01 7.5720e-07 6.0649e-07 9.1407e-07
3.6640e-01 7.6360e-07 6.1016e-07 9.2323e-07
3.1550e-01 7.7510e-07 6.1772e-07 9.3934e-07
2.7170e-01 7.9410e-07 6.3076e-07 9.6477e-07
2.3400e-01 8.2220e-07 6.5076e-07 1.0014e-06
2.0150e-01 8.6050e-07 6.7853e-07 1.0510e-06
1.7350e-01 9.0960e-07 7.1440e-07 1.1142e-06
1.4940e-01 9.6910e-07 7.5780e-07 1.1905e-06
1.2870e-01 1.0380e-06 8.0734e-07 1.2795e-06
1.1080e-01 1.1140e-06 8.6087e-07 1.3803e-06
