5.3990e+00 1.8700e-10 1.3337e-10 1.3337e-10
4.6490e+00 2.2550e-10 1.6150e-10 1.6150e-10
4.0040e+00 2.8370e-10 2.0404e-10 2.0404e-10
3.4480e+00 3.6870e-10 2.6622e-10 2.6622e-10
2.9690e+00 4.8910e-10 3.5450e-10 3.5450e-10
2.5570e+00 6.5380e-10 4.7541e-10 4.7541e-10
2.2020e+00 8.6930e-10 6.3391e-10 6.3391e-10
1.8960e+00 1.1370e-09 8.3078e-10 8.3078e-10
1.6330e+00 1.4470e-09 1.0593e-09 1.0593e-09
1.4060e+00 1.7820e-09 1.3062e-09 1.3062e-09
1.2110e+00 2.1120e-09 1.5496e-09 1.5496e-09
1.0430e+00 2.4090e-09 1.7684e-09 1.7684e-09
8.9820e-01 2.6480e-09 1.9444e-09 1.9444e-09
7.7350e-01 2.8160e-09 2.0677e-09 2.0677e-09
6.6620e-01 2.9120e-09 2.1383e-09 2.1383e-09
5.7370e-01 2.9490e-09 2.1651e-09 2.1651e-09
4.9400e-01 2.9470e-09 2.1632e-09 2.1632e-09
4.2540e-01 2.9280e-09 2.1489e-09 2.1489e-09
3.6640e-01 2.9130e-09 2.1373e-09 2.1373e-09
3.1550e-01 2.9220e-09 2.1428e-09 2.1428e-09
2.7170e-01 2.9690e-09 2.1766e-09 2.1766e-09
2.3400e-01 3.0680e-09 2.2484e-09 2.2484e-09
2.0150e-01 3.2320e-09 2.3673e-09 2.3673e-09
1.7350e-01 3.4690e-09 2.5402e-09 2.5402e-09
1.4940e-01 3.7880e-09 2.7732e-09 2.7732e-09
1.2870e-01 4.1930e-09 3.0694e-09 3.0694e-09
1.1080e-01 4.6810e-09 3.4263e-09 3.4263e-09
9.5440e-02 5.2410e-09 3.8351e-09 3.8351e-09
8.2190e-02 5.8470e-09 4.2759e-09 4.2759e-09
7.0780e-02 6.4660e-09 4.7223e-09 4.7223e-09
