5.3990e+00 1.2850e-08 1.0531e-08 1.5195e-08
4.6490e+00 1.3470e-08 1.1051e-08 1.5914e-08
4.0040e+00 1.4100e-08 1.1570e-08 1.6650e-08
3.4480e+00 1.4700e-08 1.2064e-08 1.7356e-08
2.9690e+00 1.5250e-08 1.2510e-08 1.8010e-08
2.5570e+00 1.5730e-08 1.2897e-08 1.8583e-08
2.2020e+00 1.6120e-08 1.3207e-08 1.9053e-08
1.8960e+00 1.6400e-08 1.3430e-08 1.9402e-08
1.6330e+00 1.6580e-08 1.3562e-08 1.9630e-08
1.4060e+00 1.6650e-08 1.3600e-08 1.9733e-08
1.2110e+00 1.6630e-08 1.3567e-08 1.9739e-08
1.0430e+00 1.6540e-08 1.3473e-08 1.9653e-08
8.9820e-01 1.6400e-08 1.3337e-08 1.9511e-08
7.7350e-01 1.6220e-08 1.3172e-08 1.9317e-08
6.6620e-01 1.6020e-08 1.2989e-08 1.9108e-08
5.7370e-01 1.5830e-08 1.2814e-08 1.8897e-08
4.9400e-01 1.5640e-08 1.2645e-08 1.8693e-08
4.2540e-01 1.5470e-08 1.2500e-08 1.8506e-08
3.6640e-01 1.5330e-08 1.2373e-08 1.8354e-08
3.1550e-01 1.5230e-08 1.2281e-08 1.8240e-08
2.7170e-01 1.5160e-08 1.2214e-08 1.8174e-08
2.3400e-01 1.5140e-08 1.2191e-08 1.8158e-08
2.0150e-01 1.5170e-08 1.2210e-08 1.8206e-08
1.7350e-01 1.5260e-08 1.2274e-08 1.8323e-08
1.4940e-01 1.5410e-08 1.2382e-08 1.8522e-08
1.2870e-01 1.5620e-08 1.2535e-08 1.8797e-08
1.1080e-01 1.5900e-08 1.2735e-08 1.9159e-08
9.5440e-02 1.6250e-08 1.2987e-08 1.9616e-08
8.2190e-02 1.6640e-08 1.3266e-08 2.0142e-08
7.0780e-02 1.7090e-08 1.3574e-08 2.0737e-08
