6.2690e+00 3.2340e-08 1.8435e-08 4.6293e-08
5.3990e+00 3.6870e-08 2.1087e-08 5.2701e-08
4.6490e+00 4.3650e-08 2.5033e-08 6.2312e-08
4.0040e+00 5.3180e-08 3.0570e-08 7.5831e-08
3.4480e+00 6.5980e-08 3.8005e-08 9.3996e-08
2.9690e+00 8.2430e-08 4.7555e-08 1.1734e-07
2.5570e+00 1.0260e-07 5.9260e-08 1.4597e-07
2.2020e+00 1.2590e-07 7.2805e-08 1.7905e-07
1.8960e+00 1.5150e-07 8.7647e-08 2.1535e-07
1.6330e+00 1.7760e-07 1.0283e-07 2.5242e-07
1.4060e+00 2.0260e-07 1.1732e-07 2.8791e-07
1.2110e+00 2.2490e-07 1.3027e-07 3.1960e-07
1.0430e+00 2.4360e-07 1.4109e-07 3.4618e-07
8.9820e-01 2.5840e-07 1.4962e-07 3.6722e-07
7.7350e-01 2.6960e-07 1.5605e-07 3.8320e-07
6.6620e-01 2.7800e-07 1.6085e-07 3.9522e-07
5.7370e-01 2.8460e-07 1.6458e-07 4.0470e-07
4.9400e-01 2.9030e-07 1.6774e-07 4.1294e-07
4.2540e-01 2.9590e-07 1.7084e-07 4.2107e-07
3.6640e-01 3.0210e-07 1.7426e-07 4.3008e-07
3.1550e-01 3.0930e-07 1.7820e-07 4.4055e-07
2.7170e-01 3.1780e-07 1.8286e-07 4.5293e-07
2.3400e-01 3.2770e-07 1.8824e-07 4.6737e-07
2.0150e-01 3.3910e-07 1.9448e-07 4.8409e-07
1.7350e-01 3.5210e-07 2.0146e-07 5.0313e-07
1.4940e-01 3.6660e-07 2.0927e-07 5.2444e-07
1.2870e-01 3.8250e-07 2.1775e-07 5.4793e-07
1.1080e-01 3.9970e-07 2.2683e-07 5.7338e-07
9.5440e-02 4.1810e-07 2.3650e-07 6.0066e-07
8.2190e-02 4.3740e-07 2.4667e-07 6.2946e-07
7.0780e-02 4.5770e-07 2.5719e-07 6.5971e-07
