6.269000000000000128e+00 3.633707865168539145e-10
5.399000000000000021e+00 4.142696629213482816e-10
4.649000000000000021e+00 4.904494382022472063e-10
4.003999999999999559e+00 5.975280898876404122e-10
3.447999999999999954e+00 7.413483146067415549e-10
2.968999999999999861e+00 9.261797752808988846e-10
2.556999999999999940e+00 1.152808988764045052e-09
2.201999999999999957e+00 1.414606741573033751e-09
1.895999999999999908e+00 1.702247191011236037e-09
1.633000000000000007e+00 1.995505617977528304e-09
1.405999999999999917e+00 2.276404494382022446e-09
1.211000000000000076e+00 2.526966292134831387e-09
1.042999999999999927e+00 2.737078651685393119e-09
8.981999999999999984e-01 2.903370786516853777e-09
7.734999999999999654e-01 3.029213483146067225e-09
6.662000000000000144e-01 3.123595505617977105e-09
5.736999999999999877e-01 3.197752808988763793e-09
4.939999999999999947e-01 3.261797752808988886e-09
4.254000000000000004e-01 3.324719101123595610e-09
3.664000000000000035e-01 3.394382022471910064e-09
3.155000000000000027e-01 3.475280898876404483e-09
2.716999999999999971e-01 3.570786516853932731e-09
2.340000000000000135e-01 3.682022471910112350e-09
2.015000000000000124e-01 3.810112359550562122e-09
1.734999999999999876e-01 3.956179775280898761e-09
1.494000000000000050e-01 4.119101123595505967e-09
1.287000000000000088e-01 4.297752808988763717e-09
1.107999999999999957e-01 4.491011235955056123e-09
9.543999999999999706e-02 4.697752808988763990e-09
8.218999999999999917e-02 4.914606741573033866e-09
7.077999999999999570e-02 5.142696629213482465e-09
