6.2690e+00 5.5759e-10
5.3990e+00 6.3569e-10
4.6490e+00 7.5259e-10
4.0040e+00 9.1690e-10
3.4480e+00 1.1376e-09
2.9690e+00 1.4212e-09
2.5570e+00 1.7690e-09
2.2020e+00 2.1707e-09
1.8960e+00 2.6121e-09
1.6330e+00 3.0621e-09
1.4060e+00 3.4931e-09
1.2110e+00 3.8776e-09
1.0430e+00 4.2000e-09
8.9820e-01 4.4552e-09
7.7350e-01 4.6483e-09
6.6620e-01 4.7931e-09
5.7370e-01 4.9069e-09
4.9400e-01 5.0052e-09
4.2540e-01 5.1017e-09
3.6640e-01 5.2086e-09
3.1550e-01 5.3328e-09
2.7170e-01 5.4793e-09
2.3400e-01 5.6500e-09
2.0150e-01 5.8466e-09
1.7350e-01 6.0707e-09
1.4940e-01 6.3207e-09
1.2870e-01 6.5948e-09
1.1080e-01 6.8914e-09
9.5440e-02 7.2086e-09
8.2190e-02 7.5414e-09
7.0780e-02 7.8914e-09
