1.4670e+03 9.3590e+01 9.3590e+01 9.3590e+01
1.3340e+03 9.1280e+01 9.1280e+01 9.1280e+01
1.1020e+03 8.7690e+01 8.7690e+01 8.7690e+01
9.1080e+02 8.4610e+01 8.4610e+01 8.4610e+01
7.5280e+02 8.1960e+01 8.1960e+01 8.1960e+01
6.2210e+02 7.9660e+01 7.9660e+01 7.9660e+01
5.1410e+02 7.7570e+01 7.7570e+01 7.7570e+01
4.2490e+02 7.5730e+01 7.5730e+01 7.5730e+01
3.5110e+02 7.4140e+01 7.4140e+01 7.4140e+01
2.9020e+02 7.2850e+01 7.2850e+01 7.2850e+01
2.3980e+02 7.1920e+01 7.1920e+01 7.1920e+01
1.9820e+02 7.1230e+01 7.1230e+01 7.1230e+01
1.6380e+02 7.0910e+01 7.0910e+01 7.0910e+01
1.3540e+02 7.0860e+01 7.0860e+01 7.0860e+01
1.1190e+02 7.1130e+01 7.1130e+01 7.1130e+01
9.2450e+01 7.1590e+01 7.1590e+01 7.1590e+01
7.6410e+01 7.2260e+01 7.2260e+01 7.2260e+01
6.3140e+01 7.3470e+01 7.3470e+01 7.3470e+01
5.2180e+01 7.5650e+01 7.5650e+01 7.5650e+01
4.3130e+01 7.9330e+01 7.9330e+01 7.9330e+01
3.5640e+01 8.7130e+01 8.7130e+01 8.7130e+01
2.9460e+01 1.0021e+02 1.0021e+02 1.0021e+02
2.4340e+01 1.1471e+02 1.1471e+02 1.1471e+02
2.0120e+01 1.2616e+02 1.2616e+02 1.2616e+02
1.6630e+01 1.3331e+02 1.3331e+02 1.3331e+02
8.8420e+00 1.3801e+02 1.3801e+02 1.3801e+02
8.8180e+00 1.3768e+02 1.3768e+02 1.3768e+02
7.7550e+00 1.3920e+02 1.3891e+02 1.3949e+02
6.4090e+00 1.4188e+02 1.4163e+02 1.4213e+02
5.2970e+00 1.4456e+02 1.4433e+02 1.4479e+02
4.3770e+00 1.4701e+02 1.4681e+02 1.4720e+02
3.6180e+00 1.5022e+02 1.5003e+02 1.5041e+02
2.9900e+00 1.5272e+02 1.5255e+02 1.5290e+02
2.4710e+00 1.5472e+02 1.5455e+02 1.5489e+02
2.0420e+00 1.5664e+02 1.5648e+02 1.5680e+02
1.6880e+00 1.5897e+02 1.5881e+02 1.5913e+02
1.3950e+00 1.6137e+02 1.6121e+02 1.6153e+02
1.1530e+00 1.6368e+02 1.6353e+02 1.6383e+02
9.5250e-01 1.6596e+02 1.6580e+02 1.6611e+02
7.8720e-01 1.6824e+02 1.6809e+02 1.6840e+02
6.5060e-01 1.7054e+02 1.7038e+02 1.7069e+02
5.3760e-01 1.7301e+02 1.7286e+02 1.7317e+02
4.4430e-01 1.7514e+02 1.7499e+02 1.7530e+02
3.6720e-01 1.7729e+02 1.7713e+02 1.7744e+02
3.0350e-01 1.7937e+02 1.7921e+02 1.7952e+02
2.5080e-01 1.8086e+02 1.8071e+02 1.8101e+02
2.0730e-01 1.8216e+02 1.8201e+02 1.8232e+02
1.7130e-01 1.8300e+02 1.8284e+02 1.8316e+02
1.4160e-01 1.8306e+02 1.8290e+02 1.8322e+02
1.1700e-01 1.8225e+02 1.8208e+02 1.8241e+02
9.6680e-02 1.8063e+02 1.8046e+02 1.8081e+02
7.9900e-02 1.7839e+02 1.7821e+02 1.7858e+02
6.6030e-02 1.7600e+02 1.7579e+02 1.7621e+02
5.4570e-02 1.7347e+02 1.7325e+02 1.7368e+02
