Wavenumber	NESR 0.53 cm-1
566.48157	3.82102E-07
566.61987	3.78075E-07
566.75818	3.71821E-07
566.89648	3.63875E-07
567.03479	3.54793E-07
567.17310	3.45070E-07
567.31140	3.35096E-07
567.44965	3.25147E-07
567.58795	3.15404E-07
567.72626	3.05975E-07
567.86456	2.96914E-07
568.00287	2.88243E-07
568.14117	2.79964E-07
568.27948	2.72065E-07
568.41779	2.64528E-07
568.55609	2.57334E-07
568.69440	2.50460E-07
568.83270	2.43888E-07
568.97101	2.37595E-07
569.10931	2.31566E-07
569.24762	2.25782E-07
569.38586	2.20230E-07
569.52417	2.14893E-07
569.66248	2.09759E-07
569.80078	2.04818E-07
569.93909	2.00057E-07
570.07739	1.95467E-07
570.21570	1.91037E-07
570.35400	1.86761E-07
570.49231	1.82630E-07
570.63062	1.78637E-07
570.76892	1.74775E-07
570.90723	1.71037E-07
571.04553	1.67418E-07
571.18378	1.63913E-07
571.32208	1.60517E-07
571.46039	1.57224E-07
571.59869	1.54030E-07
571.73700	1.50933E-07
571.87531	1.47926E-07
572.01361	1.45008E-07
572.15192	1.42173E-07
572.29022	1.39420E-07
572.42853	1.36746E-07
572.56683	1.34146E-07
572.70514	1.31619E-07
572.84345	1.29163E-07
572.98175	1.26774E-07
573.12000	1.24450E-07
573.25830	1.22189E-07
573.39661	1.19990E-07
573.53491	1.17849E-07
573.67322	1.15766E-07
573.81152	1.13738E-07
573.94983	1.11764E-07
574.08814	1.09842E-07
574.22644	1.07970E-07
574.36475	1.06147E-07
574.50305	1.04371E-07
574.64136	1.02641E-07
574.77966	1.00956E-07
574.91797	9.93142E-08
575.05621	9.77142E-08
575.19452	9.61549E-08
575.33283	9.46350E-08
575.47113	9.31535E-08
575.60944	9.17093E-08
575.74774	9.03013E-08
575.88605	8.89283E-08
576.02435	8.75896E-08
576.16266	8.62840E-08
576.30096	8.50106E-08
576.43927	8.37684E-08
576.57758	8.25566E-08
576.71588	8.13744E-08
576.85413	8.02207E-08
576.99243	7.90950E-08
577.13074	7.79963E-08
577.26904	7.69240E-08
577.40735	7.58772E-08
577.54565	7.48552E-08
577.68396	7.38573E-08
577.82227	7.28828E-08
577.96057	7.19311E-08
578.09888	7.10014E-08
578.23718	7.00932E-08
578.37549	6.92059E-08
578.51379	6.83389E-08
578.65210	6.74915E-08
578.79034	6.66633E-08
578.92865	6.58536E-08
579.06696	6.50619E-08
579.20526	6.42878E-08
579.34357	6.35307E-08
579.48187	6.27902E-08
579.62018	6.20656E-08
579.75848	6.13568E-08
579.89679	6.06632E-08
580.03510	5.99843E-08
580.17340	5.93197E-08
580.31171	5.86690E-08
580.45001	5.80318E-08
580.58826	5.74078E-08
580.72656	5.67967E-08
580.86487	5.61977E-08
581.00317	5.56109E-08
581.14148	5.50358E-08
581.27979	5.44721E-08
581.41809	5.39196E-08
581.55640	5.33778E-08
581.69470	5.28464E-08
581.83301	5.23253E-08
581.97131	5.18140E-08
582.10962	5.13124E-08
582.24793	5.08199E-08
582.38623	5.03367E-08
582.52448	4.98623E-08
582.66278	4.93964E-08
582.80109	4.89388E-08
582.93939	4.84895E-08
583.07770	4.80481E-08
583.21600	4.76143E-08
583.35431	4.71881E-08
583.49262	4.67692E-08
583.63092	4.63573E-08
583.76923	4.59524E-08
583.90753	4.55543E-08
584.04584	4.51628E-08
584.18414	4.47776E-08
584.32239	4.43988E-08
584.46069	4.40259E-08
584.59900	4.36590E-08
584.73731	4.32979E-08
584.87561	4.29425E-08
585.01392	4.25926E-08
585.15222	4.22481E-08
585.29053	4.19089E-08
585.42883	4.15749E-08
585.56714	4.12458E-08
585.70544	4.09216E-08
585.84375	4.06022E-08
585.98206	4.02874E-08
586.12036	3.99774E-08
586.25861	3.96717E-08
586.39691	3.93705E-08
586.53522	3.90735E-08
586.67352	3.87807E-08
586.81183	3.84921E-08
586.95013	3.82074E-08
587.08844	3.79267E-08
587.22675	3.76499E-08
587.36505	3.73769E-08
587.50336	3.71076E-08
587.64166	3.68420E-08
587.77997	3.65799E-08
587.91827	3.63214E-08
588.05652	3.60663E-08
588.19482	3.58146E-08
588.33313	3.55662E-08
588.47144	3.53211E-08
588.60974	3.50791E-08
588.74805	3.48404E-08
588.88635	3.46048E-08
589.02466	3.43722E-08
589.16296	3.41426E-08
589.30127	3.39159E-08
589.43958	3.36922E-08
589.57788	3.34714E-08
589.71619	3.32533E-08
589.85449	3.30381E-08
589.99274	3.28256E-08
590.13104	3.26157E-08
590.26935	3.24086E-08
590.40765	3.22041E-08
590.54596	3.20021E-08
590.68427	3.18027E-08
590.82257	3.16057E-08
590.96088	3.14113E-08
591.09918	3.12192E-08
591.23749	3.10296E-08
591.37579	3.08424E-08
591.51410	3.06574E-08
591.65241	3.04748E-08
591.79071	3.02944E-08
591.92896	3.01163E-08
592.06726	2.99404E-08
592.20557	2.97668E-08
592.34387	2.95952E-08
592.48218	2.94258E-08
592.62048	2.92584E-08
592.75879	2.90932E-08
592.89710	2.89300E-08
593.03540	2.87689E-08
593.17371	2.86098E-08
593.31201	2.84526E-08
593.45032	2.82974E-08
593.58862	2.81442E-08
593.72687	2.79928E-08
593.86517	2.78433E-08
594.00348	2.76957E-08
594.14179	2.75498E-08
594.28009	2.74059E-08
594.41840	2.72636E-08
594.55670	2.71232E-08
594.69501	2.69845E-08
594.83331	2.68475E-08
594.97162	2.67122E-08
595.10992	2.65786E-08
595.24823	2.64467E-08
595.38654	2.63165E-08
595.52484	2.61879E-08
595.66309	2.60609E-08
595.80139	2.59355E-08
595.93970	2.58117E-08
596.07800	2.56895E-08
596.21631	2.55688E-08
596.35461	2.54497E-08
596.49292	2.53320E-08
596.63123	2.52159E-08
596.76953	2.51012E-08
596.90784	2.49880E-08
597.04614	2.48763E-08
597.18445	2.47660E-08
597.32275	2.46572E-08
597.46100	2.45498E-08
597.59930	2.44437E-08
597.73761	2.43391E-08
597.87592	2.42359E-08
598.01422	2.41340E-08
598.15253	2.40335E-08
598.29083	2.39343E-08
598.42914	2.38365E-08
598.56744	2.37399E-08
598.70575	2.36447E-08
598.84406	2.35508E-08
598.98236	2.34582E-08
599.12067	2.33668E-08
599.25897	2.32768E-08
599.39722	2.31879E-08
599.53552	2.31003E-08
599.67383	2.30140E-08
599.81213	2.29289E-08
599.95044	2.28451E-08
600.08875	2.27624E-08
600.22705	2.26809E-08
600.36536	2.26006E-08
600.50366	2.25215E-08
600.64197	2.24436E-08
600.78027	2.23669E-08
600.91858	2.22913E-08
601.05689	2.22169E-08
601.19513	2.21436E-08
601.33344	2.20714E-08
601.47174	2.20004E-08
601.61005	2.19306E-08
601.74835	2.18618E-08
601.88666	2.17941E-08
602.02496	2.17276E-08
602.16327	2.16621E-08
602.30158	2.15978E-08
602.43988	2.15344E-08
602.57819	2.14722E-08
602.71649	2.14111E-08
602.85480	2.13510E-08
602.99310	2.12919E-08
603.13135	2.12339E-08
603.26965	2.11768E-08
603.40796	2.11209E-08
603.54627	2.10659E-08
603.68457	2.10120E-08
603.82288	2.09590E-08
603.96118	2.09070E-08
604.09949	2.08561E-08
604.23779	2.08061E-08
604.37610	2.07570E-08
604.51440	2.07089E-08
604.65271	2.06617E-08
604.79102	2.06155E-08
604.92932	2.05702E-08
605.06757	2.05258E-08
605.20587	2.04824E-08
605.34418	2.04398E-08
605.48248	2.03981E-08
605.62079	2.03573E-08
605.75909	2.03174E-08
605.89740	2.02783E-08
606.03571	2.02400E-08
606.17401	2.02026E-08
606.31232	2.01660E-08
606.45062	2.01302E-08
606.58893	2.00952E-08
606.72723	2.00610E-08
606.86548	2.00275E-08
607.00378	1.99948E-08
607.14209	1.99629E-08
607.28040	1.99317E-08
607.41870	1.99012E-08
607.55701	1.98714E-08
607.69531	1.98424E-08
607.83362	1.98140E-08
607.97192	1.97863E-08
608.11023	1.97592E-08
608.24854	1.97329E-08
608.38684	1.97071E-08
608.52515	1.96819E-08
608.66345	1.96574E-08
608.80170	1.96334E-08
608.94000	1.96101E-08
609.07831	1.95873E-08
609.21661	1.95650E-08
609.35492	1.95433E-08
609.49323	1.95221E-08
609.63153	1.95014E-08
609.76984	1.94813E-08
609.90814	1.94616E-08
610.04645	1.94424E-08
610.18475	1.94237E-08
610.32306	1.94054E-08
610.46137	1.93876E-08
610.59961	1.93701E-08
610.73792	1.93531E-08
610.87622	1.93365E-08
611.01453	1.93203E-08
611.15283	1.93044E-08
611.29114	1.92889E-08
611.42944	1.92738E-08
611.56775	1.92590E-08
611.70606	1.92446E-08
611.84436	1.92305E-08
611.98267	1.92167E-08
612.12097	1.92032E-08
612.25928	1.91900E-08
612.39758	1.91770E-08
612.53583	1.91644E-08
612.67413	1.91520E-08
612.81244	1.91399E-08
612.95075	1.91280E-08
613.08905	1.91164E-08
613.22736	1.91051E-08
613.36566	1.90939E-08
613.50397	1.90830E-08
613.64227	1.90723E-08
613.78058	1.90619E-08
613.91888	1.90516E-08
614.05719	1.90416E-08
614.19550	1.90317E-08
614.33374	1.90221E-08
614.47205	1.90127E-08
614.61035	1.90035E-08
614.74866	1.89944E-08
614.88696	1.89855E-08
615.02527	1.89769E-08
615.16357	1.89684E-08
615.30188	1.89601E-08
615.44019	1.89520E-08
615.57849	1.89441E-08
615.71680	1.89364E-08
615.85510	1.89288E-08
615.99341	1.89215E-08
616.13171	1.89143E-08
616.26996	1.89074E-08
616.40826	1.89006E-08
616.54657	1.88941E-08
616.68488	1.88877E-08
616.82318	1.88816E-08
616.96149	1.88757E-08
617.09979	1.88700E-08
617.23810	1.88645E-08
617.37640	1.88592E-08
617.51471	1.88542E-08
617.65302	1.88494E-08
617.79132	1.88448E-08
617.92963	1.88405E-08
618.06787	1.88364E-08
618.20618	1.88326E-08
618.34448	1.88290E-08
618.48279	1.88257E-08
618.62109	1.88226E-08
618.75940	1.88199E-08
618.89771	1.88174E-08
619.03601	1.88152E-08
619.17432	1.88132E-08
619.31262	1.88116E-08
619.45093	1.88102E-08
619.58923	1.88092E-08
619.72754	1.88084E-08
619.86585	1.88079E-08
620.00409	1.88078E-08
620.14240	1.88079E-08
620.28070	1.88084E-08
620.41901	1.88091E-08
620.55731	1.88102E-08
620.69562	1.88116E-08
620.83392	1.88133E-08
620.97223	1.88154E-08
621.11054	1.88178E-08
621.24884	1.88205E-08
621.38715	1.88235E-08
621.52545	1.88269E-08
621.66376	1.88306E-08
621.80206	1.88346E-08
621.94031	1.88390E-08
622.07861	1.88436E-08
622.21692	1.88486E-08
622.35523	1.88540E-08
622.49353	1.88596E-08
622.63184	1.88656E-08
622.77014	1.88718E-08
622.90845	1.88784E-08
623.04675	1.88853E-08
623.18506	1.88925E-08
623.32336	1.89000E-08
623.46167	1.89078E-08
623.59998	1.89158E-08
623.73822	1.89242E-08
623.87653	1.89328E-08
624.01483	1.89417E-08
624.15314	1.89509E-08
624.29144	1.89603E-08
624.42975	1.89699E-08
624.56805	1.89798E-08
624.70636	1.89899E-08
624.84467	1.90003E-08
624.98297	1.90108E-08
625.12128	1.90216E-08
625.25958	1.90325E-08
625.39789	1.90437E-08
625.53619	1.90550E-08
625.67444	1.90664E-08
625.81274	1.90780E-08
625.95105	1.90898E-08
626.08936	1.91016E-08
626.22766	1.91136E-08
626.36597	1.91257E-08
626.50427	1.91379E-08
626.64258	1.91501E-08
626.78088	1.91624E-08
626.91919	1.91747E-08
627.05750	1.91871E-08
627.19580	1.91996E-08
627.33411	1.92120E-08
627.47235	1.92245E-08
627.61066	1.92369E-08
627.74896	1.92494E-08
627.88727	1.92618E-08
628.02557	1.92741E-08
628.16388	1.92864E-08
628.30219	1.92987E-08
628.44049	1.93109E-08
628.57880	1.93230E-08
628.71710	1.93350E-08
628.85541	1.93469E-08
628.99371	1.93586E-08
629.13202	1.93703E-08
629.27033	1.93818E-08
629.40857	1.93932E-08
629.54688	1.94044E-08
629.68518	1.94155E-08
629.82349	1.94264E-08
629.96179	1.94371E-08
630.10010	1.94477E-08
630.23840	1.94580E-08
630.37671	1.94682E-08
630.51502	1.94781E-08
630.65332	1.94879E-08
630.79163	1.94974E-08
630.92993	1.95068E-08
631.06824	1.95159E-08
631.20648	1.95248E-08
631.34479	1.95335E-08
631.48309	1.95420E-08
631.62140	1.95502E-08
631.75971	1.95583E-08
631.89801	1.95661E-08
632.03632	1.95737E-08
632.17462	1.95811E-08
632.31293	1.95882E-08
632.45123	1.95952E-08
632.58954	1.96020E-08
632.72784	1.96085E-08
632.86615	1.96149E-08
633.00446	1.96211E-08
633.14270	1.96270E-08
633.28101	1.96328E-08
633.41931	1.96384E-08
633.55762	1.96439E-08
633.69592	1.96492E-08
633.83423	1.96543E-08
633.97253	1.96593E-08
634.11084	1.96641E-08
634.24915	1.96688E-08
634.38745	1.96734E-08
634.52576	1.96778E-08
634.66406	1.96821E-08
634.80237	1.96864E-08
634.94067	1.96905E-08
635.07892	1.96946E-08
635.21722	1.96986E-08
635.35553	1.97025E-08
635.49384	1.97064E-08
635.63214	1.97103E-08
635.77045	1.97141E-08
635.90875	1.97178E-08
636.04706	1.97216E-08
636.18536	1.97254E-08
636.32367	1.97291E-08
636.46198	1.97329E-08
636.60028	1.97367E-08
636.73859	1.97406E-08
636.87683	1.97444E-08
637.01514	1.97483E-08
637.15344	1.97523E-08
637.29175	1.97563E-08
637.43005	1.97604E-08
637.56836	1.97646E-08
637.70667	1.97689E-08
637.84497	1.97733E-08
637.98328	1.97777E-08
638.12158	1.97823E-08
638.25989	1.97870E-08
638.39819	1.97918E-08
638.53650	1.97967E-08
638.67481	1.98018E-08
638.81305	1.98070E-08
638.95136	1.98123E-08
639.08966	1.98178E-08
639.22797	1.98234E-08
639.36627	1.98292E-08
639.50458	1.98351E-08
639.64288	1.98411E-08
639.78119	1.98473E-08
639.91950	1.98537E-08
640.05780	1.98602E-08
640.19611	1.98669E-08
640.33441	1.98737E-08
640.47272	1.98806E-08
640.61096	1.98877E-08
640.74927	1.98950E-08
640.88757	1.99024E-08
641.02588	1.99099E-08
641.16419	1.99176E-08
641.30249	1.99254E-08
641.44080	1.99334E-08
641.57910	1.99415E-08
641.71741	1.99497E-08
641.85571	1.99581E-08
641.99402	1.99665E-08
642.13232	1.99751E-08
642.27063	1.99837E-08
642.40894	1.99925E-08
642.54718	2.00013E-08
642.68549	2.00103E-08
642.82379	2.00193E-08
642.96210	2.00283E-08
643.10040	2.00375E-08
643.23871	2.00467E-08
643.37701	2.00559E-08
643.51532	2.00652E-08
643.65363	2.00745E-08
643.79193	2.00839E-08
643.93024	2.00932E-08
644.06854	2.01026E-08
644.20685	2.01120E-08
644.34509	2.01213E-08
644.48340	2.01307E-08
644.62170	2.01400E-08
644.76001	2.01494E-08
644.89832	2.01586E-08
645.03662	2.01679E-08
645.17493	2.01771E-08
645.31323	2.01862E-08
645.45154	2.01953E-08
645.58984	2.02043E-08
645.72815	2.02132E-08
645.86646	2.02220E-08
646.00476	2.02307E-08
646.14307	2.02393E-08
646.28131	2.02479E-08
646.41962	2.02563E-08
646.55792	2.02646E-08
646.69623	2.02728E-08
646.83453	2.02809E-08
646.97284	2.02888E-08
647.11115	2.02966E-08
647.24945	2.03042E-08
647.38776	2.03118E-08
647.52606	2.03191E-08
647.66437	2.03264E-08
647.80267	2.03334E-08
647.94098	2.03404E-08
648.07922	2.03471E-08
648.21753	2.03537E-08
648.35584	2.03602E-08
648.49414	2.03665E-08
648.63245	2.03726E-08
648.77075	2.03786E-08
648.90906	2.03844E-08
649.04736	2.03900E-08
649.18567	2.03955E-08
649.32398	2.04008E-08
649.46228	2.04060E-08
649.60059	2.04109E-08
649.73889	2.04158E-08
649.87720	2.04204E-08
650.01544	2.04250E-08
650.15375	2.04294E-08
650.29205	2.04336E-08
650.43036	2.04377E-08
650.56867	2.04416E-08
650.70697	2.04454E-08
650.84528	2.04490E-08
650.98358	2.04525E-08
651.12189	2.04558E-08
651.26019	2.04591E-08
651.39850	2.04622E-08
651.53680	2.04651E-08
651.67511	2.04679E-08
651.81342	2.04707E-08
651.95166	2.04732E-08
652.08997	2.04757E-08
652.22827	2.04781E-08
652.36658	2.04803E-08
652.50488	2.04824E-08
652.64319	2.04844E-08
652.78149	2.04864E-08
652.91980	2.04882E-08
653.05811	2.04899E-08
653.19641	2.04915E-08
653.33472	2.04930E-08
653.47302	2.04944E-08
653.61133	2.04957E-08
653.74957	2.04970E-08
653.88788	2.04981E-08
654.02618	2.04992E-08
654.16449	2.05001E-08
654.30280	2.05010E-08
654.44110	2.05018E-08
654.57941	2.05025E-08
654.71771	2.05031E-08
654.85602	2.05036E-08
654.99432	2.05040E-08
655.13263	2.05043E-08
655.27094	2.05045E-08
655.40924	2.05047E-08
655.54755	2.05047E-08
655.68579	2.05047E-08
655.82410	2.05045E-08
655.96240	2.05043E-08
656.10071	2.05039E-08
656.23901	2.05035E-08
656.37732	2.05029E-08
656.51563	2.05022E-08
656.65393	2.05015E-08
656.79224	2.05006E-08
656.93054	2.04996E-08
657.06885	2.04984E-08
657.20715	2.04972E-08
657.34546	2.04958E-08
657.48370	2.04943E-08
657.62201	2.04926E-08
657.76032	2.04908E-08
657.89862	2.04889E-08
658.03693	2.04868E-08
658.17523	2.04846E-08
658.31354	2.04822E-08
658.45184	2.04797E-08
658.59015	2.04770E-08
658.72846	2.04741E-08
658.86676	2.04711E-08
659.00507	2.04679E-08
659.14337	2.04645E-08
659.28168	2.04609E-08
659.41992	2.04572E-08
659.55823	2.04533E-08
659.69653	2.04492E-08
659.83484	2.04450E-08
659.97315	2.04405E-08
660.11145	2.04358E-08
660.24976	2.04310E-08
660.38806	2.04259E-08
660.52637	2.04207E-08
660.66467	2.04153E-08
660.80298	2.04097E-08
660.94128	2.04038E-08
661.07959	2.03978E-08
661.21783	2.03916E-08
661.35614	2.03852E-08
661.49445	2.03785E-08
661.63275	2.03717E-08
661.77106	2.03647E-08
661.90936	2.03575E-08
662.04767	2.03501E-08
662.18597	2.03425E-08
662.32428	2.03348E-08
662.46259	2.03269E-08
662.60089	2.03188E-08
662.73920	2.03105E-08
662.87750	2.03021E-08
663.01581	2.02935E-08
663.15405	2.02847E-08
663.29236	2.02758E-08
663.43066	2.02667E-08
663.56897	2.02575E-08
663.70728	2.02481E-08
663.84558	2.02387E-08
663.98389	2.02291E-08
664.12219	2.02193E-08
664.26050	2.02095E-08
664.39880	2.01996E-08
664.53711	2.01895E-08
664.67542	2.01794E-08
664.81372	2.01692E-08
664.95203	2.01589E-08
665.09027	2.01486E-08
665.22858	2.01381E-08
665.36688	2.01277E-08
665.50519	2.01172E-08
665.64349	2.01066E-08
665.78180	2.00960E-08
665.92011	2.00855E-08
666.05841	2.00748E-08
666.19672	2.00642E-08
666.33502	2.00536E-08
666.47333	2.00430E-08
666.61163	2.00324E-08
666.74994	2.00219E-08
666.88818	2.00113E-08
667.02649	2.00009E-08
667.16480	1.99904E-08
667.30310	1.99800E-08
667.44141	1.99697E-08
667.57971	1.99594E-08
667.71802	1.99493E-08
667.85632	1.99392E-08
667.99463	1.99291E-08
668.13294	1.99192E-08
668.27124	1.99094E-08
668.40955	1.98996E-08
668.54785	1.98900E-08
668.68616	1.98805E-08
668.82440	1.98711E-08
668.96271	1.98619E-08
669.10101	1.98527E-08
669.23932	1.98437E-08
669.37763	1.98348E-08
669.51593	1.98260E-08
669.65424	1.98174E-08
669.79254	1.98089E-08
669.93085	1.98005E-08
670.06915	1.97923E-08
670.20746	1.97842E-08
670.34576	1.97763E-08
670.48407	1.97685E-08
670.62231	1.97608E-08
670.76062	1.97532E-08
670.89893	1.97458E-08
671.03723	1.97385E-08
671.17554	1.97314E-08
671.31384	1.97244E-08
671.45215	1.97175E-08
671.59045	1.97107E-08
671.72876	1.97040E-08
671.86707	1.96975E-08
672.00537	1.96911E-08
672.14368	1.96847E-08
672.28198	1.96785E-08
672.42029	1.96724E-08
672.55853	1.96663E-08
672.69684	1.96604E-08
672.83514	1.96545E-08
672.97345	1.96487E-08
673.11176	1.96430E-08
673.25006	1.96373E-08
673.38837	1.96317E-08
673.52667	1.96261E-08
673.66498	1.96206E-08
673.80328	1.96151E-08
673.94159	1.96097E-08
674.07990	1.96042E-08
674.21820	1.95988E-08
674.35645	1.95934E-08
674.49475	1.95881E-08
674.63306	1.95827E-08
674.77136	1.95773E-08
674.90967	1.95719E-08
675.04797	1.95664E-08
675.18628	1.95610E-08
675.32459	1.95555E-08
675.46289	1.95500E-08
675.60120	1.95444E-08
675.73950	1.95387E-08
675.87781	1.95330E-08
676.01611	1.95272E-08
676.15442	1.95214E-08
676.29266	1.95154E-08
676.43097	1.95094E-08
676.56928	1.95033E-08
676.70758	1.94971E-08
676.84589	1.94909E-08
676.98419	1.94845E-08
677.12250	1.94780E-08
677.26080	1.94714E-08
677.39911	1.94647E-08
677.53742	1.94578E-08
677.67572	1.94509E-08
677.81403	1.94438E-08
677.95233	1.94367E-08
678.09058	1.94293E-08
678.22888	1.94219E-08
678.36719	1.94143E-08
678.50549	1.94067E-08
678.64380	1.93988E-08
678.78210	1.93909E-08
678.92041	1.93828E-08
679.05872	1.93746E-08
679.19702	1.93663E-08
679.33533	1.93579E-08
679.47363	1.93493E-08
679.61194	1.93407E-08
679.75024	1.93319E-08
679.88855	1.93230E-08
680.02679	1.93140E-08
680.16510	1.93049E-08
680.30341	1.92956E-08
680.44171	1.92863E-08
680.58002	1.92769E-08
680.71832	1.92674E-08
680.85663	1.92578E-08
680.99493	1.92481E-08
681.13324	1.92384E-08
681.27155	1.92285E-08
681.40985	1.92186E-08
681.54816	1.92087E-08
681.68646	1.91986E-08
681.82477	1.91886E-08
681.96301	1.91784E-08
682.10132	1.91683E-08
682.23962	1.91581E-08
682.37793	1.91479E-08
682.51624	1.91377E-08
682.65454	1.91274E-08
682.79285	1.91171E-08
682.93115	1.91069E-08
683.06946	1.90966E-08
683.20776	1.90864E-08
683.34607	1.90761E-08
683.48438	1.90659E-08
683.62268	1.90557E-08
683.76093	1.90456E-08
683.89923	1.90354E-08
684.03754	1.90254E-08
684.17584	1.90153E-08
684.31415	1.90053E-08
684.45245	1.89954E-08
684.59076	1.89855E-08
684.72907	1.89757E-08
684.86737	1.89660E-08
685.00568	1.89563E-08
685.14398	1.89467E-08
685.28229	1.89372E-08
685.42059	1.89277E-08
685.55890	1.89184E-08
685.69714	1.89091E-08
685.83545	1.89000E-08
685.97376	1.88909E-08
686.11206	1.88820E-08
686.25037	1.88731E-08
686.38867	1.88644E-08
686.52698	1.88557E-08
686.66528	1.88472E-08
686.80359	1.88388E-08
686.94190	1.88304E-08
687.08020	1.88222E-08
687.21851	1.88141E-08
687.35681	1.88061E-08
687.49506	1.87983E-08
687.63336	1.87905E-08
687.77167	1.87829E-08
687.90997	1.87753E-08
688.04828	1.87679E-08
688.18658	1.87605E-08
688.32489	1.87533E-08
688.46320	1.87462E-08
688.60150	1.87392E-08
688.73981	1.87323E-08
688.87811	1.87255E-08
689.01642	1.87188E-08
689.15472	1.87121E-08
689.29303	1.87056E-08
689.43127	1.86992E-08
689.56958	1.86929E-08
689.70789	1.86866E-08
689.84619	1.86804E-08
689.98450	1.86744E-08
690.12280	1.86684E-08
690.26111	1.86625E-08
690.39941	1.86566E-08
690.53772	1.86508E-08
690.67603	1.86451E-08
690.81433	1.86395E-08
690.95264	1.86339E-08
691.09094	1.86284E-08
691.22919	1.86229E-08
691.36749	1.86175E-08
691.50580	1.86122E-08
691.64410	1.86069E-08
691.78241	1.86016E-08
691.92072	1.85965E-08
692.05902	1.85913E-08
692.19733	1.85862E-08
692.33563	1.85811E-08
692.47394	1.85761E-08
692.61224	1.85712E-08
692.75055	1.85662E-08
692.88886	1.85613E-08
693.02716	1.85564E-08
693.16541	1.85516E-08
693.30371	1.85468E-08
693.44202	1.85420E-08
693.58032	1.85373E-08
693.71863	1.85326E-08
693.85693	1.85279E-08
693.99524	1.85233E-08
694.13355	1.85187E-08
694.27185	1.85141E-08
694.41016	1.85096E-08
694.54846	1.85051E-08
694.68677	1.85006E-08
694.82507	1.84962E-08
694.96338	1.84918E-08
695.10162	1.84874E-08
695.23993	1.84831E-08
695.37824	1.84789E-08
695.51654	1.84746E-08
695.65485	1.84705E-08
695.79315	1.84663E-08
695.93146	1.84622E-08
696.06976	1.84582E-08
696.20807	1.84542E-08
696.34638	1.84503E-08
696.48468	1.84465E-08
696.62299	1.84427E-08
696.76129	1.84390E-08
696.89954	1.84353E-08
697.03784	1.84317E-08
697.17615	1.84282E-08
697.31445	1.84248E-08
697.45276	1.84215E-08
697.59106	1.84182E-08
697.72937	1.84150E-08
697.86768	1.84119E-08
698.00598	1.84090E-08
698.14429	1.84061E-08
698.28259	1.84033E-08
698.42090	1.84006E-08
698.55920	1.83981E-08
698.69751	1.83956E-08
698.83575	1.83933E-08
698.97406	1.83911E-08
699.11237	1.83890E-08
699.25067	1.83870E-08
699.38898	1.83852E-08
699.52728	1.83835E-08
699.66559	1.83819E-08
699.80389	1.83804E-08
699.94220	1.83791E-08
700.08051	1.83779E-08
700.21881	1.83769E-08
700.35712	1.83760E-08
700.49542	1.83752E-08
700.63367	1.83746E-08
700.77197	1.83742E-08
700.91028	1.83739E-08
701.04858	1.83737E-08
701.18689	1.83737E-08
701.32520	1.83738E-08
701.46350	1.83741E-08
701.60181	1.83745E-08
701.74011	1.83751E-08
701.87842	1.83759E-08
702.01672	1.83768E-08
702.15503	1.83778E-08
702.29334	1.83790E-08
702.43164	1.83804E-08
702.56989	1.83818E-08
702.70819	1.83835E-08
702.84650	1.83853E-08
702.98480	1.83872E-08
703.12311	1.83893E-08
703.26141	1.83915E-08
703.39972	1.83939E-08
703.53803	1.83964E-08
703.67633	1.83991E-08
703.81464	1.84019E-08
703.95294	1.84048E-08
704.09125	1.84079E-08
704.22955	1.84111E-08
704.36780	1.84144E-08
704.50610	1.84179E-08
704.64441	1.84215E-08
704.78272	1.84252E-08
704.92102	1.84290E-08
705.05933	1.84330E-08
705.19763	1.84370E-08
705.33594	1.84412E-08
705.47424	1.84455E-08
705.61255	1.84499E-08
705.75085	1.84544E-08
705.88916	1.84590E-08
706.02747	1.84636E-08
706.16577	1.84684E-08
706.30402	1.84733E-08
706.44232	1.84783E-08
706.58063	1.84833E-08
706.71893	1.84885E-08
706.85724	1.84937E-08
706.99554	1.84991E-08
707.13385	1.85045E-08
707.27216	1.85100E-08
707.41046	1.85155E-08
707.54877	1.85212E-08
707.68707	1.85269E-08
707.82538	1.85326E-08
707.96368	1.85385E-08
708.10193	1.85444E-08
708.24023	1.85504E-08
708.37854	1.85565E-08
708.51685	1.85626E-08
708.65515	1.85688E-08
708.79346	1.85750E-08
708.93176	1.85813E-08
709.07007	1.85877E-08
709.20837	1.85941E-08
709.34668	1.86006E-08
709.48499	1.86072E-08
709.62329	1.86139E-08
709.76160	1.86206E-08
709.89990	1.86274E-08
710.03815	1.86342E-08
710.17645	1.86411E-08
710.31476	1.86481E-08
710.45306	1.86552E-08
710.59137	1.86623E-08
710.72968	1.86695E-08
710.86798	1.86768E-08
711.00629	1.86842E-08
711.14459	1.86916E-08
711.28290	1.86992E-08
711.42120	1.87068E-08
711.55951	1.87145E-08
711.69782	1.87223E-08
711.83612	1.87302E-08
711.97437	1.87382E-08
712.11267	1.87463E-08
712.25098	1.87545E-08
712.38928	1.87628E-08
712.52759	1.87712E-08
712.66589	1.87797E-08
712.80420	1.87883E-08
712.94251	1.87971E-08
713.08081	1.88059E-08
713.21912	1.88149E-08
713.35742	1.88240E-08
713.49573	1.88332E-08
713.63403	1.88426E-08
713.77228	1.88520E-08
713.91058	1.88616E-08
714.04889	1.88714E-08
714.18720	1.88812E-08
714.32550	1.88913E-08
714.46381	1.89014E-08
714.60211	1.89117E-08
714.74042	1.89221E-08
714.87872	1.89327E-08
715.01703	1.89435E-08
715.15533	1.89543E-08
715.29364	1.89654E-08
715.43195	1.89765E-08
715.57025	1.89879E-08
715.70850	1.89993E-08
715.84680	1.90110E-08
715.98511	1.90227E-08
716.12341	1.90347E-08
716.26172	1.90467E-08
716.40002	1.90589E-08
716.53833	1.90713E-08
716.67664	1.90838E-08
716.81494	1.90965E-08
716.95325	1.91093E-08
717.09155	1.91222E-08
717.22986	1.91353E-08
717.36816	1.91486E-08
717.50641	1.91619E-08
717.64471	1.91754E-08
717.78302	1.91891E-08
717.92133	1.92028E-08
718.05963	1.92167E-08
718.19794	1.92308E-08
718.33624	1.92449E-08
718.47455	1.92592E-08
718.61285	1.92735E-08
718.75116	1.92880E-08
718.88947	1.93026E-08
719.02777	1.93173E-08
719.16608	1.93321E-08
719.30438	1.93470E-08
719.44263	1.93620E-08
719.58093	1.93771E-08
719.71924	1.93922E-08
719.85754	1.94074E-08
719.99585	1.94227E-08
720.13416	1.94381E-08
720.27246	1.94535E-08
720.41077	1.94689E-08
720.54907	1.94845E-08
720.68738	1.95000E-08
720.82568	1.95156E-08
720.96399	1.95313E-08
721.10230	1.95469E-08
721.24054	1.95626E-08
721.37885	1.95783E-08
721.51715	1.95941E-08
721.65546	1.96098E-08
721.79376	1.96256E-08
721.93207	1.96413E-08
722.07037	1.96571E-08
722.20868	1.96729E-08
722.34699	1.96886E-08
722.48529	1.97043E-08
722.62360	1.97201E-08
722.76190	1.97358E-08
722.90021	1.97514E-08
723.03851	1.97671E-08
723.17676	1.97827E-08
723.31506	1.97983E-08
723.45337	1.98138E-08
723.59168	1.98293E-08
723.72998	1.98448E-08
723.86829	1.98602E-08
724.00659	1.98756E-08
724.14490	1.98909E-08
724.28320	1.99061E-08
724.42151	1.99214E-08
724.55981	1.99365E-08
724.69812	1.99517E-08
724.83643	1.99667E-08
724.97473	1.99817E-08
725.11298	1.99967E-08
725.25128	2.00116E-08
725.38959	2.00264E-08
725.52789	2.00412E-08
725.66620	2.00560E-08
725.80450	2.00707E-08
725.94281	2.00853E-08
726.08112	2.00999E-08
726.21942	2.01145E-08
726.35773	2.01290E-08
726.49603	2.01434E-08
726.63434	2.01579E-08
726.77264	2.01723E-08
726.91089	2.01866E-08
727.04919	2.02009E-08
727.18750	2.02152E-08
727.32581	2.02295E-08
727.46411	2.02437E-08
727.60242	2.02580E-08
727.74072	2.02722E-08
727.87903	2.02864E-08
728.01733	2.03006E-08
728.15564	2.03147E-08
728.29395	2.03289E-08
728.43225	2.03431E-08
728.57056	2.03573E-08
728.70886	2.03715E-08
728.84711	2.03857E-08
728.98541	2.03999E-08
729.12372	2.04142E-08
729.26202	2.04284E-08
729.40033	2.04427E-08
729.53864	2.04571E-08
729.67694	2.04714E-08
729.81525	2.04859E-08
729.95355	2.05003E-08
730.09186	2.05148E-08
730.23016	2.05294E-08
730.36847	2.05440E-08
730.50678	2.05587E-08
730.64502	2.05734E-08
730.78333	2.05882E-08
730.92163	2.06030E-08
731.05994	2.06179E-08
731.19824	2.06329E-08
731.33655	2.06479E-08
731.47485	2.06630E-08
731.61316	2.06783E-08
731.75147	2.06935E-08
731.88977	2.07088E-08
732.02808	2.07243E-08
732.16638	2.07397E-08
732.30469	2.07553E-08
732.44299	2.07710E-08
732.58124	2.07867E-08
732.71954	2.08024E-08
732.85785	2.08183E-08
732.99616	2.08342E-08
733.13446	2.08502E-08
733.27277	2.08663E-08
733.41107	2.08825E-08
733.54938	2.08987E-08
733.68768	2.09150E-08
733.82599	2.09314E-08
733.96429	2.09478E-08
734.10260	2.09643E-08
734.24091	2.09809E-08
734.37915	2.09975E-08
734.51746	2.10142E-08
734.65576	2.10310E-08
734.79407	2.10478E-08
734.93237	2.10646E-08
735.07068	2.10815E-08
735.20898	2.10984E-08
735.34729	2.11153E-08
735.48560	2.11324E-08
735.62390	2.11494E-08
735.76221	2.11665E-08
735.90051	2.11835E-08
736.03882	2.12006E-08
736.17712	2.12178E-08
736.31537	2.12349E-08
736.45367	2.12521E-08
736.59198	2.12692E-08
736.73029	2.12864E-08
736.86859	2.13035E-08
737.00690	2.13207E-08
737.14520	2.13379E-08
737.28351	2.13550E-08
737.42181	2.13722E-08
737.56012	2.13893E-08
737.69843	2.14064E-08
737.83673	2.14235E-08
737.97504	2.14406E-08
738.11334	2.14576E-08
738.25159	2.14747E-08
738.38989	2.14917E-08
738.52820	2.15086E-08
738.66650	2.15256E-08
738.80481	2.15425E-08
738.94312	2.15594E-08
739.08142	2.15763E-08
739.21973	2.15931E-08
739.35803	2.16099E-08
739.49634	2.16267E-08
739.63464	2.16434E-08
739.77295	2.16601E-08
739.91126	2.16768E-08
740.04950	2.16935E-08
740.18781	2.17101E-08
740.32611	2.17267E-08
740.46442	2.17433E-08
740.60272	2.17599E-08
740.74103	2.17764E-08
740.87933	2.17930E-08
741.01764	2.18095E-08
741.15595	2.18260E-08
741.29425	2.18425E-08
741.43256	2.18590E-08
741.57086	2.18755E-08
741.70917	2.18920E-08
741.84747	2.19085E-08
741.98572	2.19250E-08
742.12402	2.19415E-08
742.26233	2.19581E-08
742.40064	2.19746E-08
742.53894	2.19912E-08
742.67725	2.20078E-08
742.81555	2.20244E-08
742.95386	2.20411E-08
743.09216	2.20578E-08
743.23047	2.20746E-08
743.36877	2.20914E-08
743.50708	2.21083E-08
743.64539	2.21252E-08
743.78363	2.21422E-08
743.92194	2.21593E-08
744.06024	2.21764E-08
744.19855	2.21936E-08
744.33685	2.22109E-08
744.47516	2.22282E-08
744.61346	2.22457E-08
744.75177	2.22632E-08
744.89008	2.22808E-08
745.02838	2.22985E-08
745.16669	2.23163E-08
745.30499	2.23342E-08
745.44330	2.23521E-08
745.58160	2.23702E-08
745.71985	2.23884E-08
745.85815	2.24067E-08
745.99646	2.24251E-08
746.13477	2.24436E-08
746.27307	2.24622E-08
746.41138	2.24808E-08
746.54968	2.24996E-08
746.68799	2.25185E-08
746.82629	2.25375E-08
746.96460	2.25565E-08
747.10291	2.25757E-08
747.24121	2.25950E-08
747.37952	2.26143E-08
747.51776	2.26337E-08
747.65607	2.26532E-08
747.79437	2.26728E-08
747.93268	2.26925E-08
748.07098	2.27122E-08
748.20929	2.27320E-08
748.34760	2.27518E-08
748.48590	2.27717E-08
748.62421	2.27916E-08
748.76251	2.28116E-08
748.90082	2.28316E-08
749.03912	2.28516E-08
749.17743	2.28717E-08
749.31574	2.28917E-08
749.45398	2.29117E-08
749.59229	2.29318E-08
749.73059	2.29518E-08
749.86890	2.29717E-08
750.00720	2.29917E-08
750.14551	2.30116E-08
750.28381	2.30314E-08
750.42212	2.30512E-08
750.56043	2.30708E-08
750.69873	2.30904E-08
750.83704	2.31099E-08
750.97534	2.31293E-08
751.11365	2.31486E-08
751.25189	2.31678E-08
751.39020	2.31868E-08
751.52850	2.32056E-08
751.66681	2.32243E-08
751.80512	2.32429E-08
751.94342	2.32613E-08
752.08173	2.32795E-08
752.22003	2.32974E-08
752.35834	2.33152E-08
752.49664	2.33328E-08
752.63495	2.33501E-08
752.77325	2.33672E-08
752.91156	2.33841E-08
753.04987	2.34008E-08
753.18811	2.34171E-08
753.32642	2.34333E-08
753.46472	2.34491E-08
753.60303	2.34647E-08
753.74133	2.34799E-08
753.87964	2.34950E-08
754.01794	2.35097E-08
754.15625	2.35241E-08
754.29456	2.35382E-08
754.43286	2.35521E-08
754.57117	2.35656E-08
754.70947	2.35788E-08
754.84778	2.35917E-08
754.98608	2.36043E-08
755.12433	2.36166E-08
755.26263	2.36285E-08
755.40094	2.36402E-08
755.53925	2.36515E-08
755.67755	2.36626E-08
755.81586	2.36733E-08
755.95416	2.36837E-08
756.09247	2.36939E-08
756.23077	2.37037E-08
756.36908	2.37132E-08
756.50739	2.37225E-08
756.64569	2.37315E-08
756.78400	2.37401E-08
756.92224	2.37486E-08
757.06055	2.37567E-08
757.19885	2.37646E-08
757.33716	2.37722E-08
757.47546	2.37796E-08
757.61377	2.37868E-08
757.75208	2.37937E-08
757.89038	2.38005E-08
758.02869	2.38070E-08
758.16699	2.38133E-08
758.30530	2.38194E-08
758.44360	2.38254E-08
758.58191	2.38312E-08
758.72022	2.38368E-08
758.85846	2.38423E-08
758.99677	2.38477E-08
759.13507	2.38529E-08
759.27338	2.38580E-08
759.41168	2.38630E-08
759.54999	2.38679E-08
759.68829	2.38728E-08
759.82660	2.38775E-08
759.96491	2.38822E-08
760.10321	2.38869E-08
760.24152	2.38915E-08
760.37982	2.38961E-08
760.51813	2.39007E-08
760.65637	2.39053E-08
760.79468	2.39098E-08
760.93298	2.39144E-08
761.07129	2.39190E-08
761.20960	2.39237E-08
761.34790	2.39283E-08
761.48621	2.39331E-08
761.62451	2.39378E-08
761.76282	2.39426E-08
761.90112	2.39475E-08
762.03943	2.39525E-08
762.17773	2.39575E-08
762.31604	2.39626E-08
762.45435	2.39678E-08
762.59259	2.39731E-08
762.73090	2.39785E-08
762.86920	2.39840E-08
763.00751	2.39896E-08
763.14581	2.39953E-08
763.28412	2.40011E-08
763.42242	2.40070E-08
763.56073	2.40130E-08
763.69904	2.40190E-08
763.83734	2.40253E-08
763.97565	2.40316E-08
764.11395	2.40380E-08
764.25226	2.40445E-08
764.39050	2.40511E-08
764.52881	2.40578E-08
764.66711	2.40646E-08
764.80542	2.40715E-08
764.94373	2.40785E-08
765.08203	2.40855E-08
765.22034	2.40926E-08
765.35864	2.40998E-08
765.49695	2.41070E-08
765.63525	2.41142E-08
765.77356	2.41216E-08
765.91187	2.41289E-08
766.05017	2.41363E-08
766.18848	2.41437E-08
766.32672	2.41511E-08
766.46503	2.41585E-08
766.60333	2.41659E-08
766.74164	2.41732E-08
766.87994	2.41806E-08
767.01825	2.41879E-08
767.15656	2.41951E-08
767.29486	2.42023E-08
767.43317	2.42095E-08
767.57147	2.42165E-08
767.70978	2.42235E-08
767.84808	2.42304E-08
767.98639	2.42371E-08
768.12470	2.42438E-08
768.26294	2.42503E-08
768.40125	2.42567E-08
768.53955	2.42629E-08
768.67786	2.42690E-08
768.81616	2.42749E-08
768.95447	2.42806E-08
769.09277	2.42862E-08
769.23108	2.42915E-08
769.36939	2.42967E-08
769.50769	2.43017E-08
769.64600	2.43064E-08
769.78430	2.43110E-08
769.92261	2.43153E-08
770.06085	2.43194E-08
770.19916	2.43232E-08
770.33746	2.43268E-08
770.47577	2.43302E-08
770.61408	2.43333E-08
770.75238	2.43362E-08
770.89069	2.43388E-08
771.02899	2.43412E-08
771.16730	2.43433E-08
771.30560	2.43452E-08
771.44391	2.43468E-08
771.58221	2.43481E-08
771.72052	2.43492E-08
771.85883	2.43500E-08
771.99707	2.43506E-08
772.13538	2.43510E-08
772.27368	2.43511E-08
772.41199	2.43509E-08
772.55029	2.43506E-08
772.68860	2.43500E-08
772.82690	2.43491E-08
772.96521	2.43481E-08
773.10352	2.43468E-08
773.24182	2.43454E-08
773.38013	2.43438E-08
773.51843	2.43419E-08
773.65674	2.43399E-08
773.79498	2.43377E-08
773.93329	2.43354E-08
774.07159	2.43329E-08
774.20990	2.43303E-08
774.34821	2.43275E-08
774.48651	2.43247E-08
774.62482	2.43217E-08
774.76312	2.43186E-08
774.90143	2.43155E-08
775.03973	2.43123E-08
775.17804	2.43090E-08
775.31635	2.43057E-08
775.45465	2.43024E-08
775.59296	2.42991E-08
775.73120	2.42957E-08
775.86951	2.42924E-08
776.00781	2.42891E-08
776.14612	2.42859E-08
776.28442	2.42827E-08
776.42273	2.42795E-08
776.56104	2.42765E-08
776.69934	2.42735E-08
776.83765	2.42706E-08
776.97595	2.42679E-08
777.11426	2.42652E-08
777.25256	2.42627E-08
777.39087	2.42604E-08
777.52911	2.42582E-08
777.66742	2.42562E-08
777.80573	2.42543E-08
777.94403	2.42527E-08
778.08234	2.42512E-08
778.22064	2.42500E-08
778.35895	2.42490E-08
778.49725	2.42483E-08
778.63556	2.42477E-08
778.77387	2.42475E-08
778.91217	2.42474E-08
779.05048	2.42477E-08
779.18878	2.42482E-08
779.32709	2.42490E-08
779.46533	2.42500E-08
779.60364	2.42514E-08
779.74194	2.42531E-08
779.88025	2.42550E-08
780.01856	2.42573E-08
780.15686	2.42598E-08
780.29517	2.42627E-08
780.43347	2.42658E-08
780.57178	2.42693E-08
780.71008	2.42731E-08
780.84839	2.42772E-08
780.98669	2.42816E-08
781.12500	2.42863E-08
781.26325	2.42913E-08
781.40155	2.42966E-08
781.53986	2.43023E-08
781.67816	2.43082E-08
781.81647	2.43144E-08
781.95477	2.43209E-08
782.09308	2.43278E-08
782.23138	2.43349E-08
782.36969	2.43423E-08
782.50800	2.43500E-08
782.64630	2.43580E-08
782.78461	2.43662E-08
782.92291	2.43747E-08
783.06122	2.43835E-08
783.19946	2.43925E-08
783.33777	2.44017E-08
783.47607	2.44112E-08
783.61438	2.44209E-08
783.75269	2.44309E-08
783.89099	2.44410E-08
784.02930	2.44514E-08
784.16760	2.44620E-08
784.30591	2.44727E-08
784.44421	2.44837E-08
784.58252	2.44948E-08
784.72083	2.45061E-08
784.85913	2.45176E-08
784.99744	2.45292E-08
785.13568	2.45409E-08
785.27399	2.45528E-08
785.41229	2.45648E-08
785.55060	2.45769E-08
785.68890	2.45892E-08
785.82721	2.46015E-08
785.96552	2.46139E-08
786.10382	2.46264E-08
786.24213	2.46390E-08
786.38043	2.46517E-08
786.51874	2.46644E-08
786.65704	2.46772E-08
786.79535	2.46901E-08
786.93359	2.47029E-08
787.07190	2.47159E-08
787.21021	2.47288E-08
787.34851	2.47418E-08
787.48682	2.47548E-08
787.62512	2.47678E-08
787.76343	2.47809E-08
787.90173	2.47939E-08
788.04004	2.48070E-08
788.17835	2.48201E-08
788.31665	2.48332E-08
788.45496	2.48462E-08
788.59326	2.48593E-08
788.73157	2.48724E-08
788.86981	2.48854E-08
789.00812	2.48985E-08
789.14642	2.49115E-08
789.28473	2.49245E-08
789.42304	2.49375E-08
789.56134	2.49505E-08
789.69965	2.49635E-08
789.83795	2.49764E-08
789.97626	2.49894E-08
790.11456	2.50023E-08
790.25287	2.50153E-08
790.39117	2.50282E-08
790.52948	2.50411E-08
790.66773	2.50541E-08
790.80603	2.50670E-08
790.94434	2.50799E-08
791.08264	2.50928E-08
791.22095	2.51058E-08
791.35925	2.51187E-08
791.49756	2.51317E-08
791.63586	2.51447E-08
791.77417	2.51577E-08
791.91248	2.51707E-08
792.05078	2.51838E-08
792.18909	2.51969E-08
792.32739	2.52100E-08
792.46570	2.52232E-08
792.60394	2.52364E-08
792.74225	2.52497E-08
792.88055	2.52630E-08
793.01886	2.52763E-08
793.15717	2.52898E-08
793.29547	2.53033E-08
793.43378	2.53169E-08
793.57208	2.53305E-08
793.71039	2.53442E-08
793.84869	2.53580E-08
793.98700	2.53719E-08
794.12531	2.53859E-08
794.26361	2.54000E-08
794.40186	2.54141E-08
794.54016	2.54283E-08
794.67847	2.54427E-08
794.81677	2.54571E-08
794.95508	2.54716E-08
795.09338	2.54863E-08
795.23169	2.55010E-08
795.37000	2.55158E-08
795.50830	2.55307E-08
795.64661	2.55458E-08
795.78491	2.55609E-08
795.92322	2.55761E-08
796.06152	2.55915E-08
796.19983	2.56069E-08
796.33807	2.56224E-08
796.47638	2.56380E-08
796.61469	2.56537E-08
796.75299	2.56695E-08
796.89130	2.56854E-08
797.02960	2.57014E-08
797.16791	2.57174E-08
797.30621	2.57336E-08
797.44452	2.57498E-08
797.58283	2.57660E-08
797.72113	2.57823E-08
797.85944	2.57987E-08
797.99774	2.58151E-08
798.13605	2.58316E-08
798.27429	2.58481E-08
798.41260	2.58646E-08
798.55090	2.58812E-08
798.68921	2.58978E-08
798.82752	2.59144E-08
798.96582	2.59310E-08
799.10413	2.59476E-08
799.24243	2.59642E-08
799.38074	2.59807E-08
799.51904	2.59973E-08
799.65735	2.60137E-08
799.79565	2.60302E-08
799.93396	2.60466E-08
800.07221	2.60629E-08
800.21051	2.60792E-08
800.34882	2.60954E-08
800.48712	2.61115E-08
800.62543	2.61275E-08
800.76373	2.61434E-08
800.90204	2.61592E-08
801.04034	2.61749E-08
801.17865	2.61905E-08
801.31696	2.62059E-08
801.45526	2.62212E-08
801.59357	2.62363E-08
801.73187	2.62513E-08
801.87018	2.62660E-08
802.00842	2.62806E-08
802.14673	2.62950E-08
802.28503	2.63092E-08
802.42334	2.63232E-08
802.56165	2.63370E-08
802.69995	2.63506E-08
802.83826	2.63639E-08
802.97656	2.63770E-08
803.11487	2.63899E-08
803.25317	2.64026E-08
803.39148	2.64150E-08
803.52979	2.64271E-08
803.66809	2.64390E-08
803.80634	2.64506E-08
803.94464	2.64619E-08
804.08295	2.64730E-08
804.22125	2.64838E-08
804.35956	2.64944E-08
804.49786	2.65046E-08
804.63617	2.65146E-08
804.77448	2.65243E-08
804.91278	2.65337E-08
805.05109	2.65428E-08
805.18939	2.65517E-08
805.32770	2.65603E-08
805.46600	2.65686E-08
805.60431	2.65766E-08
805.74255	2.65843E-08
805.88086	2.65918E-08
806.01917	2.65990E-08
806.15747	2.66059E-08
806.29578	2.66126E-08
806.43408	2.66190E-08
806.57239	2.66251E-08
806.71069	2.66310E-08
806.84900	2.66367E-08
806.98731	2.66421E-08
807.12561	2.66473E-08
807.26392	2.66522E-08
807.40222	2.66570E-08
807.54047	2.66615E-08
807.67877	2.66658E-08
807.81708	2.66699E-08
807.95538	2.66739E-08
808.09369	2.66776E-08
808.23200	2.66812E-08
808.37030	2.66847E-08
808.50861	2.66879E-08
808.64691	2.66910E-08
808.78522	2.66941E-08
808.92352	2.66970E-08
809.06183	2.66998E-08
809.20013	2.67025E-08
809.33844	2.67051E-08
809.47669	2.67076E-08
809.61499	2.67101E-08
809.75330	2.67125E-08
809.89160	2.67149E-08
810.02991	2.67172E-08
810.16821	2.67196E-08
810.30652	2.67219E-08
810.44482	2.67242E-08
810.58313	2.67265E-08
810.72144	2.67289E-08
810.85974	2.67313E-08
810.99805	2.67338E-08
811.13635	2.67363E-08
811.27460	2.67389E-08
811.41290	2.67416E-08
811.55121	2.67444E-08
811.68951	2.67474E-08
811.82782	2.67504E-08
811.96613	2.67536E-08
812.10443	2.67569E-08
812.24274	2.67604E-08
812.38104	2.67640E-08
812.51935	2.67678E-08
812.65765	2.67719E-08
812.79596	2.67760E-08
812.93427	2.67804E-08
813.07257	2.67850E-08
813.21082	2.67899E-08
813.34912	2.67949E-08
813.48743	2.68002E-08
813.62573	2.68057E-08
813.76404	2.68115E-08
813.90234	2.68176E-08
814.04065	2.68239E-08
814.17896	2.68305E-08
814.31726	2.68373E-08
814.45557	2.68445E-08
814.59387	2.68519E-08
814.73218	2.68596E-08
814.87048	2.68676E-08
815.00879	2.68759E-08
815.14703	2.68845E-08
815.28534	2.68934E-08
815.42365	2.69027E-08
815.56195	2.69122E-08
815.70026	2.69220E-08
815.83856	2.69321E-08
815.97687	2.69425E-08
816.11517	2.69532E-08
816.25348	2.69642E-08
816.39179	2.69756E-08
816.53009	2.69872E-08
816.66840	2.69991E-08
816.80670	2.70113E-08
816.94495	2.70238E-08
817.08325	2.70366E-08
817.22156	2.70496E-08
817.35986	2.70629E-08
817.49817	2.70765E-08
817.63648	2.70903E-08
817.77478	2.71044E-08
817.91309	2.71187E-08
818.05139	2.71332E-08
818.18970	2.71480E-08
818.32800	2.71629E-08
818.46631	2.71781E-08
818.60461	2.71935E-08
818.74292	2.72090E-08
818.88117	2.72247E-08
819.01947	2.72406E-08
819.15778	2.72565E-08
819.29608	2.72727E-08
819.43439	2.72889E-08
819.57269	2.73052E-08
819.71100	2.73216E-08
819.84930	2.73382E-08
819.98761	2.73547E-08
820.12592	2.73713E-08
820.26422	2.73879E-08
820.40253	2.74046E-08
820.54083	2.74212E-08
820.67908	2.74378E-08
820.81738	2.74543E-08
820.95569	2.74708E-08
821.09399	2.74873E-08
821.23230	2.75036E-08
821.37061	2.75198E-08
821.50891	2.75359E-08
821.64722	2.75519E-08
821.78552	2.75676E-08
821.92383	2.75832E-08
822.06213	2.75986E-08
822.20044	2.76138E-08
822.33875	2.76288E-08
822.47705	2.76435E-08
822.61530	2.76579E-08
822.75360	2.76721E-08
822.89191	2.76859E-08
823.03021	2.76995E-08
823.16852	2.77127E-08
823.30682	2.77255E-08
823.44513	2.77380E-08
823.58344	2.77502E-08
823.72174	2.77619E-08
823.86005	2.77733E-08
823.99835	2.77842E-08
824.13666	2.77947E-08
824.27496	2.78048E-08
824.41321	2.78144E-08
824.55151	2.78236E-08
824.68982	2.78323E-08
824.82813	2.78405E-08
824.96643	2.78482E-08
825.10474	2.78554E-08
825.24304	2.78622E-08
825.38135	2.78684E-08
825.51965	2.78741E-08
825.65796	2.78793E-08
825.79627	2.78841E-08
825.93457	2.78882E-08
826.07288	2.78919E-08
826.21118	2.78950E-08
826.34943	2.78976E-08
826.48773	2.78997E-08
826.62604	2.79013E-08
826.76434	2.79024E-08
826.90265	2.79030E-08
827.04096	2.79030E-08
827.17926	2.79026E-08
827.31757	2.79017E-08
827.45587	2.79002E-08
827.59418	2.78983E-08
827.73248	2.78960E-08
827.87079	2.78932E-08
828.00909	2.78899E-08
828.14740	2.78863E-08
828.28565	2.78822E-08
828.42395	2.78777E-08
828.56226	2.78728E-08
828.70056	2.78675E-08
828.83887	2.78619E-08
828.97717	2.78559E-08
829.11548	2.78497E-08
829.25378	2.78431E-08
829.39209	2.78362E-08
829.53040	2.78290E-08
829.66870	2.78216E-08
829.80701	2.78140E-08
829.94531	2.78061E-08
830.08356	2.77981E-08
830.22186	2.77899E-08
830.36017	2.77815E-08
830.49847	2.77731E-08
830.63678	2.77645E-08
830.77509	2.77558E-08
830.91339	2.77471E-08
831.05170	2.77383E-08
831.19000	2.77295E-08
831.32831	2.77207E-08
831.46661	2.77120E-08
831.60492	2.77032E-08
831.74323	2.76946E-08
831.88153	2.76860E-08
832.01978	2.76775E-08
832.15808	2.76692E-08
832.29639	2.76610E-08
832.43469	2.76529E-08
832.57300	2.76450E-08
832.71130	2.76374E-08
832.84961	2.76300E-08
832.98792	2.76228E-08
833.12622	2.76158E-08
833.26453	2.76092E-08
833.40283	2.76027E-08
833.54114	2.75966E-08
833.67944	2.75909E-08
833.81769	2.75854E-08
833.95599	2.75803E-08
834.09430	2.75755E-08
834.23261	2.75711E-08
834.37091	2.75671E-08
834.50922	2.75635E-08
834.64752	2.75602E-08
834.78583	2.75574E-08
834.92413	2.75549E-08
835.06244	2.75529E-08
835.20075	2.75514E-08
835.33905	2.75502E-08
835.47736	2.75495E-08
835.61566	2.75492E-08
835.75391	2.75493E-08
835.89221	2.75499E-08
836.03052	2.75509E-08
836.16882	2.75524E-08
836.30713	2.75543E-08
836.44544	2.75566E-08
836.58374	2.75594E-08
836.72205	2.75626E-08
836.86035	2.75662E-08
836.99866	2.75703E-08
837.13696	2.75747E-08
837.27527	2.75796E-08
837.41357	2.75848E-08
837.55182	2.75905E-08
837.69013	2.75965E-08
837.82843	2.76029E-08
837.96674	2.76096E-08
838.10504	2.76167E-08
838.24335	2.76241E-08
838.38165	2.76318E-08
838.51996	2.76399E-08
838.65826	2.76482E-08
838.79657	2.76568E-08
838.93488	2.76657E-08
839.07318	2.76748E-08
839.21149	2.76842E-08
839.34979	2.76938E-08
839.48804	2.77035E-08
839.62634	2.77135E-08
839.76465	2.77236E-08
839.90295	2.77339E-08
840.04126	2.77443E-08
840.17957	2.77548E-08
840.31787	2.77654E-08
840.45618	2.77760E-08
840.59448	2.77867E-08
840.73279	2.77975E-08
840.87109	2.78082E-08
841.00940	2.78190E-08
841.14771	2.78298E-08
841.28595	2.78405E-08
841.42426	2.78512E-08
841.56256	2.78618E-08
841.70087	2.78724E-08
841.83917	2.78828E-08
841.97748	2.78931E-08
842.11578	2.79033E-08
842.25409	2.79133E-08
842.39240	2.79232E-08
842.53070	2.79329E-08
842.66901	2.79424E-08
842.80731	2.79517E-08
842.94562	2.79608E-08
843.08392	2.79696E-08
843.22217	2.79782E-08
843.36047	2.79866E-08
843.49878	2.79947E-08
843.63709	2.80026E-08
843.77539	2.80101E-08
843.91370	2.80174E-08
844.05200	2.80244E-08
844.19031	2.80312E-08
844.32861	2.80376E-08
844.46692	2.80437E-08
844.60523	2.80496E-08
844.74353	2.80551E-08
844.88184	2.80603E-08
845.02014	2.80652E-08
845.15839	2.80699E-08
845.29669	2.80742E-08
845.43500	2.80782E-08
845.57330	2.80819E-08
845.71161	2.80853E-08
845.84992	2.80884E-08
845.98822	2.80913E-08
846.12653	2.80939E-08
846.26483	2.80962E-08
846.40314	2.80982E-08
846.54144	2.81000E-08
846.67975	2.81015E-08
846.81805	2.81028E-08
846.95630	2.81038E-08
847.09460	2.81046E-08
847.23291	2.81053E-08
847.37122	2.81057E-08
847.50952	2.81059E-08
847.64783	2.81060E-08
847.78613	2.81058E-08
847.92444	2.81056E-08
848.06274	2.81052E-08
848.20105	2.81046E-08
848.33936	2.81040E-08
848.47766	2.81032E-08
848.61597	2.81024E-08
848.75427	2.81015E-08
848.89252	2.81004E-08
849.03082	2.80994E-08
849.16913	2.80983E-08
849.30743	2.80972E-08
849.44574	2.80961E-08
849.58405	2.80949E-08
849.72235	2.80938E-08
849.86066	2.80927E-08
849.99896	2.80916E-08
850.13727	2.80905E-08
850.27557	2.80895E-08
850.41388	2.80886E-08
850.55219	2.80877E-08
850.69043	2.80869E-08
850.82874	2.80861E-08
850.96704	2.80855E-08
851.10535	2.80849E-08
851.24365	2.80845E-08
851.38196	2.80841E-08
851.52026	2.80839E-08
851.65857	2.80837E-08
851.79688	2.80837E-08
851.93518	2.80838E-08
852.07349	2.80840E-08
852.21179	2.80843E-08
852.35010	2.80848E-08
852.48840	2.80854E-08
852.62665	2.80861E-08
852.76495	2.80869E-08
852.90326	2.80878E-08
853.04157	2.80889E-08
853.17987	2.80901E-08
853.31818	2.80914E-08
853.45648	2.80928E-08
853.59479	2.80943E-08
853.73309	2.80959E-08
853.87140	2.80976E-08
854.00971	2.80995E-08
854.14801	2.81013E-08
854.28632	2.81033E-08
854.42456	2.81053E-08
854.56287	2.81074E-08
854.70117	2.81096E-08
854.83948	2.81118E-08
854.97778	2.81140E-08
855.11609	2.81162E-08
855.25440	2.81184E-08
855.39270	2.81207E-08
855.53101	2.81229E-08
855.66931	2.81252E-08
855.80762	2.81274E-08
855.94592	2.81295E-08
856.08423	2.81317E-08
856.22253	2.81337E-08
856.36078	2.81357E-08
856.49908	2.81377E-08
856.63739	2.81395E-08
856.77570	2.81412E-08
856.91400	2.81429E-08
857.05231	2.81444E-08
857.19061	2.81458E-08
857.32892	2.81471E-08
857.46722	2.81483E-08
857.60553	2.81493E-08
857.74384	2.81501E-08
857.88214	2.81507E-08
858.02045	2.81512E-08
858.15875	2.81516E-08
858.29700	2.81517E-08
858.43530	2.81517E-08
858.57361	2.81514E-08
858.71191	2.81510E-08
858.85022	2.81504E-08
858.98853	2.81496E-08
859.12683	2.81485E-08
859.26514	2.81473E-08
859.40344	2.81459E-08
859.54175	2.81443E-08
859.68005	2.81425E-08
859.81836	2.81405E-08
859.95667	2.81384E-08
860.09491	2.81360E-08
860.23322	2.81334E-08
860.37152	2.81306E-08
860.50983	2.81277E-08
860.64813	2.81246E-08
860.78644	2.81213E-08
860.92474	2.81179E-08
861.06305	2.81144E-08
861.20136	2.81107E-08
861.33966	2.81069E-08
861.47797	2.81029E-08
861.61627	2.80989E-08
861.75458	2.80947E-08
861.89288	2.80905E-08
862.03113	2.80862E-08
862.16943	2.80818E-08
862.30774	2.80774E-08
862.44605	2.80730E-08
862.58435	2.80685E-08
862.72266	2.80640E-08
862.86096	2.80596E-08
862.99927	2.80551E-08
863.13757	2.80507E-08
863.27588	2.80463E-08
863.41419	2.80420E-08
863.55249	2.80378E-08
863.69080	2.80337E-08
863.82904	2.80296E-08
863.96735	2.80257E-08
864.10565	2.80220E-08
864.24396	2.80183E-08
864.38226	2.80149E-08
864.52057	2.80116E-08
864.65888	2.80085E-08
864.79718	2.80056E-08
864.93549	2.80029E-08
865.07379	2.80004E-08
865.21210	2.79982E-08
865.35040	2.79962E-08
865.48871	2.79945E-08
865.62701	2.79931E-08
865.76526	2.79920E-08
865.90356	2.79911E-08
866.04187	2.79906E-08
866.18018	2.79903E-08
866.31848	2.79904E-08
866.45679	2.79908E-08
866.59509	2.79915E-08
866.73340	2.79925E-08
866.87170	2.79939E-08
867.01001	2.79956E-08
867.14832	2.79977E-08
867.28662	2.80001E-08
867.42493	2.80029E-08
867.56317	2.80060E-08
867.70148	2.80095E-08
867.83978	2.80133E-08
867.97809	2.80174E-08
868.11639	2.80219E-08
868.25470	2.80268E-08
868.39301	2.80320E-08
868.53131	2.80375E-08
868.66962	2.80434E-08
868.80792	2.80495E-08
868.94623	2.80560E-08
869.08453	2.80628E-08
869.22284	2.80699E-08
869.36115	2.80773E-08
869.49939	2.80849E-08
869.63770	2.80928E-08
869.77600	2.81010E-08
869.91431	2.81094E-08
870.05261	2.81181E-08
870.19092	2.81270E-08
870.32922	2.81360E-08
870.46753	2.81453E-08
870.60584	2.81547E-08
870.74414	2.81643E-08
870.88245	2.81741E-08
871.02075	2.81840E-08
871.15906	2.81940E-08
871.29730	2.82041E-08
871.43561	2.82143E-08
871.57391	2.82246E-08
871.71222	2.82349E-08
871.85053	2.82452E-08
871.98883	2.82556E-08
872.12714	2.82660E-08
872.26544	2.82764E-08
872.40375	2.82868E-08
872.54205	2.82971E-08
872.68036	2.83074E-08
872.81867	2.83175E-08
872.95697	2.83277E-08
873.09528	2.83377E-08
873.23352	2.83476E-08
873.37183	2.83574E-08
873.51013	2.83671E-08
873.64844	2.83765E-08
873.78674	2.83859E-08
873.92505	2.83951E-08
874.06335	2.84040E-08
874.20166	2.84128E-08
874.33997	2.84214E-08
874.47827	2.84298E-08
874.61658	2.84380E-08
874.75488	2.84459E-08
874.89319	2.84536E-08
875.03149	2.84611E-08
875.16974	2.84684E-08
875.30804	2.84754E-08
875.44635	2.84822E-08
875.58466	2.84886E-08
875.72296	2.84949E-08
875.86127	2.85009E-08
875.99957	2.85067E-08
876.13788	2.85123E-08
876.27618	2.85175E-08
876.41449	2.85226E-08
876.55280	2.85274E-08
876.69110	2.85320E-08
876.82941	2.85364E-08
876.96765	2.85406E-08
877.10596	2.85445E-08
877.24426	2.85483E-08
877.38257	2.85519E-08
877.52087	2.85554E-08
877.65918	2.85586E-08
877.79749	2.85618E-08
877.93579	2.85648E-08
878.07410	2.85676E-08
878.21240	2.85704E-08
878.35071	2.85731E-08
878.48901	2.85756E-08
878.62732	2.85782E-08
878.76563	2.85806E-08
878.90387	2.85831E-08
879.04218	2.85855E-08
879.18048	2.85879E-08
879.31879	2.85903E-08
879.45709	2.85928E-08
879.59540	2.85953E-08
879.73370	2.85979E-08
879.87201	2.86005E-08
880.01032	2.86033E-08
880.14862	2.86062E-08
880.28693	2.86092E-08
880.42523	2.86123E-08
880.56354	2.86157E-08
880.70178	2.86192E-08
880.84009	2.86229E-08
880.97839	2.86268E-08
881.11670	2.86310E-08
881.25501	2.86354E-08
881.39331	2.86400E-08
881.53162	2.86449E-08
881.66992	2.86501E-08
881.80823	2.86556E-08
881.94653	2.86614E-08
882.08484	2.86676E-08
882.22315	2.86740E-08
882.36145	2.86808E-08
882.49976	2.86879E-08
882.63800	2.86954E-08
882.77631	2.87032E-08
882.91461	2.87114E-08
883.05292	2.87200E-08
883.19122	2.87290E-08
883.32953	2.87383E-08
883.46783	2.87480E-08
883.60614	2.87581E-08
883.74445	2.87686E-08
883.88275	2.87795E-08
884.02106	2.87908E-08
884.15936	2.88025E-08
884.29767	2.88145E-08
884.43591	2.88270E-08
884.57422	2.88397E-08
884.71252	2.88529E-08
884.85083	2.88665E-08
884.98914	2.88804E-08
885.12744	2.88946E-08
885.26575	2.89092E-08
885.40405	2.89241E-08
885.54236	2.89394E-08
885.68066	2.89549E-08
885.81897	2.89708E-08
885.95728	2.89869E-08
886.09558	2.90033E-08
886.23389	2.90200E-08
886.37213	2.90369E-08
886.51044	2.90541E-08
886.64874	2.90715E-08
886.78705	2.90890E-08
886.92535	2.91068E-08
887.06366	2.91247E-08
887.20197	2.91427E-08
887.34027	2.91609E-08
887.47858	2.91792E-08
887.61688	2.91976E-08
887.75519	2.92160E-08
887.89349	2.92345E-08
888.03180	2.92530E-08
888.17011	2.92716E-08
888.30835	2.92901E-08
888.44666	2.93086E-08
888.58496	2.93271E-08
888.72327	2.93455E-08
888.86157	2.93638E-08
888.99988	2.93820E-08
889.13818	2.94000E-08
889.27649	2.94180E-08
889.41480	2.94358E-08
889.55310	2.94534E-08
889.69141	2.94708E-08
889.82971	2.94880E-08
889.96802	2.95050E-08
890.10626	2.95217E-08
890.24457	2.95381E-08
890.38287	2.95543E-08
890.52118	2.95702E-08
890.65949	2.95857E-08
890.79779	2.96010E-08
890.93610	2.96159E-08
891.07440	2.96305E-08
891.21271	2.96447E-08
891.35101	2.96585E-08
891.48932	2.96720E-08
891.62763	2.96851E-08
891.76593	2.96978E-08
891.90424	2.97101E-08
892.04248	2.97220E-08
892.18079	2.97335E-08
892.31909	2.97445E-08
892.45740	2.97552E-08
892.59570	2.97655E-08
892.73401	2.97753E-08
892.87231	2.97848E-08
893.01062	2.97938E-08
893.14893	2.98024E-08
893.28723	2.98106E-08
893.42554	2.98184E-08
893.56384	2.98258E-08
893.70215	2.98328E-08
893.84039	2.98394E-08
893.97870	2.98456E-08
894.11700	2.98514E-08
894.25531	2.98569E-08
894.39362	2.98620E-08
894.53192	2.98668E-08
894.67023	2.98712E-08
894.80853	2.98753E-08
894.94684	2.98791E-08
895.08514	2.98826E-08
895.22345	2.98858E-08
895.36176	2.98887E-08
895.50006	2.98913E-08
895.63837	2.98938E-08
895.77661	2.98959E-08
895.91492	2.98979E-08
896.05322	2.98996E-08
896.19153	2.99012E-08
896.32983	2.99025E-08
896.46814	2.99037E-08
896.60645	2.99047E-08
896.74475	2.99057E-08
896.88306	2.99064E-08
897.02136	2.99071E-08
897.15967	2.99077E-08
897.29797	2.99082E-08
897.43628	2.99086E-08
897.57452	2.99090E-08
897.71283	2.99094E-08
897.85114	2.99097E-08
897.98944	2.99100E-08
898.12775	2.99103E-08
898.26605	2.99107E-08
898.40436	2.99111E-08
898.54266	2.99115E-08
898.68097	2.99120E-08
898.81928	2.99125E-08
898.95758	2.99131E-08
899.09589	2.99138E-08
899.23419	2.99145E-08
899.37250	2.99154E-08
899.51074	2.99164E-08
899.64905	2.99175E-08
899.78735	2.99187E-08
899.92566	2.99201E-08
900.06397	2.99216E-08
900.20227	2.99232E-08
900.34058	2.99250E-08
900.47888	2.99270E-08
900.61719	2.99291E-08
900.75549	2.99314E-08
900.89380	2.99339E-08
901.03210	2.99365E-08
901.17041	2.99393E-08
901.30866	2.99423E-08
901.44696	2.99455E-08
901.58527	2.99489E-08
901.72357	2.99524E-08
901.86188	2.99561E-08
902.00018	2.99601E-08
902.13849	2.99642E-08
902.27679	2.99685E-08
902.41510	2.99729E-08
902.55341	2.99776E-08
902.69171	2.99825E-08
902.83002	2.99875E-08
902.96832	2.99927E-08
903.10663	2.99980E-08
903.24487	3.00035E-08
903.38318	3.00092E-08
903.52148	3.00151E-08
903.65979	3.00211E-08
903.79810	3.00272E-08
903.93640	3.00335E-08
904.07471	3.00400E-08
904.21301	3.00465E-08
904.35132	3.00533E-08
904.48962	3.00601E-08
904.62793	3.00671E-08
904.76624	3.00742E-08
904.90454	3.00814E-08
905.04285	3.00887E-08
905.18109	3.00961E-08
905.31940	3.01036E-08
905.45770	3.01112E-08
905.59601	3.01189E-08
905.73431	3.01267E-08
905.87262	3.01346E-08
906.01093	3.01426E-08
906.14923	3.01506E-08
906.28754	3.01587E-08
906.42584	3.01669E-08
906.56415	3.01752E-08
906.70245	3.01834E-08
906.84076	3.01918E-08
906.97900	3.02002E-08
907.11731	3.02086E-08
907.25562	3.02171E-08
907.39392	3.02257E-08
907.53223	3.02343E-08
907.67053	3.02429E-08
907.80884	3.02515E-08
907.94714	3.02602E-08
908.08545	3.02689E-08
908.22376	3.02777E-08
908.36206	3.02865E-08
908.50037	3.02953E-08
908.63867	3.03041E-08
908.77698	3.03130E-08
908.91522	3.03219E-08
909.05353	3.03308E-08
909.19183	3.03398E-08
909.33014	3.03488E-08
909.46845	3.03578E-08
909.60675	3.03669E-08
909.74506	3.03760E-08
909.88336	3.03851E-08
910.02167	3.03942E-08
910.15997	3.04034E-08
910.29828	3.04126E-08
910.43658	3.04219E-08
910.57489	3.04312E-08
910.71314	3.04405E-08
910.85144	3.04498E-08
910.98975	3.04592E-08
911.12805	3.04686E-08
911.26636	3.04781E-08
911.40466	3.04875E-08
911.54297	3.04971E-08
911.68127	3.05066E-08
911.81958	3.05162E-08
911.95789	3.05258E-08
912.09619	3.05355E-08
912.23450	3.05452E-08
912.37280	3.05550E-08
912.51111	3.05647E-08
912.64935	3.05745E-08
912.78766	3.05844E-08
912.92596	3.05942E-08
913.06427	3.06041E-08
913.20258	3.06140E-08
913.34088	3.06240E-08
913.47919	3.06340E-08
913.61749	3.06439E-08
913.75580	3.06540E-08
913.89410	3.06640E-08
914.03241	3.06740E-08
914.17072	3.06841E-08
914.30902	3.06942E-08
914.44727	3.07043E-08
914.58557	3.07143E-08
914.72388	3.07244E-08
914.86218	3.07345E-08
915.00049	3.07445E-08
915.13879	3.07546E-08
915.27710	3.07647E-08
915.41541	3.07747E-08
915.55371	3.07847E-08
915.69202	3.07947E-08
915.83032	3.08047E-08
915.96863	3.08146E-08
916.10693	3.08245E-08
916.24524	3.08343E-08
916.38348	3.08442E-08
916.52179	3.08539E-08
916.66010	3.08637E-08
916.79840	3.08733E-08
916.93671	3.08830E-08
917.07501	3.08926E-08
917.21332	3.09021E-08
917.35162	3.09115E-08
917.48993	3.09209E-08
917.62824	3.09301E-08
917.76654	3.09394E-08
917.90485	3.09485E-08
918.04315	3.09576E-08
918.18146	3.09666E-08
918.31970	3.09755E-08
918.45801	3.09844E-08
918.59631	3.09932E-08
918.73462	3.10018E-08
918.87293	3.10105E-08
919.01123	3.10190E-08
919.14954	3.10275E-08
919.28784	3.10359E-08
919.42615	3.10442E-08
919.56445	3.10524E-08
919.70276	3.10606E-08
919.84106	3.10687E-08
919.97937	3.10767E-08
920.11762	3.10847E-08
920.25592	3.10926E-08
920.39423	3.11004E-08
920.53253	3.11082E-08
920.67084	3.11159E-08
920.80914	3.11236E-08
920.94745	3.11312E-08
921.08575	3.11388E-08
921.22406	3.11464E-08
921.36237	3.11539E-08
921.50067	3.11614E-08
921.63898	3.11688E-08
921.77728	3.11763E-08
921.91559	3.11837E-08
922.05383	3.11912E-08
922.19214	3.11986E-08
922.33044	3.12060E-08
922.46875	3.12135E-08
922.60706	3.12209E-08
922.74536	3.12284E-08
922.88367	3.12359E-08
923.02197	3.12435E-08
923.16028	3.12511E-08
923.29858	3.12587E-08
923.43689	3.12664E-08
923.57520	3.12742E-08
923.71350	3.12820E-08
923.85175	3.12899E-08
923.99005	3.12978E-08
924.12836	3.13059E-08
924.26666	3.13140E-08
924.40497	3.13222E-08
924.54327	3.13306E-08
924.68158	3.13390E-08
924.81989	3.13475E-08
924.95819	3.13562E-08
925.09650	3.13649E-08
925.23480	3.13738E-08
925.37311	3.13829E-08
925.51141	3.13920E-08
925.64972	3.14012E-08
925.78796	3.14106E-08
925.92627	3.14202E-08
926.06458	3.14298E-08
926.20288	3.14396E-08
926.34119	3.14495E-08
926.47949	3.14596E-08
926.61780	3.14698E-08
926.75610	3.14800E-08
926.89441	3.14905E-08
927.03272	3.15010E-08
927.17102	3.15117E-08
927.30933	3.15225E-08
927.44763	3.15334E-08
927.58588	3.15444E-08
927.72418	3.15555E-08
927.86249	3.15667E-08
928.00079	3.15780E-08
928.13910	3.15894E-08
928.27741	3.16008E-08
928.41571	3.16124E-08
928.55402	3.16239E-08
928.69232	3.16356E-08
928.83063	3.16473E-08
928.96893	3.16591E-08
929.10724	3.16708E-08
929.24554	3.16826E-08
929.38385	3.16944E-08
929.52210	3.17062E-08
929.66040	3.17179E-08
929.79871	3.17297E-08
929.93701	3.17415E-08
930.07532	3.17532E-08
930.21362	3.17649E-08
930.35193	3.17765E-08
930.49023	3.17880E-08
930.62854	3.17995E-08
930.76685	3.18109E-08
930.90515	3.18222E-08
931.04346	3.18334E-08
931.18176	3.18445E-08
931.32001	3.18555E-08
931.45831	3.18664E-08
931.59662	3.18771E-08
931.73492	3.18878E-08
931.87323	3.18982E-08
932.01154	3.19086E-08
932.14984	3.19187E-08
932.28815	3.19288E-08
932.42645	3.19386E-08
932.56476	3.19483E-08
932.70306	3.19578E-08
932.84137	3.19672E-08
932.97968	3.19764E-08
933.11798	3.19854E-08
933.25623	3.19942E-08
933.39453	3.20029E-08
933.53284	3.20114E-08
933.67114	3.20197E-08
933.80945	3.20279E-08
933.94775	3.20359E-08
934.08606	3.20438E-08
934.22437	3.20515E-08
934.36267	3.20590E-08
934.50098	3.20664E-08
934.63928	3.20737E-08
934.77759	3.20808E-08
934.91589	3.20878E-08
935.05420	3.20947E-08
935.19244	3.21015E-08
935.33075	3.21082E-08
935.46906	3.21147E-08
935.60736	3.21213E-08
935.74567	3.21277E-08
935.88397	3.21341E-08
936.02228	3.21405E-08
936.16058	3.21469E-08
936.29889	3.21532E-08
936.43720	3.21595E-08
936.57550	3.21659E-08
936.71381	3.21722E-08
936.85211	3.21786E-08
936.99036	3.21851E-08
937.12866	3.21916E-08
937.26697	3.21983E-08
937.40527	3.22050E-08
937.54358	3.22118E-08
937.68189	3.22188E-08
937.82019	3.22259E-08
937.95850	3.22332E-08
938.09680	3.22406E-08
938.23511	3.22482E-08
938.37341	3.22560E-08
938.51172	3.22640E-08
938.65002	3.22722E-08
938.78833	3.22807E-08
938.92658	3.22894E-08
939.06488	3.22984E-08
939.20319	3.23076E-08
939.34149	3.23171E-08
939.47980	3.23269E-08
939.61810	3.23370E-08
939.75641	3.23474E-08
939.89471	3.23581E-08
940.03302	3.23691E-08
940.17133	3.23804E-08
940.30963	3.23920E-08
940.44794	3.24040E-08
940.58624	3.24163E-08
940.72449	3.24289E-08
940.86279	3.24418E-08
941.00110	3.24550E-08
941.13940	3.24686E-08
941.27771	3.24825E-08
941.41602	3.24967E-08
941.55432	3.25112E-08
941.69263	3.25260E-08
941.83093	3.25410E-08
941.96924	3.25563E-08
942.10754	3.25719E-08
942.24585	3.25877E-08
942.38416	3.26038E-08
942.52246	3.26201E-08
942.66071	3.26365E-08
942.79901	3.26532E-08
942.93732	3.26700E-08
943.07562	3.26869E-08
943.21393	3.27040E-08
943.35223	3.27212E-08
943.49054	3.27385E-08
943.62885	3.27558E-08
943.76715	3.27732E-08
943.90546	3.27906E-08
944.04376	3.28079E-08
944.18207	3.28252E-08
944.32037	3.28425E-08
944.45862	3.28596E-08
944.59692	3.28767E-08
944.73523	3.28935E-08
944.87354	3.29102E-08
945.01184	3.29266E-08
945.15015	3.29429E-08
945.28845	3.29588E-08
945.42676	3.29745E-08
945.56506	3.29898E-08
945.70337	3.30048E-08
945.84168	3.30195E-08
945.97998	3.30337E-08
946.11829	3.30475E-08
946.25659	3.30609E-08
946.39484	3.30737E-08
946.53314	3.30861E-08
946.67145	3.30980E-08
946.80975	3.31094E-08
946.94806	3.31201E-08
947.08637	3.31304E-08
947.22467	3.31400E-08
947.36298	3.31490E-08
947.50128	3.31574E-08
947.63959	3.31652E-08
947.77789	3.31723E-08
947.91620	3.31788E-08
948.05450	3.31846E-08
948.19281	3.31898E-08
948.33106	3.31943E-08
948.46936	3.31982E-08
948.60767	3.32013E-08
948.74597	3.32038E-08
948.88428	3.32057E-08
949.02258	3.32068E-08
949.16089	3.32073E-08
949.29919	3.32072E-08
949.43750	3.32065E-08
949.57581	3.32051E-08
949.71411	3.32031E-08
949.85242	3.32005E-08
949.99072	3.31973E-08
950.12897	3.31936E-08
950.26727	3.31893E-08
950.40558	3.31845E-08
950.54388	3.31792E-08
950.68219	3.31734E-08
950.82050	3.31671E-08
950.95880	3.31604E-08
951.09711	3.31533E-08
951.23541	3.31458E-08
951.37372	3.31380E-08
951.51202	3.31299E-08
951.65033	3.31214E-08
951.78864	3.31127E-08
951.92694	3.31037E-08
952.06519	3.30946E-08
952.20349	3.30853E-08
952.34180	3.30759E-08
952.48010	3.30663E-08
952.61841	3.30567E-08
952.75671	3.30471E-08
952.89502	3.30374E-08
953.03333	3.30278E-08
953.17163	3.30183E-08
953.30994	3.30088E-08
953.44824	3.29996E-08
953.58655	3.29904E-08
953.72485	3.29815E-08
953.86310	3.29728E-08
954.00140	3.29644E-08
954.13971	3.29564E-08
954.27802	3.29486E-08
954.41632	3.29413E-08
954.55463	3.29344E-08
954.69293	3.29278E-08
954.83124	3.29218E-08
954.96954	3.29162E-08
955.10785	3.29112E-08
955.24616	3.29067E-08
955.38446	3.29029E-08
955.52277	3.28995E-08
955.66107	3.28969E-08
955.79932	3.28949E-08
955.93762	3.28936E-08
956.07593	3.28930E-08
956.21423	3.28931E-08
956.35254	3.28940E-08
956.49085	3.28956E-08
956.62915	3.28979E-08
956.76746	3.29011E-08
956.90576	3.29050E-08
957.04407	3.29098E-08
957.18237	3.29154E-08
957.32068	3.29218E-08
957.45898	3.29291E-08
957.59723	3.29372E-08
957.73554	3.29462E-08
957.87384	3.29559E-08
958.01215	3.29666E-08
958.15045	3.29781E-08
958.28876	3.29904E-08
958.42706	3.30036E-08
958.56537	3.30176E-08
958.70367	3.30325E-08
958.84198	3.30481E-08
958.98029	3.30646E-08
959.11859	3.30818E-08
959.25690	3.30998E-08
959.39520	3.31185E-08
959.53345	3.31381E-08
959.67175	3.31583E-08
959.81006	3.31792E-08
959.94836	3.32007E-08
960.08667	3.32230E-08
960.22498	3.32458E-08
960.36328	3.32692E-08
960.50159	3.32932E-08
960.63989	3.33176E-08
960.77820	3.33426E-08
960.91650	3.33681E-08
961.05481	3.33940E-08
961.19312	3.34203E-08
961.33136	3.34469E-08
961.46967	3.34738E-08
961.60797	3.35011E-08
961.74628	3.35285E-08
961.88458	3.35562E-08
962.02289	3.35840E-08
962.16119	3.36120E-08
962.29950	3.36400E-08
962.43781	3.36681E-08
962.57611	3.36962E-08
962.71442	3.37242E-08
962.85272	3.37521E-08
962.99103	3.37800E-08
963.12933	3.38076E-08
963.26758	3.38351E-08
963.40588	3.38623E-08
963.54419	3.38893E-08
963.68250	3.39159E-08
963.82080	3.39422E-08
963.95911	3.39681E-08
964.09741	3.39936E-08
964.23572	3.40187E-08
964.37402	3.40433E-08
964.51233	3.40674E-08
964.65064	3.40909E-08
964.78894	3.41139E-08
964.92725	3.41363E-08
965.06555	3.41580E-08
965.20380	3.41792E-08
965.34210	3.41996E-08
965.48041	3.42195E-08
965.61871	3.42386E-08
965.75702	3.42571E-08
965.89533	3.42748E-08
966.03363	3.42918E-08
966.17194	3.43081E-08
966.31024	3.43237E-08
966.44855	3.43385E-08
966.58685	3.43526E-08
966.72516	3.43660E-08
966.86346	3.43786E-08
967.00171	3.43905E-08
967.14002	3.44017E-08
967.27832	3.44122E-08
967.41663	3.44220E-08
967.55493	3.44312E-08
967.69324	3.44396E-08
967.83154	3.44474E-08
967.96985	3.44546E-08
968.10815	3.44611E-08
968.24646	3.44671E-08
968.38477	3.44725E-08
968.52307	3.44774E-08
968.66138	3.44817E-08
968.79968	3.44855E-08
968.93793	3.44889E-08
969.07623	3.44918E-08
969.21454	3.44943E-08
969.35284	3.44965E-08
969.49115	3.44983E-08
969.62946	3.44997E-08
969.76776	3.45009E-08
969.90607	3.45018E-08
970.04437	3.45025E-08
970.18268	3.45030E-08
970.32098	3.45033E-08
970.45929	3.45035E-08
970.59760	3.45036E-08
970.73584	3.45036E-08
970.87415	3.45037E-08
971.01245	3.45037E-08
971.15076	3.45037E-08
971.28906	3.45038E-08
971.42737	3.45040E-08
971.56567	3.45043E-08
971.70398	3.45047E-08
971.84229	3.45054E-08
971.98059	3.45062E-08
972.11890	3.45072E-08
972.25720	3.45086E-08
972.39551	3.45102E-08
972.53381	3.45120E-08
972.67206	3.45142E-08
972.81036	3.45167E-08
972.94867	3.45197E-08
973.08698	3.45229E-08
973.22528	3.45266E-08
973.36359	3.45307E-08
973.50189	3.45352E-08
973.64020	3.45401E-08
973.77850	3.45455E-08
973.91681	3.45513E-08
974.05512	3.45576E-08
974.19342	3.45643E-08
974.33173	3.45716E-08
974.46997	3.45792E-08
974.60828	3.45874E-08
974.74658	3.45960E-08
974.88489	3.46051E-08
975.02319	3.46147E-08
975.16150	3.46248E-08
975.29981	3.46353E-08
975.43811	3.46462E-08
975.57642	3.46577E-08
975.71472	3.46695E-08
975.85303	3.46818E-08
975.99133	3.46945E-08
976.12964	3.47076E-08
976.26794	3.47210E-08
976.40619	3.47349E-08
976.54450	3.47491E-08
976.68280	3.47637E-08
976.82111	3.47786E-08
976.95941	3.47937E-08
977.09772	3.48092E-08
977.23602	3.48250E-08
977.37433	3.48409E-08
977.51263	3.48572E-08
977.65094	3.48736E-08
977.78925	3.48903E-08
977.92755	3.49071E-08
978.06586	3.49240E-08
978.20416	3.49411E-08
978.34241	3.49583E-08
978.48071	3.49756E-08
978.61902	3.49929E-08
978.75732	3.50103E-08
978.89563	3.50278E-08
979.03394	3.50452E-08
979.17224	3.50626E-08
979.31055	3.50801E-08
979.44885	3.50974E-08
979.58716	3.51148E-08
979.72546	3.51320E-08
979.86377	3.51492E-08
980.00208	3.51662E-08
980.14032	3.51832E-08
980.27863	3.52000E-08
980.41693	3.52167E-08
980.55524	3.52332E-08
980.69354	3.52496E-08
980.83185	3.52658E-08
980.97015	3.52819E-08
981.10846	3.52977E-08
981.24677	3.53135E-08
981.38507	3.53289E-08
981.52338	3.53443E-08
981.66168	3.53594E-08
981.79999	3.53744E-08
981.93829	3.53891E-08
982.07654	3.54037E-08
982.21484	3.54181E-08
982.35315	3.54324E-08
982.49146	3.54464E-08
982.62976	3.54603E-08
982.76807	3.54741E-08
982.90637	3.54877E-08
983.04468	3.55012E-08
983.18298	3.55146E-08
983.32129	3.55279E-08
983.45960	3.55411E-08
983.59790	3.55542E-08
983.73621	3.55672E-08
983.87445	3.55802E-08
984.01276	3.55932E-08
984.15106	3.56062E-08
984.28937	3.56192E-08
984.42767	3.56322E-08
984.56598	3.56453E-08
984.70429	3.56585E-08
984.84259	3.56717E-08
984.98090	3.56851E-08
985.11920	3.56986E-08
985.25751	3.57123E-08
985.39581	3.57261E-08
985.53412	3.57402E-08
985.67242	3.57544E-08
985.81067	3.57689E-08
985.94898	3.57837E-08
986.08728	3.57987E-08
986.22559	3.58140E-08
986.36389	3.58297E-08
986.50220	3.58456E-08
986.64050	3.58620E-08
986.77881	3.58787E-08
986.91711	3.58957E-08
987.05542	3.59132E-08
987.19373	3.59311E-08
987.33203	3.59494E-08
987.47034	3.59682E-08
987.60858	3.59874E-08
987.74689	3.60070E-08
987.88519	3.60271E-08
988.02350	3.60477E-08
988.16180	3.60687E-08
988.30011	3.60902E-08
988.43842	3.61122E-08
988.57672	3.61347E-08
988.71503	3.61577E-08
988.85333	3.61811E-08
988.99164	3.62050E-08
989.12994	3.62293E-08
989.26825	3.62541E-08
989.40656	3.62794E-08
989.54480	3.63050E-08
989.68311	3.63311E-08
989.82141	3.63576E-08
989.95972	3.63845E-08
990.09802	3.64118E-08
990.23633	3.64394E-08
990.37463	3.64673E-08
990.51294	3.64956E-08
990.65125	3.65242E-08
990.78955	3.65530E-08
990.92786	3.65820E-08
991.06616	3.66113E-08
991.20447	3.66408E-08
991.34277	3.66704E-08
991.48102	3.67001E-08
991.61932	3.67300E-08
991.75763	3.67599E-08
991.89594	3.67899E-08
992.03424	3.68198E-08
992.17255	3.68497E-08
992.31085	3.68796E-08
992.44916	3.69094E-08
992.58746	3.69390E-08
992.72577	3.69684E-08
992.86408	3.69977E-08
993.00238	3.70266E-08
993.14069	3.70554E-08
993.27893	3.70838E-08
993.41724	3.71119E-08
993.55554	3.71396E-08
993.69385	3.71669E-08
993.83215	3.71938E-08
993.97046	3.72202E-08
994.10877	3.72461E-08
994.24707	3.72715E-08
994.38538	3.72964E-08
994.52368	3.73207E-08
994.66199	3.73444E-08
994.80029	3.73675E-08
994.93860	3.73899E-08
995.07690	3.74117E-08
995.21515	3.74328E-08
995.35346	3.74532E-08
995.49176	3.74729E-08
995.63007	3.74919E-08
995.76837	3.75102E-08
995.90668	3.75277E-08
996.04498	3.75445E-08
996.18329	3.75605E-08
996.32159	3.75758E-08
996.45990	3.75904E-08
996.59821	3.76041E-08
996.73651	3.76172E-08
996.87482	3.76295E-08
997.01306	3.76411E-08
997.15137	3.76520E-08
997.28967	3.76621E-08
997.42798	3.76717E-08
997.56628	3.76805E-08
997.70459	3.76887E-08
997.84290	3.76962E-08
997.98120	3.77032E-08
998.11951	3.77096E-08
998.25781	3.77154E-08
998.39612	3.77207E-08
998.53442	3.77255E-08
998.67273	3.77298E-08
998.81104	3.77338E-08
998.94928	3.77373E-08
999.08759	3.77405E-08
999.22589	3.77433E-08
999.36420	3.77458E-08
999.50250	3.77482E-08
999.64081	3.77503E-08
999.77911	3.77523E-08
999.91742	3.77541E-08
1000.05573	3.77559E-08
1000.19403	3.77577E-08
1000.33234	3.77595E-08
1000.47064	3.77614E-08
1000.60895	3.77634E-08
1000.74719	3.77655E-08
1000.88550	3.77678E-08
1001.02380	3.77703E-08
1001.16211	3.77731E-08
1001.30042	3.77763E-08
1001.43872	3.77798E-08
1001.57703	3.77837E-08
1001.71533	3.77882E-08
1001.85364	3.77931E-08
1001.99194	3.77986E-08
1002.13025	3.78046E-08
1002.26856	3.78113E-08
1002.40686	3.78186E-08
1002.54517	3.78267E-08
1002.68341	3.78355E-08
1002.82172	3.78451E-08
1002.96002	3.78554E-08
1003.09833	3.78666E-08
1003.23663	3.78787E-08
1003.37494	3.78917E-08
1003.51325	3.79055E-08
1003.65155	3.79204E-08
1003.78986	3.79361E-08
1003.92816	3.79529E-08
1004.06647	3.79706E-08
1004.20477	3.79894E-08
1004.34308	3.80092E-08
1004.48132	3.80300E-08
1004.61963	3.80519E-08
1004.75794	3.80748E-08
1004.89624	3.80987E-08
1005.03455	3.81238E-08
1005.17285	3.81499E-08
1005.31116	3.81770E-08
1005.44946	3.82052E-08
1005.58777	3.82344E-08
1005.72607	3.82647E-08
1005.86438	3.82960E-08
1006.00269	3.83283E-08
1006.14099	3.83616E-08
1006.27930	3.83959E-08
1006.41754	3.84311E-08
1006.55585	3.84673E-08
1006.69415	3.85044E-08
1006.83246	3.85424E-08
1006.97076	3.85813E-08
1007.10907	3.86210E-08
1007.24738	3.86616E-08
1007.38568	3.87029E-08
1007.52399	3.87449E-08
1007.66229	3.87877E-08
1007.80060	3.88312E-08
1007.93890	3.88753E-08
1008.07721	3.89200E-08
1008.21552	3.89653E-08
1008.35376	3.90110E-08
1008.49207	3.90574E-08
1008.63037	3.91041E-08
1008.76868	3.91513E-08
1008.90698	3.91989E-08
1009.04529	3.92468E-08
1009.18359	3.92950E-08
1009.32190	3.93435E-08
1009.46021	3.93922E-08
1009.59851	3.94411E-08
1009.73682	3.94901E-08
1009.87512	3.95392E-08
1010.01343	3.95884E-08
1010.15167	3.96376E-08
1010.28998	3.96869E-08
1010.42828	3.97361E-08
1010.56659	3.97852E-08
1010.70490	3.98342E-08
1010.84320	3.98831E-08
1010.98151	3.99319E-08
1011.11981	3.99804E-08
1011.25812	4.00288E-08
1011.39642	4.00769E-08
1011.53473	4.01247E-08
1011.67304	4.01723E-08
1011.81134	4.02196E-08
1011.94965	4.02665E-08
1012.08789	4.03131E-08
1012.22620	4.03594E-08
1012.36450	4.04053E-08
1012.50281	4.04508E-08
1012.64111	4.04959E-08
1012.77942	4.05406E-08
1012.91773	4.05849E-08
1013.05603	4.06288E-08
1013.19434	4.06723E-08
1013.33264	4.07154E-08
1013.47095	4.07580E-08
1013.60925	4.08003E-08
1013.74756	4.08422E-08
1013.88580	4.08837E-08
1014.02411	4.09247E-08
1014.16242	4.09655E-08
1014.30072	4.10058E-08
1014.43903	4.10459E-08
1014.57733	4.10855E-08
1014.71564	4.11250E-08
1014.85394	4.11641E-08
1014.99225	4.12029E-08
1015.13055	4.12415E-08
1015.26886	4.12799E-08
1015.40717	4.13181E-08
1015.54547	4.13561E-08
1015.68378	4.13940E-08
1015.82202	4.14316E-08
1015.96033	4.14693E-08
1016.09863	4.15067E-08
1016.23694	4.15442E-08
1016.37524	4.15817E-08
1016.51355	4.16192E-08
1016.65186	4.16567E-08
1016.79016	4.16943E-08
1016.92847	4.17319E-08
1017.06677	4.17697E-08
1017.20508	4.18077E-08
1017.34338	4.18458E-08
1017.48169	4.18841E-08
1017.61993	4.19227E-08
1017.75824	4.19615E-08
1017.89655	4.20006E-08
1018.03485	4.20400E-08
1018.17316	4.20797E-08
1018.31146	4.21198E-08
1018.44977	4.21603E-08
1018.58807	4.22011E-08
1018.72638	4.22423E-08
1018.86469	4.22839E-08
1019.00299	4.23260E-08
1019.14130	4.23685E-08
1019.27960	4.24114E-08
1019.41791	4.24548E-08
1019.55615	4.24987E-08
1019.69446	4.25429E-08
1019.83276	4.25877E-08
1019.97107	4.26330E-08
1020.10938	4.26787E-08
1020.24768	4.27248E-08
1020.38599	4.27714E-08
1020.52429	4.28185E-08
1020.66260	4.28659E-08
1020.80090	4.29138E-08
1020.93921	4.29621E-08
1021.07752	4.30107E-08
1021.21582	4.30598E-08
1021.35413	4.31092E-08
1021.49237	4.31588E-08
1021.63068	4.32088E-08
1021.76898	4.32591E-08
1021.90729	4.33095E-08
1022.04559	4.33601E-08
1022.18390	4.34110E-08
1022.32221	4.34619E-08
1022.46051	4.35129E-08
1022.59882	4.35640E-08
1022.73712	4.36150E-08
1022.87543	4.36660E-08
1023.01373	4.37169E-08
1023.15204	4.37676E-08
1023.29028	4.38183E-08
1023.42859	4.38687E-08
1023.56690	4.39188E-08
1023.70520	4.39686E-08
1023.84351	4.40181E-08
1023.98181	4.40672E-08
1024.12012	4.41159E-08
1024.25842	4.41640E-08
1024.39673	4.42116E-08
1024.53503	4.42586E-08
1024.67334	4.43049E-08
1024.81165	4.43506E-08
1024.94995	4.43955E-08
1025.08826	4.44397E-08
1025.22656	4.44831E-08
1025.36487	4.45256E-08
1025.50317	4.45672E-08
1025.64148	4.46079E-08
1025.77979	4.46476E-08
1025.91809	4.46864E-08
1026.05627	4.47241E-08
1026.19458	4.47608E-08
1026.33289	4.47964E-08
1026.47119	4.48309E-08
1026.60950	4.48644E-08
1026.74780	4.48967E-08
1026.88611	4.49278E-08
1027.02441	4.49579E-08
1027.16272	4.49867E-08
1027.30103	4.50144E-08
1027.43933	4.50409E-08
1027.57764	4.50661E-08
1027.71594	4.50902E-08
1027.85425	4.51132E-08
1027.99255	4.51350E-08
1028.13086	4.51557E-08
1028.26917	4.51752E-08
1028.40747	4.51935E-08
1028.54578	4.52108E-08
1028.68408	4.52271E-08
1028.82239	4.52422E-08
1028.96069	4.52563E-08
1029.09900	4.52695E-08
1029.23731	4.52817E-08
1029.37561	4.52929E-08
1029.51392	4.53032E-08
1029.65222	4.53127E-08
1029.79053	4.53214E-08
1029.92871	4.53292E-08
1030.06702	4.53364E-08
1030.20532	4.53429E-08
1030.34363	4.53488E-08
1030.48193	4.53540E-08
1030.62024	4.53587E-08
1030.75855	4.53629E-08
1030.89685	4.53667E-08
1031.03516	4.53701E-08
1031.17346	4.53732E-08
1031.31177	4.53760E-08
1031.45007	4.53786E-08
1031.58838	4.53810E-08
1031.72669	4.53833E-08
1031.86499	4.53854E-08
1032.00330	4.53876E-08
1032.14160	4.53898E-08
1032.27991	4.53921E-08
1032.41821	4.53946E-08
1032.55652	4.53972E-08
1032.69482	4.54001E-08
1032.83313	4.54033E-08
1032.97144	4.54067E-08
1033.10974	4.54106E-08
1033.24805	4.54148E-08
1033.38635	4.54196E-08
1033.52466	4.54247E-08
1033.66284	4.54304E-08
1033.80115	4.54366E-08
1033.93945	4.54434E-08
1034.07776	4.54509E-08
1034.21606	4.54590E-08
1034.35437	4.54677E-08
1034.49268	4.54772E-08
1034.63098	4.54873E-08
1034.76929	4.54982E-08
1034.90759	4.55097E-08
1035.04590	4.55221E-08
1035.18420	4.55351E-08
1035.32251	4.55489E-08
1035.46082	4.55634E-08
1035.59912	4.55787E-08
1035.73743	4.55948E-08
1035.87573	4.56116E-08
1036.01404	4.56291E-08
1036.15234	4.56473E-08
1036.29065	4.56662E-08
1036.42896	4.56859E-08
1036.56726	4.57060E-08
1036.70557	4.57269E-08
1036.84387	4.57483E-08
1036.98218	4.57703E-08
1037.12048	4.57927E-08
1037.25879	4.58157E-08
1037.39697	4.58392E-08
1037.53528	4.58630E-08
1037.67358	4.58872E-08
1037.81189	4.59118E-08
1037.95020	4.59365E-08
1038.08850	4.59616E-08
1038.22681	4.59868E-08
1038.36511	4.60122E-08
1038.50342	4.60376E-08
1038.64172	4.60631E-08
1038.78003	4.60885E-08
1038.91834	4.61138E-08
1039.05664	4.61391E-08
1039.19495	4.61641E-08
1039.33325	4.61888E-08
1039.47156	4.62133E-08
1039.60986	4.62374E-08
1039.74817	4.62611E-08
1039.88648	4.62844E-08
1040.02478	4.63071E-08
1040.16309	4.63292E-08
1040.30139	4.63509E-08
1040.43970	4.63717E-08
1040.57800	4.63919E-08
1040.71631	4.64113E-08
1040.85461	4.64299E-08
1040.99292	4.64477E-08
1041.13110	4.64646E-08
1041.26941	4.64806E-08
1041.40772	4.64957E-08
1041.54602	4.65098E-08
1041.68433	4.65229E-08
1041.82263	4.65350E-08
1041.96094	4.65461E-08
1042.09924	4.65560E-08
1042.23755	4.65650E-08
1042.37585	4.65728E-08
1042.51416	4.65795E-08
1042.65247	4.65852E-08
1042.79077	4.65897E-08
1042.92908	4.65932E-08
1043.06738	4.65955E-08
1043.20569	4.65969E-08
1043.34399	4.65971E-08
1043.48230	4.65963E-08
1043.62061	4.65945E-08
1043.75891	4.65917E-08
1043.89722	4.65879E-08
1044.03552	4.65831E-08
1044.17383	4.65775E-08
1044.31213	4.65711E-08
1044.45044	4.65638E-08
1044.58875	4.65556E-08
1044.72705	4.65468E-08
1044.86523	4.65373E-08
1045.00354	4.65272E-08
1045.14185	4.65165E-08
1045.28015	4.65052E-08
1045.41846	4.64935E-08
1045.55676	4.64814E-08
1045.69507	4.64690E-08
1045.83337	4.64562E-08
1045.97168	4.64432E-08
1046.10999	4.64301E-08
1046.24829	4.64169E-08
1046.38660	4.64036E-08
1046.52490	4.63904E-08
1046.66321	4.63773E-08
1046.80151	4.63643E-08
1046.93982	4.63516E-08
1047.07813	4.63391E-08
1047.21643	4.63271E-08
1047.35474	4.63154E-08
1047.49304	4.63043E-08
1047.63135	4.62936E-08
1047.76965	4.62836E-08
1047.90796	4.62742E-08
1048.04627	4.62656E-08
1048.18457	4.62577E-08
1048.32288	4.62507E-08
1048.46118	4.62446E-08
1048.59937	4.62393E-08
1048.73767	4.62350E-08
1048.87598	4.62318E-08
1049.01428	4.62296E-08
1049.15259	4.62285E-08
1049.29089	4.62284E-08
1049.42920	4.62295E-08
1049.56751	4.62318E-08
1049.70581	4.62353E-08
1049.84412	4.62400E-08
1049.98242	4.62459E-08
1050.12073	4.62531E-08
1050.25903	4.62615E-08
1050.39734	4.62713E-08
1050.53565	4.62822E-08
1050.67395	4.62945E-08
1050.81226	4.63079E-08
1050.95056	4.63226E-08
1051.08887	4.63386E-08
1051.22717	4.63558E-08
1051.36548	4.63741E-08
1051.50378	4.63935E-08
1051.64209	4.64142E-08
1051.78040	4.64359E-08
1051.91870	4.64588E-08
1052.05701	4.64827E-08
1052.19531	4.65075E-08
1052.33350	4.65334E-08
1052.47180	4.65602E-08
1052.61011	4.65879E-08
1052.74841	4.66164E-08
1052.88672	4.66457E-08
1053.02502	4.66756E-08
1053.16333	4.67062E-08
1053.30164	4.67374E-08
1053.43994	4.67692E-08
1053.57825	4.68014E-08
1053.71655	4.68340E-08
1053.85486	4.68670E-08
1053.99316	4.69002E-08
1054.13147	4.69337E-08
1054.26978	4.69673E-08
1054.40808	4.70010E-08
1054.54639	4.70346E-08
1054.68469	4.70683E-08
1054.82300	4.71018E-08
1054.96130	4.71350E-08
1055.09961	4.71680E-08
1055.23792	4.72007E-08
1055.37622	4.72330E-08
1055.51453	4.72648E-08
1055.65283	4.72961E-08
1055.79114	4.73268E-08
1055.92944	4.73569E-08
1056.06763	4.73863E-08
1056.20593	4.74148E-08
1056.34424	4.74425E-08
1056.48254	4.74695E-08
1056.62085	4.74954E-08
1056.75916	4.75205E-08
1056.89746	4.75446E-08
1057.03577	4.75677E-08
1057.17407	4.75897E-08
1057.31238	4.76107E-08
1057.45068	4.76306E-08
1057.58899	4.76493E-08
1057.72730	4.76669E-08
1057.86560	4.76833E-08
1058.00391	4.76985E-08
1058.14221	4.77125E-08
1058.28052	4.77254E-08
1058.41882	4.77371E-08
1058.55713	4.77476E-08
1058.69544	4.77571E-08
1058.83374	4.77654E-08
1058.97205	4.77727E-08
1059.11035	4.77788E-08
1059.24866	4.77838E-08
1059.38696	4.77879E-08
1059.52527	4.77909E-08
1059.66357	4.77930E-08
1059.80188	4.77942E-08
1059.94006	4.77946E-08
1060.07837	4.77942E-08
1060.21668	4.77931E-08
1060.35498	4.77912E-08
1060.49329	4.77888E-08
1060.63159	4.77858E-08
1060.76990	4.77823E-08
1060.90820	4.77784E-08
1061.04651	4.77741E-08
1061.18481	4.77696E-08
1061.32312	4.77648E-08
1061.46143	4.77600E-08
1061.59973	4.77551E-08
1061.73804	4.77502E-08
1061.87634	4.77454E-08
1062.01465	4.77408E-08
1062.15295	4.77365E-08
1062.29126	4.77326E-08
1062.42957	4.77291E-08
1062.56787	4.77261E-08
1062.70618	4.77237E-08
1062.84448	4.77220E-08
1062.98279	4.77209E-08
1063.12109	4.77207E-08
1063.25940	4.77213E-08
1063.39771	4.77228E-08
1063.53601	4.77254E-08
1063.67419	4.77291E-08
1063.81250	4.77339E-08
1063.95081	4.77398E-08
1064.08911	4.77470E-08
1064.22742	4.77554E-08
1064.36572	4.77653E-08
1064.50403	4.77764E-08
1064.64233	4.77890E-08
1064.78064	4.78030E-08
1064.91895	4.78185E-08
1065.05725	4.78355E-08
1065.19556	4.78540E-08
1065.33386	4.78741E-08
1065.47217	4.78957E-08
1065.61047	4.79189E-08
1065.74878	4.79436E-08
1065.88709	4.79700E-08
1066.02539	4.79979E-08
1066.16370	4.80273E-08
1066.30200	4.80583E-08
1066.44031	4.80908E-08
1066.57861	4.81247E-08
1066.71692	4.81602E-08
1066.85523	4.81971E-08
1066.99353	4.82354E-08
1067.13184	4.82751E-08
1067.27014	4.83160E-08
1067.40833	4.83582E-08
1067.54663	4.84017E-08
1067.68494	4.84463E-08
1067.82324	4.84920E-08
1067.96155	4.85387E-08
1068.09985	4.85864E-08
1068.23816	4.86351E-08
1068.37647	4.86846E-08
1068.51477	4.87349E-08
1068.65308	4.87859E-08
1068.79138	4.88375E-08
1068.92969	4.88897E-08
1069.06799	4.89424E-08
1069.20630	4.89955E-08
1069.34460	4.90488E-08
1069.48291	4.91024E-08
1069.62122	4.91561E-08
1069.75952	4.92101E-08
1069.89783	4.92639E-08
1070.03613	4.93177E-08
1070.17444	4.93711E-08
1070.31274	4.94244E-08
1070.45105	4.94773E-08
1070.58936	4.95298E-08
1070.72766	4.95818E-08
1070.86597	4.96332E-08
1071.00427	4.96840E-08
1071.14246	4.97339E-08
1071.28076	4.97830E-08
1071.41907	4.98313E-08
1071.55737	4.98784E-08
1071.69568	4.99247E-08
1071.83398	4.99699E-08
1071.97229	5.00139E-08
1072.11060	5.00567E-08
1072.24890	5.00983E-08
1072.38721	5.01385E-08
1072.52551	5.01774E-08
1072.66382	5.02149E-08
1072.80212	5.02510E-08
1072.94043	5.02855E-08
1073.07874	5.03187E-08
1073.21704	5.03502E-08
1073.35535	5.03803E-08
1073.49365	5.04089E-08
1073.63196	5.04358E-08
1073.77026	5.04613E-08
1073.90857	5.04853E-08
1074.04688	5.05077E-08
1074.18518	5.05287E-08
1074.32349	5.05481E-08
1074.46179	5.05661E-08
1074.60010	5.05826E-08
1074.73840	5.05977E-08
1074.87659	5.06115E-08
1075.01489	5.06240E-08
1075.15320	5.06353E-08
1075.29150	5.06454E-08
1075.42981	5.06543E-08
1075.56812	5.06622E-08
1075.70642	5.06691E-08
1075.84473	5.06751E-08
1075.98303	5.06803E-08
1076.12134	5.06848E-08
1076.25964	5.06886E-08
1076.39795	5.06919E-08
1076.53626	5.06947E-08
1076.67456	5.06973E-08
1076.81287	5.06995E-08
1076.95117	5.07016E-08
1077.08948	5.07036E-08
1077.22778	5.07057E-08
1077.36609	5.07079E-08
1077.50440	5.07106E-08
1077.64270	5.07135E-08
1077.78101	5.07170E-08
1077.91931	5.07211E-08
1078.05762	5.07259E-08
1078.19592	5.07317E-08
1078.33423	5.07384E-08
1078.47253	5.07460E-08
1078.61072	5.07548E-08
1078.74902	5.07649E-08
1078.88733	5.07763E-08
1079.02564	5.07893E-08
1079.16394	5.08037E-08
1079.30225	5.08197E-08
1079.44055	5.08376E-08
1079.57886	5.08572E-08
1079.71716	5.08787E-08
1079.85547	5.09022E-08
1079.99377	5.09276E-08
1080.13208	5.09552E-08
1080.27039	5.09849E-08
1080.40869	5.10168E-08
1080.54700	5.10511E-08
1080.68530	5.10876E-08
1080.82361	5.11264E-08
1080.96191	5.11678E-08
1081.10022	5.12115E-08
1081.23853	5.12577E-08
1081.37683	5.13064E-08
1081.51514	5.13574E-08
1081.65344	5.14110E-08
1081.79175	5.14670E-08
1081.93005	5.15253E-08
1082.06836	5.15861E-08
1082.20667	5.16493E-08
1082.34485	5.17148E-08
1082.48315	5.17825E-08
1082.62146	5.18525E-08
1082.75977	5.19247E-08
1082.89807	5.19989E-08
1083.03638	5.20753E-08
1083.17468	5.21537E-08
1083.31299	5.22340E-08
1083.45129	5.23160E-08
1083.58960	5.23998E-08
1083.72791	5.24853E-08
1083.86621	5.25724E-08
1084.00452	5.26608E-08
1084.14282	5.27505E-08
1084.28113	5.28414E-08
1084.41943	5.29334E-08
1084.55774	5.30263E-08
1084.69605	5.31202E-08
1084.83435	5.32146E-08
1084.97266	5.33096E-08
1085.11096	5.34050E-08
1085.24927	5.35007E-08
1085.38757	5.35965E-08
1085.52588	5.36921E-08
1085.66419	5.37877E-08
1085.80249	5.38829E-08
1085.94080	5.39776E-08
1086.07898	5.40717E-08
1086.21729	5.41649E-08
1086.35559	5.42572E-08
1086.49390	5.43484E-08
1086.63220	5.44383E-08
1086.77051	5.45268E-08
1086.90881	5.46138E-08
1087.04712	5.46989E-08
1087.18543	5.47822E-08
1087.32373	5.48637E-08
1087.46204	5.49428E-08
1087.60034	5.50199E-08
1087.73865	5.50943E-08
1087.87695	5.51663E-08
1088.01526	5.52357E-08
1088.15356	5.53024E-08
1088.29187	5.53663E-08
1088.43018	5.54274E-08
1088.56848	5.54853E-08
1088.70679	5.55403E-08
1088.84509	5.55921E-08
1088.98340	5.56406E-08
1089.12170	5.56860E-08
1089.26001	5.57281E-08
1089.39832	5.57670E-08
1089.53662	5.58026E-08
1089.67493	5.58350E-08
1089.81323	5.58642E-08
1089.95142	5.58899E-08
1090.08972	5.59125E-08
1090.22803	5.59321E-08
1090.36633	5.59484E-08
1090.50464	5.59617E-08
1090.64294	5.59722E-08
1090.78125	5.59797E-08
1090.91956	5.59845E-08
1091.05786	5.59866E-08
1091.19617	5.59864E-08
1091.33447	5.59836E-08
1091.47278	5.59786E-08
1091.61108	5.59716E-08
1091.74939	5.59626E-08
1091.88770	5.59519E-08
1092.02600	5.59396E-08
1092.16431	5.59260E-08
1092.30261	5.59111E-08
1092.44092	5.58952E-08
1092.57922	5.58786E-08
1092.71753	5.58613E-08
1092.85584	5.58437E-08
1092.99414	5.58259E-08
1093.13245	5.58082E-08
1093.27075	5.57906E-08
1093.40906	5.57736E-08
1093.54736	5.57571E-08
1093.68555	5.57415E-08
1093.82385	5.57270E-08
1093.96216	5.57137E-08
1094.10046	5.57020E-08
1094.23877	5.56918E-08
1094.37708	5.56833E-08
1094.51538	5.56772E-08
1094.65369	5.56731E-08
1094.79199	5.56712E-08
1094.93030	5.56720E-08
1095.06860	5.56755E-08
1095.20691	5.56817E-08
1095.34522	5.56910E-08
1095.48352	5.57034E-08
1095.62183	5.57188E-08
1095.76013	5.57377E-08
1095.89844	5.57598E-08
1096.03674	5.57855E-08
1096.17505	5.58148E-08
1096.31335	5.58477E-08
1096.45166	5.58843E-08
1096.58997	5.59246E-08
1096.72827	5.59687E-08
1096.86658	5.60166E-08
1097.00488	5.60681E-08
1097.14319	5.61234E-08
1097.28149	5.61825E-08
1097.41968	5.62453E-08
1097.55798	5.63118E-08
1097.69629	5.63818E-08
1097.83460	5.64554E-08
1097.97290	5.65325E-08
1098.11121	5.66130E-08
1098.24951	5.66967E-08
1098.38782	5.67836E-08
1098.52612	5.68735E-08
1098.66443	5.69664E-08
1098.80273	5.70620E-08
1098.94104	5.71602E-08
1099.07935	5.72609E-08
1099.21765	5.73637E-08
1099.35596	5.74687E-08
1099.49426	5.75756E-08
1099.63257	5.76841E-08
1099.77087	5.77942E-08
1099.90918	5.79055E-08
1100.04749	5.80178E-08
1100.18579	5.81310E-08
1100.32410	5.82449E-08
1100.46240	5.83591E-08
1100.60071	5.84735E-08
1100.73901	5.85878E-08
1100.87732	5.87017E-08
1101.01563	5.88152E-08
1101.15381	5.89277E-08
1101.29211	5.90392E-08
1101.43042	5.91495E-08
1101.56873	5.92582E-08
1101.70703	5.93652E-08
1101.84534	5.94702E-08
1101.98364	5.95729E-08
1102.12195	5.96734E-08
1102.26025	5.97711E-08
1102.39856	5.98661E-08
1102.53687	5.99580E-08
1102.67517	6.00467E-08
1102.81348	6.01321E-08
1102.95178	6.02139E-08
1103.09009	6.02922E-08
1103.22839	6.03666E-08
1103.36670	6.04370E-08
1103.50501	6.05033E-08
1103.64331	6.05656E-08
1103.78162	6.06236E-08
1103.91992	6.06773E-08
1104.05823	6.07267E-08
1104.19653	6.07719E-08
1104.33484	6.08126E-08
1104.47315	6.08491E-08
1104.61145	6.08813E-08
1104.74976	6.09094E-08
1104.88794	6.09333E-08
1105.02625	6.09532E-08
1105.16455	6.09691E-08
1105.30286	6.09812E-08
1105.44116	6.09896E-08
1105.57947	6.09945E-08
1105.71777	6.09962E-08
1105.85608	6.09948E-08
1105.99439	6.09906E-08
1106.13269	6.09838E-08
1106.27100	6.09747E-08
1106.40930	6.09635E-08
1106.54761	6.09507E-08
1106.68591	6.09365E-08
1106.82422	6.09211E-08
1106.96252	6.09050E-08
1107.10083	6.08886E-08
1107.23914	6.08722E-08
1107.37744	6.08562E-08
1107.51575	6.08409E-08
1107.65405	6.08267E-08
1107.79236	6.08142E-08
1107.93066	6.08036E-08
1108.06897	6.07954E-08
1108.20728	6.07900E-08
1108.34558	6.07877E-08
1108.48389	6.07891E-08
1108.62207	6.07945E-08
1108.76038	6.08043E-08
1108.89868	6.08188E-08
1109.03699	6.08386E-08
1109.17529	6.08639E-08
1109.31360	6.08953E-08
1109.45190	6.09328E-08
1109.59021	6.09771E-08
1109.72852	6.10284E-08
1109.86682	6.10870E-08
1110.00513	6.11533E-08
1110.14343	6.12275E-08
1110.28174	6.13100E-08
1110.42004	6.14010E-08
1110.55835	6.15008E-08
1110.69666	6.16096E-08
1110.83496	6.17277E-08
1110.97327	6.18552E-08
1111.11157	6.19925E-08
1111.24988	6.21396E-08
1111.38818	6.22967E-08
1111.52649	6.24639E-08
1111.66480	6.26415E-08
1111.80310	6.28294E-08
1111.94141	6.30276E-08
1112.07971	6.32365E-08
1112.21802	6.34558E-08
1112.35620	6.36857E-08
1112.49451	6.39262E-08
1112.63281	6.41772E-08
1112.77112	6.44388E-08
1112.90942	6.47108E-08
1113.04773	6.49932E-08
1113.18604	6.52859E-08
1113.32434	6.55888E-08
1113.46265	6.59018E-08
1113.60095	6.62246E-08
1113.73926	6.65572E-08
1113.87756	6.68994E-08
1114.01587	6.72509E-08
1114.15418	6.76114E-08
1114.29248	6.79809E-08
1114.43079	6.83589E-08
1114.56909	6.87452E-08
1114.70740	6.91396E-08
1114.84570	6.95417E-08
1114.98401	6.99511E-08
1115.12231	7.03675E-08
1115.26062	7.07906E-08
1115.39893	7.12200E-08
1115.53723	7.16552E-08
1115.67554	7.20959E-08
1115.81384	7.25414E-08
1115.95215	7.29913E-08
1116.09033	7.34453E-08
1116.22864	7.39029E-08
1116.36694	7.43635E-08
1116.50525	7.48265E-08
1116.64356	7.52914E-08
1116.78186	7.57575E-08
1116.92017	7.62242E-08
1117.05847	7.66909E-08
1117.19678	7.71570E-08
1117.33508	7.76216E-08
1117.47339	7.80840E-08
1117.61169	7.85436E-08
1117.75000	7.89996E-08
1117.88831	7.94510E-08
1118.02661	7.98972E-08
1118.16492	8.03373E-08
1118.30322	8.07706E-08
1118.44153	8.11960E-08
1118.57983	8.16127E-08
1118.71814	8.20201E-08
1118.85645	8.24171E-08
1118.99475	8.28030E-08
1119.13306	8.31771E-08
1119.27136	8.35385E-08
1119.40967	8.38865E-08
1119.54797	8.42205E-08
1119.68628	8.45398E-08
1119.82459	8.48438E-08
1119.96277	8.51322E-08
1120.10107	8.54042E-08
1120.23938	8.56597E-08
1120.37769	8.58985E-08
1120.51599	8.61204E-08
1120.65430	8.63254E-08
1120.79260	8.65136E-08
1120.93091	8.66849E-08
1121.06921	8.68398E-08
1121.20752	8.69786E-08
1121.34583	8.71019E-08
1121.48413	8.72101E-08
1121.62244	8.73040E-08
1121.76074	8.73843E-08
1121.89905	8.74520E-08
1122.03735	8.75080E-08
1122.17566	8.75530E-08
1122.31397	8.75886E-08
1122.45227	8.76160E-08
1122.59058	8.76360E-08
1122.72888	8.76502E-08
1122.86719	8.76595E-08
1123.00549	8.76654E-08
1123.14380	8.76695E-08
1123.28210	8.76731E-08
1123.42041	8.76774E-08
1123.55872	8.76839E-08
1123.69690	8.76941E-08
1123.83521	8.77092E-08
1123.97351	8.77308E-08
1124.11182	8.77599E-08
1124.25012	8.77983E-08
1124.38843	8.78472E-08
1124.52673	8.79079E-08
1124.66504	8.79818E-08
1124.80335	8.80699E-08
1124.94165	8.81739E-08
1125.07996	8.82946E-08
1125.21826	8.84336E-08
1125.35657	8.85918E-08
1125.49487	8.87706E-08
1125.63318	8.89712E-08
1125.77148	8.91949E-08
1125.90979	8.94426E-08
1126.04810	8.97157E-08
1126.18640	9.00154E-08
1126.32471	9.03427E-08
1126.46301	9.06990E-08
1126.60132	9.10855E-08
1126.73962	9.15031E-08
1126.87793	9.19533E-08
1127.01624	9.24376E-08
1127.15454	9.29570E-08
1127.29285	9.35132E-08
1127.43103	9.41074E-08
1127.56934	9.47413E-08
1127.70764	9.54168E-08
1127.84595	9.61354E-08
1127.98425	9.68997E-08
1128.12256	9.77118E-08
1128.26086	9.85745E-08
1128.39917	9.94905E-08
1128.53748	1.00463E-07
1128.67578	1.01496E-07
1128.81409	1.02594E-07
1128.95239	1.03762E-07
1129.09070	1.05006E-07
1129.22900	1.06335E-07
1129.36731	1.07757E-07
1129.50562	1.09283E-07
1129.64392	1.10928E-07
1129.78223	1.12708E-07
1129.92053	1.14645E-07
1130.05884	1.16768E-07
1130.19714	1.19112E-07
1130.33545	1.21727E-07
1130.47376	1.24676E-07
1130.61206	1.28049E-07
1130.75037	1.31972E-07
1130.88867	1.36627E-07
1131.02698	1.42288E-07
1131.16516	1.49390E-07
1131.30347	1.58655E-07
1131.44177	1.71387E-07
1131.58008	1.90187E-07
1131.71838	2.21090E-07
1131.85669	2.81924E-07
1131.99500	4.58134E-07
1132.13330	6.69405E-06
1132.27161	-3.19122E-07
1132.40991	-1.11537E-07
1132.54822	-4.92405E-08
1132.68652	-2.41129E-08
1132.82483	-1.69979E-08