Wavenumber	NESR 1.00 cm-1
566.48157	2.71996E-07
566.61987	2.69129E-07
566.75818	2.64677E-07
566.89648	2.59021E-07
567.03479	2.52556E-07
567.17310	2.45635E-07
567.31140	2.38535E-07
567.44965	2.31453E-07
567.58795	2.24517E-07
567.72626	2.17805E-07
567.86456	2.11355E-07
568.00287	2.05183E-07
568.14117	1.99290E-07
568.27948	1.93667E-07
568.41779	1.88302E-07
568.55609	1.83181E-07
568.69440	1.78288E-07
568.83270	1.73609E-07
568.97101	1.69130E-07
569.10931	1.64838E-07
569.24762	1.60721E-07
569.38586	1.56768E-07
569.52417	1.52969E-07
569.66248	1.49315E-07
569.80078	1.45798E-07
569.93909	1.42409E-07
570.07739	1.39141E-07
570.21570	1.35988E-07
570.35400	1.32944E-07
570.49231	1.30004E-07
570.63062	1.27161E-07
570.76892	1.24412E-07
570.90723	1.21751E-07
571.04553	1.19175E-07
571.18378	1.16680E-07
571.32208	1.14262E-07
571.46039	1.11918E-07
571.59869	1.09645E-07
571.73700	1.07440E-07
571.87531	1.05300E-07
572.01361	1.03222E-07
572.15192	1.01205E-07
572.29022	9.92451E-08
572.42853	9.73412E-08
572.56683	9.54907E-08
572.70514	9.36921E-08
572.84345	9.19433E-08
572.98175	9.02426E-08
573.12000	8.85885E-08
573.25830	8.69793E-08
573.39661	8.54136E-08
573.53491	8.38900E-08
573.67322	8.24071E-08
573.81152	8.09636E-08
573.94983	7.95582E-08
574.08814	7.81899E-08
574.22644	7.68574E-08
574.36475	7.55597E-08
574.50305	7.42957E-08
574.64136	7.30643E-08
574.77966	7.18647E-08
574.91797	7.06959E-08
575.05621	6.95570E-08
575.19452	6.84469E-08
575.33283	6.73650E-08
575.47113	6.63105E-08
575.60944	6.52824E-08
575.74774	6.42801E-08
575.88605	6.33028E-08
576.02435	6.23498E-08
576.16266	6.14205E-08
576.30096	6.05140E-08
576.43927	5.96298E-08
576.57758	5.87672E-08
576.71588	5.79256E-08
576.85413	5.71044E-08
576.99243	5.63031E-08
577.13074	5.55210E-08
577.26904	5.47576E-08
577.40735	5.40125E-08
577.54565	5.32850E-08
577.68396	5.25746E-08
577.82227	5.18809E-08
577.96057	5.12035E-08
578.09888	5.05417E-08
578.23718	4.98952E-08
578.37549	4.92636E-08
578.51379	4.86464E-08
578.65210	4.80432E-08
578.79034	4.74536E-08
578.92865	4.68773E-08
579.06696	4.63137E-08
579.20526	4.57627E-08
579.34357	4.52237E-08
579.48187	4.46966E-08
579.62018	4.41808E-08
579.75848	4.36763E-08
579.89679	4.31825E-08
580.03510	4.26992E-08
580.17340	4.22262E-08
580.31171	4.17630E-08
580.45001	4.13094E-08
580.58826	4.08652E-08
580.72656	4.04302E-08
580.86487	4.00038E-08
581.00317	3.95861E-08
581.14148	3.91767E-08
581.27979	3.87755E-08
581.41809	3.83822E-08
581.55640	3.79965E-08
581.69470	3.76182E-08
581.83301	3.72473E-08
581.97131	3.68833E-08
582.10962	3.65262E-08
582.24793	3.61757E-08
582.38623	3.58317E-08
582.52448	3.54940E-08
582.66278	3.51624E-08
582.80109	3.48366E-08
582.93939	3.45168E-08
583.07770	3.42026E-08
583.21600	3.38938E-08
583.35431	3.35904E-08
583.49262	3.32922E-08
583.63092	3.29990E-08
583.76923	3.27108E-08
583.90753	3.24274E-08
584.04584	3.21487E-08
584.18414	3.18745E-08
584.32239	3.16049E-08
584.46069	3.13394E-08
584.59900	3.10783E-08
584.73731	3.08212E-08
584.87561	3.05682E-08
585.01392	3.03192E-08
585.15222	3.00739E-08
585.29053	2.98325E-08
585.42883	2.95947E-08
585.56714	2.93604E-08
585.70544	2.91297E-08
585.84375	2.89023E-08
585.98206	2.86782E-08
586.12036	2.84575E-08
586.25861	2.82400E-08
586.39691	2.80255E-08
586.53522	2.78141E-08
586.67352	2.76057E-08
586.81183	2.74002E-08
586.95013	2.71976E-08
587.08844	2.69978E-08
587.22675	2.68007E-08
587.36505	2.66064E-08
587.50336	2.64147E-08
587.64166	2.62256E-08
587.77997	2.60391E-08
587.91827	2.58550E-08
588.05652	2.56734E-08
588.19482	2.54943E-08
588.33313	2.53175E-08
588.47144	2.51430E-08
588.60974	2.49708E-08
588.74805	2.48008E-08
588.88635	2.46331E-08
589.02466	2.44675E-08
589.16296	2.43041E-08
589.30127	2.41427E-08
589.43958	2.39835E-08
589.57788	2.38263E-08
589.71619	2.36711E-08
589.85449	2.35179E-08
589.99274	2.33666E-08
590.13104	2.32172E-08
590.26935	2.30698E-08
590.40765	2.29242E-08
590.54596	2.27804E-08
590.68427	2.26385E-08
590.82257	2.24982E-08
590.96088	2.23598E-08
591.09918	2.22231E-08
591.23749	2.20882E-08
591.37579	2.19548E-08
591.51410	2.18232E-08
591.65241	2.16932E-08
591.79071	2.15648E-08
591.92896	2.14380E-08
592.06726	2.13128E-08
592.20557	2.11892E-08
592.34387	2.10671E-08
592.48218	2.09465E-08
592.62048	2.08274E-08
592.75879	2.07097E-08
592.89710	2.05936E-08
593.03540	2.04789E-08
593.17371	2.03656E-08
593.31201	2.02537E-08
593.45032	2.01433E-08
593.58862	2.00342E-08
593.72687	1.99264E-08
593.86517	1.98200E-08
594.00348	1.97149E-08
594.14179	1.96111E-08
594.28009	1.95086E-08
594.41840	1.94074E-08
594.55670	1.93074E-08
594.69501	1.92087E-08
594.83331	1.91111E-08
594.97162	1.90149E-08
595.10992	1.89197E-08
595.24823	1.88259E-08
595.38654	1.87332E-08
595.52484	1.86416E-08
595.66309	1.85512E-08
595.80139	1.84620E-08
595.93970	1.83739E-08
596.07800	1.82868E-08
596.21631	1.82009E-08
596.35461	1.81161E-08
596.49292	1.80324E-08
596.63123	1.79497E-08
596.76953	1.78681E-08
596.90784	1.77875E-08
597.04614	1.77080E-08
597.18445	1.76295E-08
597.32275	1.75520E-08
597.46100	1.74755E-08
597.59930	1.74001E-08
597.73761	1.73256E-08
597.87592	1.72521E-08
598.01422	1.71796E-08
598.15253	1.71080E-08
598.29083	1.70374E-08
598.42914	1.69678E-08
598.56744	1.68991E-08
598.70575	1.68313E-08
598.84406	1.67644E-08
598.98236	1.66985E-08
599.12067	1.66335E-08
599.25897	1.65693E-08
599.39722	1.65061E-08
599.53552	1.64438E-08
599.67383	1.63823E-08
599.81213	1.63217E-08
599.95044	1.62620E-08
600.08875	1.62032E-08
600.22705	1.61452E-08
600.36536	1.60881E-08
600.50366	1.60317E-08
600.64197	1.59763E-08
600.78027	1.59217E-08
600.91858	1.58679E-08
601.05689	1.58149E-08
601.19513	1.57627E-08
601.33344	1.57114E-08
601.47174	1.56608E-08
601.61005	1.56111E-08
601.74835	1.55621E-08
601.88666	1.55139E-08
602.02496	1.54666E-08
602.16327	1.54200E-08
602.30158	1.53742E-08
602.43988	1.53291E-08
602.57819	1.52848E-08
602.71649	1.52413E-08
602.85480	1.51985E-08
602.99310	1.51564E-08
603.13135	1.51151E-08
603.26965	1.50745E-08
603.40796	1.50347E-08
603.54627	1.49956E-08
603.68457	1.49572E-08
603.82288	1.49195E-08
603.96118	1.48825E-08
604.09949	1.48462E-08
604.23779	1.48106E-08
604.37610	1.47757E-08
604.51440	1.47414E-08
604.65271	1.47079E-08
604.79102	1.46750E-08
604.92932	1.46427E-08
605.06757	1.46111E-08
605.20587	1.45802E-08
605.34418	1.45499E-08
605.48248	1.45202E-08
605.62079	1.44912E-08
605.75909	1.44627E-08
605.89740	1.44349E-08
606.03571	1.44077E-08
606.17401	1.43810E-08
606.31232	1.43550E-08
606.45062	1.43295E-08
606.58893	1.43046E-08
606.72723	1.42802E-08
606.86548	1.42564E-08
607.00378	1.42331E-08
607.14209	1.42104E-08
607.28040	1.41882E-08
607.41870	1.41665E-08
607.55701	1.41453E-08
607.69531	1.41246E-08
607.83362	1.41044E-08
607.97192	1.40847E-08
608.11023	1.40654E-08
608.24854	1.40466E-08
608.38684	1.40283E-08
608.52515	1.40104E-08
608.66345	1.39929E-08
608.80170	1.39759E-08
608.94000	1.39592E-08
609.07831	1.39430E-08
609.21661	1.39272E-08
609.35492	1.39117E-08
609.49323	1.38966E-08
609.63153	1.38819E-08
609.76984	1.38676E-08
609.90814	1.38536E-08
610.04645	1.38399E-08
610.18475	1.38266E-08
610.32306	1.38136E-08
610.46137	1.38009E-08
610.59961	1.37884E-08
610.73792	1.37763E-08
610.87622	1.37645E-08
611.01453	1.37530E-08
611.15283	1.37417E-08
611.29114	1.37307E-08
611.42944	1.37199E-08
611.56775	1.37094E-08
611.70606	1.36991E-08
611.84436	1.36890E-08
611.98267	1.36792E-08
612.12097	1.36696E-08
612.25928	1.36602E-08
612.39758	1.36510E-08
612.53583	1.36420E-08
612.67413	1.36332E-08
612.81244	1.36245E-08
612.95075	1.36161E-08
613.08905	1.36078E-08
613.22736	1.35998E-08
613.36566	1.35918E-08
613.50397	1.35841E-08
613.64227	1.35765E-08
613.78058	1.35690E-08
613.91888	1.35617E-08
614.05719	1.35546E-08
614.19550	1.35476E-08
614.33374	1.35407E-08
614.47205	1.35340E-08
614.61035	1.35274E-08
614.74866	1.35210E-08
614.88696	1.35147E-08
615.02527	1.35085E-08
615.16357	1.35025E-08
615.30188	1.34966E-08
615.44019	1.34908E-08
615.57849	1.34852E-08
615.71680	1.34797E-08
615.85510	1.34743E-08
615.99341	1.34691E-08
616.13171	1.34640E-08
616.26996	1.34591E-08
616.40826	1.34543E-08
616.54657	1.34496E-08
616.68488	1.34451E-08
616.82318	1.34407E-08
616.96149	1.34365E-08
617.09979	1.34324E-08
617.23810	1.34285E-08
617.37640	1.34248E-08
617.51471	1.34212E-08
617.65302	1.34178E-08
617.79132	1.34145E-08
617.92963	1.34114E-08
618.06787	1.34085E-08
618.20618	1.34058E-08
618.34448	1.34032E-08
618.48279	1.34009E-08
618.62109	1.33987E-08
618.75940	1.33968E-08
618.89771	1.33950E-08
619.03601	1.33934E-08
619.17432	1.33920E-08
619.31262	1.33909E-08
619.45093	1.33899E-08
619.58923	1.33891E-08
619.72754	1.33886E-08
619.86585	1.33882E-08
620.00409	1.33881E-08
620.14240	1.33882E-08
620.28070	1.33886E-08
620.41901	1.33891E-08
620.55731	1.33899E-08
620.69562	1.33909E-08
620.83392	1.33921E-08
620.97223	1.33936E-08
621.11054	1.33953E-08
621.24884	1.33972E-08
621.38715	1.33994E-08
621.52545	1.34017E-08
621.66376	1.34044E-08
621.80206	1.34072E-08
621.94031	1.34103E-08
622.07861	1.34137E-08
622.21692	1.34172E-08
622.35523	1.34210E-08
622.49353	1.34250E-08
622.63184	1.34293E-08
622.77014	1.34337E-08
622.90845	1.34384E-08
623.04675	1.34433E-08
623.18506	1.34484E-08
623.32336	1.34538E-08
623.46167	1.34593E-08
623.59998	1.34651E-08
623.73822	1.34710E-08
623.87653	1.34771E-08
624.01483	1.34835E-08
624.15314	1.34900E-08
624.29144	1.34967E-08
624.42975	1.35036E-08
624.56805	1.35106E-08
624.70636	1.35178E-08
624.84467	1.35252E-08
624.98297	1.35327E-08
625.12128	1.35403E-08
625.25958	1.35481E-08
625.39789	1.35561E-08
625.53619	1.35641E-08
625.67444	1.35723E-08
625.81274	1.35805E-08
625.95105	1.35889E-08
626.08936	1.35973E-08
626.22766	1.36058E-08
626.36597	1.36144E-08
626.50427	1.36231E-08
626.64258	1.36318E-08
626.78088	1.36406E-08
626.91919	1.36494E-08
627.05750	1.36582E-08
627.19580	1.36670E-08
627.33411	1.36759E-08
627.47235	1.36848E-08
627.61066	1.36936E-08
627.74896	1.37025E-08
627.88727	1.37113E-08
628.02557	1.37201E-08
628.16388	1.37289E-08
628.30219	1.37376E-08
628.44049	1.37463E-08
628.57880	1.37549E-08
628.71710	1.37634E-08
628.85541	1.37719E-08
628.99371	1.37803E-08
629.13202	1.37886E-08
629.27033	1.37968E-08
629.40857	1.38049E-08
629.54688	1.38129E-08
629.68518	1.38207E-08
629.82349	1.38285E-08
629.96179	1.38361E-08
630.10010	1.38436E-08
630.23840	1.38510E-08
630.37671	1.38582E-08
630.51502	1.38653E-08
630.65332	1.38723E-08
630.79163	1.38791E-08
630.92993	1.38857E-08
631.06824	1.38922E-08
631.20648	1.38985E-08
631.34479	1.39047E-08
631.48309	1.39108E-08
631.62140	1.39166E-08
631.75971	1.39224E-08
631.89801	1.39279E-08
632.03632	1.39333E-08
632.17462	1.39386E-08
632.31293	1.39437E-08
632.45123	1.39487E-08
632.58954	1.39535E-08
632.72784	1.39582E-08
632.86615	1.39627E-08
633.00446	1.39671E-08
633.14270	1.39713E-08
633.28101	1.39755E-08
633.41931	1.39795E-08
633.55762	1.39833E-08
633.69592	1.39871E-08
633.83423	1.39907E-08
633.97253	1.39943E-08
634.11084	1.39977E-08
634.24915	1.40010E-08
634.38745	1.40043E-08
634.52576	1.40075E-08
634.66406	1.40105E-08
634.80237	1.40136E-08
634.94067	1.40165E-08
635.07892	1.40194E-08
635.21722	1.40223E-08
635.35553	1.40251E-08
635.49384	1.40278E-08
635.63214	1.40306E-08
635.77045	1.40333E-08
635.90875	1.40360E-08
636.04706	1.40386E-08
636.18536	1.40413E-08
636.32367	1.40440E-08
636.46198	1.40467E-08
636.60028	1.40494E-08
636.73859	1.40521E-08
636.87683	1.40549E-08
637.01514	1.40577E-08
637.15344	1.40605E-08
637.29175	1.40634E-08
637.43005	1.40663E-08
637.56836	1.40693E-08
637.70667	1.40723E-08
637.84497	1.40754E-08
637.98328	1.40786E-08
638.12158	1.40818E-08
638.25989	1.40852E-08
638.39819	1.40886E-08
638.53650	1.40921E-08
638.67481	1.40957E-08
638.81305	1.40994E-08
638.95136	1.41032E-08
639.08966	1.41071E-08
639.22797	1.41111E-08
639.36627	1.41152E-08
639.50458	1.41194E-08
639.64288	1.41237E-08
639.78119	1.41281E-08
639.91950	1.41327E-08
640.05780	1.41373E-08
640.19611	1.41420E-08
640.33441	1.41469E-08
640.47272	1.41519E-08
640.61096	1.41569E-08
640.74927	1.41621E-08
640.88757	1.41673E-08
641.02588	1.41727E-08
641.16419	1.41782E-08
641.30249	1.41837E-08
641.44080	1.41894E-08
641.57910	1.41952E-08
641.71741	1.42010E-08
641.85571	1.42070E-08
641.99402	1.42130E-08
642.13232	1.42191E-08
642.27063	1.42252E-08
642.40894	1.42315E-08
642.54718	1.42378E-08
642.68549	1.42441E-08
642.82379	1.42505E-08
642.96210	1.42570E-08
643.10040	1.42635E-08
643.23871	1.42700E-08
643.37701	1.42766E-08
643.51532	1.42832E-08
643.65363	1.42899E-08
643.79193	1.42965E-08
643.93024	1.43032E-08
644.06854	1.43099E-08
644.20685	1.43165E-08
644.34509	1.43232E-08
644.48340	1.43298E-08
644.62170	1.43365E-08
644.76001	1.43431E-08
644.89832	1.43497E-08
645.03662	1.43563E-08
645.17493	1.43629E-08
645.31323	1.43694E-08
645.45154	1.43758E-08
645.58984	1.43822E-08
645.72815	1.43886E-08
645.86646	1.43948E-08
646.00476	1.44010E-08
646.14307	1.44072E-08
646.28131	1.44133E-08
646.41962	1.44193E-08
646.55792	1.44252E-08
646.69623	1.44310E-08
646.83453	1.44367E-08
646.97284	1.44424E-08
647.11115	1.44479E-08
647.24945	1.44534E-08
647.38776	1.44587E-08
647.52606	1.44640E-08
647.66437	1.44691E-08
647.80267	1.44742E-08
647.94098	1.44791E-08
648.07922	1.44839E-08
648.21753	1.44886E-08
648.35584	1.44932E-08
648.49414	1.44977E-08
648.63245	1.45021E-08
648.77075	1.45063E-08
648.90906	1.45104E-08
649.04736	1.45145E-08
649.18567	1.45184E-08
649.32398	1.45221E-08
649.46228	1.45258E-08
649.60059	1.45293E-08
649.73889	1.45328E-08
649.87720	1.45361E-08
650.01544	1.45393E-08
650.15375	1.45424E-08
650.29205	1.45455E-08
650.43036	1.45484E-08
650.56867	1.45511E-08
650.70697	1.45538E-08
650.84528	1.45564E-08
650.98358	1.45589E-08
651.12189	1.45613E-08
651.26019	1.45636E-08
651.39850	1.45658E-08
651.53680	1.45679E-08
651.67511	1.45699E-08
651.81342	1.45718E-08
651.95166	1.45737E-08
652.08997	1.45754E-08
652.22827	1.45771E-08
652.36658	1.45787E-08
652.50488	1.45802E-08
652.64319	1.45817E-08
652.78149	1.45830E-08
652.91980	1.45843E-08
653.05811	1.45855E-08
653.19641	1.45867E-08
653.33472	1.45877E-08
653.47302	1.45888E-08
653.61133	1.45897E-08
653.74957	1.45906E-08
653.88788	1.45914E-08
654.02618	1.45922E-08
654.16449	1.45928E-08
654.30280	1.45935E-08
654.44110	1.45940E-08
654.57941	1.45945E-08
654.71771	1.45949E-08
654.85602	1.45953E-08
654.99432	1.45956E-08
655.13263	1.45958E-08
655.27094	1.45960E-08
655.40924	1.45961E-08
655.54755	1.45961E-08
655.68579	1.45961E-08
655.82410	1.45960E-08
655.96240	1.45958E-08
656.10071	1.45955E-08
656.23901	1.45952E-08
656.37732	1.45948E-08
656.51563	1.45943E-08
656.65393	1.45938E-08
656.79224	1.45931E-08
656.93054	1.45924E-08
657.06885	1.45916E-08
657.20715	1.45907E-08
657.34546	1.45897E-08
657.48370	1.45887E-08
657.62201	1.45875E-08
657.76032	1.45862E-08
657.89862	1.45848E-08
658.03693	1.45834E-08
658.17523	1.45818E-08
658.31354	1.45801E-08
658.45184	1.45783E-08
658.59015	1.45763E-08
658.72846	1.45743E-08
658.86676	1.45721E-08
659.00507	1.45699E-08
659.14337	1.45675E-08
659.28168	1.45649E-08
659.41992	1.45623E-08
659.55823	1.45595E-08
659.69653	1.45566E-08
659.83484	1.45536E-08
659.97315	1.45504E-08
660.11145	1.45471E-08
660.24976	1.45436E-08
660.38806	1.45400E-08
660.52637	1.45363E-08
660.66467	1.45324E-08
660.80298	1.45284E-08
660.94128	1.45243E-08
661.07959	1.45200E-08
661.21783	1.45156E-08
661.35614	1.45110E-08
661.49445	1.45063E-08
661.63275	1.45014E-08
661.77106	1.44964E-08
661.90936	1.44913E-08
662.04767	1.44860E-08
662.18597	1.44807E-08
662.32428	1.44751E-08
662.46259	1.44695E-08
662.60089	1.44637E-08
662.73920	1.44578E-08
662.87750	1.44518E-08
663.01581	1.44457E-08
663.15405	1.44395E-08
663.29236	1.44331E-08
663.43066	1.44267E-08
663.56897	1.44201E-08
663.70728	1.44135E-08
663.84558	1.44067E-08
663.98389	1.43999E-08
664.12219	1.43930E-08
664.26050	1.43860E-08
664.39880	1.43789E-08
664.53711	1.43717E-08
664.67542	1.43645E-08
664.81372	1.43573E-08
664.95203	1.43499E-08
665.09027	1.43426E-08
665.22858	1.43352E-08
665.36688	1.43277E-08
665.50519	1.43202E-08
665.64349	1.43127E-08
665.78180	1.43052E-08
665.92011	1.42977E-08
666.05841	1.42901E-08
666.19672	1.42825E-08
666.33502	1.42750E-08
666.47333	1.42674E-08
666.61163	1.42599E-08
666.74994	1.42524E-08
666.88818	1.42449E-08
667.02649	1.42374E-08
667.16480	1.42300E-08
667.30310	1.42226E-08
667.44141	1.42153E-08
667.57971	1.42079E-08
667.71802	1.42007E-08
667.85632	1.41935E-08
667.99463	1.41864E-08
668.13294	1.41793E-08
668.27124	1.41723E-08
668.40955	1.41654E-08
668.54785	1.41585E-08
668.68616	1.41518E-08
668.82440	1.41451E-08
668.96271	1.41385E-08
669.10101	1.41320E-08
669.23932	1.41256E-08
669.37763	1.41192E-08
669.51593	1.41130E-08
669.65424	1.41068E-08
669.79254	1.41008E-08
669.93085	1.40948E-08
670.06915	1.40890E-08
670.20746	1.40832E-08
670.34576	1.40776E-08
670.48407	1.40720E-08
670.62231	1.40665E-08
670.76062	1.40612E-08
670.89893	1.40559E-08
671.03723	1.40507E-08
671.17554	1.40456E-08
671.31384	1.40406E-08
671.45215	1.40357E-08
671.59045	1.40309E-08
671.72876	1.40261E-08
671.86707	1.40215E-08
672.00537	1.40169E-08
672.14368	1.40124E-08
672.28198	1.40080E-08
672.42029	1.40036E-08
672.55853	1.39993E-08
672.69684	1.39950E-08
672.83514	1.39909E-08
672.97345	1.39867E-08
673.11176	1.39827E-08
673.25006	1.39786E-08
673.38837	1.39746E-08
673.52667	1.39707E-08
673.66498	1.39667E-08
673.80328	1.39628E-08
673.94159	1.39590E-08
674.07990	1.39551E-08
674.21820	1.39512E-08
674.35645	1.39474E-08
674.49475	1.39436E-08
674.63306	1.39398E-08
674.77136	1.39359E-08
674.90967	1.39321E-08
675.04797	1.39282E-08
675.18628	1.39243E-08
675.32459	1.39204E-08
675.46289	1.39165E-08
675.60120	1.39125E-08
675.73950	1.39085E-08
675.87781	1.39044E-08
676.01611	1.39003E-08
676.15442	1.38961E-08
676.29266	1.38919E-08
676.43097	1.38876E-08
676.56928	1.38833E-08
676.70758	1.38789E-08
676.84589	1.38744E-08
676.98419	1.38698E-08
677.12250	1.38652E-08
677.26080	1.38605E-08
677.39911	1.38557E-08
677.53742	1.38509E-08
677.67572	1.38459E-08
677.81403	1.38409E-08
677.95233	1.38358E-08
678.09058	1.38306E-08
678.22888	1.38253E-08
678.36719	1.38199E-08
678.50549	1.38144E-08
678.64380	1.38089E-08
678.78210	1.38032E-08
678.92041	1.37975E-08
679.05872	1.37917E-08
679.19702	1.37857E-08
679.33533	1.37797E-08
679.47363	1.37737E-08
679.61194	1.37675E-08
679.75024	1.37612E-08
679.88855	1.37549E-08
680.02679	1.37485E-08
680.16510	1.37420E-08
680.30341	1.37354E-08
680.44171	1.37288E-08
680.58002	1.37221E-08
680.71832	1.37153E-08
680.85663	1.37085E-08
680.99493	1.37016E-08
681.13324	1.36946E-08
681.27155	1.36876E-08
681.40985	1.36806E-08
681.54816	1.36735E-08
681.68646	1.36664E-08
681.82477	1.36592E-08
681.96301	1.36520E-08
682.10132	1.36448E-08
682.23962	1.36375E-08
682.37793	1.36303E-08
682.51624	1.36230E-08
682.65454	1.36157E-08
682.79285	1.36084E-08
682.93115	1.36010E-08
683.06946	1.35937E-08
683.20776	1.35865E-08
683.34607	1.35792E-08
683.48438	1.35719E-08
683.62268	1.35646E-08
683.76093	1.35574E-08
683.89923	1.35502E-08
684.03754	1.35430E-08
684.17584	1.35359E-08
684.31415	1.35288E-08
684.45245	1.35217E-08
684.59076	1.35147E-08
684.72907	1.35077E-08
684.86737	1.35007E-08
685.00568	1.34939E-08
685.14398	1.34870E-08
685.28229	1.34802E-08
685.42059	1.34735E-08
685.55890	1.34669E-08
685.69714	1.34603E-08
685.83545	1.34538E-08
685.97376	1.34473E-08
686.11206	1.34409E-08
686.25037	1.34347E-08
686.38867	1.34284E-08
686.52698	1.34223E-08
686.66528	1.34162E-08
686.80359	1.34102E-08
686.94190	1.34043E-08
687.08020	1.33984E-08
687.21851	1.33927E-08
687.35681	1.33870E-08
687.49506	1.33814E-08
687.63336	1.33759E-08
687.77167	1.33704E-08
687.90997	1.33650E-08
688.04828	1.33597E-08
688.18658	1.33545E-08
688.32489	1.33494E-08
688.46320	1.33443E-08
688.60150	1.33393E-08
688.73981	1.33344E-08
688.87811	1.33295E-08
689.01642	1.33248E-08
689.15472	1.33201E-08
689.29303	1.33154E-08
689.43127	1.33109E-08
689.56958	1.33063E-08
689.70789	1.33019E-08
689.84619	1.32975E-08
689.98450	1.32932E-08
690.12280	1.32889E-08
690.26111	1.32847E-08
690.39941	1.32805E-08
690.53772	1.32764E-08
690.67603	1.32724E-08
690.81433	1.32683E-08
690.95264	1.32644E-08
691.09094	1.32604E-08
691.22919	1.32566E-08
691.36749	1.32527E-08
691.50580	1.32489E-08
691.64410	1.32451E-08
691.78241	1.32414E-08
691.92072	1.32377E-08
692.05902	1.32341E-08
692.19733	1.32304E-08
692.33563	1.32268E-08
692.47394	1.32232E-08
692.61224	1.32197E-08
692.75055	1.32162E-08
692.88886	1.32127E-08
693.02716	1.32092E-08
693.16541	1.32058E-08
693.30371	1.32024E-08
693.44202	1.31990E-08
693.58032	1.31956E-08
693.71863	1.31923E-08
693.85693	1.31889E-08
693.99524	1.31856E-08
694.13355	1.31824E-08
694.27185	1.31791E-08
694.41016	1.31759E-08
694.54846	1.31727E-08
694.68677	1.31695E-08
694.82507	1.31663E-08
694.96338	1.31632E-08
695.10162	1.31601E-08
695.23993	1.31570E-08
695.37824	1.31540E-08
695.51654	1.31510E-08
695.65485	1.31480E-08
695.79315	1.31451E-08
695.93146	1.31422E-08
696.06976	1.31393E-08
696.20807	1.31365E-08
696.34638	1.31337E-08
696.48468	1.31310E-08
696.62299	1.31283E-08
696.76129	1.31256E-08
696.89954	1.31230E-08
697.03784	1.31205E-08
697.17615	1.31180E-08
697.31445	1.31155E-08
697.45276	1.31131E-08
697.59106	1.31108E-08
697.72937	1.31086E-08
697.86768	1.31064E-08
698.00598	1.31042E-08
698.14429	1.31022E-08
698.28259	1.31002E-08
698.42090	1.30983E-08
698.55920	1.30965E-08
698.69751	1.30948E-08
698.83575	1.30931E-08
698.97406	1.30915E-08
699.11237	1.30900E-08
699.25067	1.30886E-08
699.38898	1.30873E-08
699.52728	1.30861E-08
699.66559	1.30850E-08
699.80389	1.30839E-08
699.94220	1.30830E-08
700.08051	1.30821E-08
700.21881	1.30814E-08
700.35712	1.30808E-08
700.49542	1.30802E-08
700.63367	1.30798E-08
700.77197	1.30795E-08
700.91028	1.30793E-08
701.04858	1.30791E-08
701.18689	1.30791E-08
701.32520	1.30792E-08
701.46350	1.30794E-08
701.60181	1.30797E-08
701.74011	1.30802E-08
701.87842	1.30807E-08
702.01672	1.30813E-08
702.15503	1.30821E-08
702.29334	1.30829E-08
702.43164	1.30839E-08
702.56989	1.30849E-08
702.70819	1.30861E-08
702.84650	1.30874E-08
702.98480	1.30888E-08
703.12311	1.30903E-08
703.26141	1.30919E-08
703.39972	1.30935E-08
703.53803	1.30953E-08
703.67633	1.30972E-08
703.81464	1.30992E-08
703.95294	1.31013E-08
704.09125	1.31035E-08
704.22955	1.31058E-08
704.36780	1.31081E-08
704.50610	1.31106E-08
704.64441	1.31132E-08
704.78272	1.31158E-08
704.92102	1.31185E-08
705.05933	1.31213E-08
705.19763	1.31242E-08
705.33594	1.31272E-08
705.47424	1.31302E-08
705.61255	1.31334E-08
705.75085	1.31366E-08
705.88916	1.31398E-08
706.02747	1.31432E-08
706.16577	1.31466E-08
706.30402	1.31501E-08
706.44232	1.31536E-08
706.58063	1.31572E-08
706.71893	1.31609E-08
706.85724	1.31646E-08
706.99554	1.31684E-08
707.13385	1.31722E-08
707.27216	1.31761E-08
707.41046	1.31801E-08
707.54877	1.31841E-08
707.68707	1.31882E-08
707.82538	1.31923E-08
707.96368	1.31965E-08
708.10193	1.32007E-08
708.24023	1.32049E-08
708.37854	1.32092E-08
708.51685	1.32136E-08
708.65515	1.32180E-08
708.79346	1.32224E-08
708.93176	1.32269E-08
709.07007	1.32315E-08
709.20837	1.32361E-08
709.34668	1.32407E-08
709.48499	1.32454E-08
709.62329	1.32501E-08
709.76160	1.32549E-08
709.89990	1.32597E-08
710.03815	1.32646E-08
710.17645	1.32695E-08
710.31476	1.32745E-08
710.45306	1.32795E-08
710.59137	1.32846E-08
710.72968	1.32897E-08
710.86798	1.32949E-08
711.00629	1.33002E-08
711.14459	1.33055E-08
711.28290	1.33108E-08
711.42120	1.33163E-08
711.55951	1.33218E-08
711.69782	1.33273E-08
711.83612	1.33329E-08
711.97437	1.33386E-08
712.11267	1.33444E-08
712.25098	1.33502E-08
712.38928	1.33561E-08
712.52759	1.33621E-08
712.66589	1.33682E-08
712.80420	1.33743E-08
712.94251	1.33805E-08
713.08081	1.33868E-08
713.21912	1.33932E-08
713.35742	1.33997E-08
713.49573	1.34063E-08
713.63403	1.34129E-08
713.77228	1.34197E-08
713.91058	1.34265E-08
714.04889	1.34334E-08
714.18720	1.34404E-08
714.32550	1.34476E-08
714.46381	1.34548E-08
714.60211	1.34621E-08
714.74042	1.34696E-08
714.87872	1.34771E-08
715.01703	1.34847E-08
715.15533	1.34925E-08
715.29364	1.35003E-08
715.43195	1.35083E-08
715.57025	1.35163E-08
715.70850	1.35245E-08
715.84680	1.35328E-08
715.98511	1.35412E-08
716.12341	1.35496E-08
716.26172	1.35582E-08
716.40002	1.35669E-08
716.53833	1.35757E-08
716.67664	1.35846E-08
716.81494	1.35937E-08
716.95325	1.36028E-08
717.09155	1.36120E-08
717.22986	1.36213E-08
717.36816	1.36307E-08
717.50641	1.36402E-08
717.64471	1.36498E-08
717.78302	1.36596E-08
717.92133	1.36694E-08
718.05963	1.36793E-08
718.19794	1.36892E-08
718.33624	1.36993E-08
718.47455	1.37095E-08
718.61285	1.37197E-08
718.75116	1.37300E-08
718.88947	1.37404E-08
719.02777	1.37509E-08
719.16608	1.37614E-08
719.30438	1.37720E-08
719.44263	1.37827E-08
719.58093	1.37934E-08
719.71924	1.38042E-08
719.85754	1.38150E-08
719.99585	1.38259E-08
720.13416	1.38368E-08
720.27246	1.38478E-08
720.41077	1.38588E-08
720.54907	1.38698E-08
720.68738	1.38809E-08
720.82568	1.38920E-08
720.96399	1.39032E-08
721.10230	1.39143E-08
721.24054	1.39255E-08
721.37885	1.39367E-08
721.51715	1.39479E-08
721.65546	1.39591E-08
721.79376	1.39703E-08
721.93207	1.39815E-08
722.07037	1.39927E-08
722.20868	1.40040E-08
722.34699	1.40152E-08
722.48529	1.40264E-08
722.62360	1.40376E-08
722.76190	1.40487E-08
722.90021	1.40599E-08
723.03851	1.40710E-08
723.17676	1.40821E-08
723.31506	1.40932E-08
723.45337	1.41043E-08
723.59168	1.41153E-08
723.72998	1.41263E-08
723.86829	1.41373E-08
724.00659	1.41482E-08
724.14490	1.41591E-08
724.28320	1.41700E-08
724.42151	1.41808E-08
724.55981	1.41916E-08
724.69812	1.42024E-08
724.83643	1.42131E-08
724.97473	1.42238E-08
725.11298	1.42345E-08
725.25128	1.42451E-08
725.38959	1.42556E-08
725.52789	1.42662E-08
725.66620	1.42767E-08
725.80450	1.42871E-08
725.94281	1.42976E-08
726.08112	1.43079E-08
726.21942	1.43183E-08
726.35773	1.43286E-08
726.49603	1.43389E-08
726.63434	1.43492E-08
726.77264	1.43594E-08
726.91089	1.43697E-08
727.04919	1.43798E-08
727.18750	1.43900E-08
727.32581	1.44002E-08
727.46411	1.44103E-08
727.60242	1.44204E-08
727.74072	1.44305E-08
727.87903	1.44407E-08
728.01733	1.44508E-08
728.15564	1.44609E-08
728.29395	1.44709E-08
728.43225	1.44810E-08
728.57056	1.44911E-08
728.70886	1.45013E-08
728.84711	1.45114E-08
728.98541	1.45215E-08
729.12372	1.45316E-08
729.26202	1.45418E-08
729.40033	1.45520E-08
729.53864	1.45622E-08
729.67694	1.45724E-08
729.81525	1.45827E-08
729.95355	1.45930E-08
730.09186	1.46033E-08
730.23016	1.46137E-08
730.36847	1.46241E-08
730.50678	1.46345E-08
730.64502	1.46450E-08
730.78333	1.46555E-08
730.92163	1.46661E-08
731.05994	1.46767E-08
731.19824	1.46873E-08
731.33655	1.46980E-08
731.47485	1.47088E-08
731.61316	1.47196E-08
731.75147	1.47305E-08
731.88977	1.47414E-08
732.02808	1.47524E-08
732.16638	1.47634E-08
732.30469	1.47745E-08
732.44299	1.47856E-08
732.58124	1.47968E-08
732.71954	1.48080E-08
732.85785	1.48193E-08
732.99616	1.48307E-08
733.13446	1.48421E-08
733.27277	1.48535E-08
733.41107	1.48650E-08
733.54938	1.48766E-08
733.68768	1.48882E-08
733.82599	1.48998E-08
733.96429	1.49115E-08
734.10260	1.49233E-08
734.24091	1.49351E-08
734.37915	1.49469E-08
734.51746	1.49588E-08
734.65576	1.49707E-08
734.79407	1.49826E-08
734.93237	1.49946E-08
735.07068	1.50067E-08
735.20898	1.50187E-08
735.34729	1.50308E-08
735.48560	1.50429E-08
735.62390	1.50550E-08
735.76221	1.50671E-08
735.90051	1.50793E-08
736.03882	1.50915E-08
736.17712	1.51037E-08
736.31537	1.51159E-08
736.45367	1.51281E-08
736.59198	1.51403E-08
736.73029	1.51525E-08
736.86859	1.51647E-08
737.00690	1.51769E-08
737.14520	1.51892E-08
737.28351	1.52014E-08
737.42181	1.52136E-08
737.56012	1.52258E-08
737.69843	1.52380E-08
737.83673	1.52501E-08
737.97504	1.52623E-08
738.11334	1.52744E-08
738.25159	1.52865E-08
738.38989	1.52986E-08
738.52820	1.53107E-08
738.66650	1.53228E-08
738.80481	1.53349E-08
738.94312	1.53469E-08
739.08142	1.53589E-08
739.21973	1.53709E-08
739.35803	1.53828E-08
739.49634	1.53947E-08
739.63464	1.54067E-08
739.77295	1.54186E-08
739.91126	1.54304E-08
740.04950	1.54423E-08
740.18781	1.54542E-08
740.32611	1.54660E-08
740.46442	1.54778E-08
740.60272	1.54896E-08
740.74103	1.55014E-08
740.87933	1.55131E-08
741.01764	1.55249E-08
741.15595	1.55366E-08
741.29425	1.55484E-08
741.43256	1.55601E-08
741.57086	1.55719E-08
741.70917	1.55836E-08
741.84747	1.55954E-08
741.98572	1.56071E-08
742.12402	1.56189E-08
742.26233	1.56306E-08
742.40064	1.56424E-08
742.53894	1.56542E-08
742.67725	1.56660E-08
742.81555	1.56779E-08
742.95386	1.56898E-08
743.09216	1.57017E-08
743.23047	1.57136E-08
743.36877	1.57256E-08
743.50708	1.57376E-08
743.64539	1.57496E-08
743.78363	1.57617E-08
743.92194	1.57739E-08
744.06024	1.57861E-08
744.19855	1.57983E-08
744.33685	1.58106E-08
744.47516	1.58230E-08
744.61346	1.58354E-08
744.75177	1.58478E-08
744.89008	1.58604E-08
745.02838	1.58730E-08
745.16669	1.58856E-08
745.30499	1.58984E-08
745.44330	1.59112E-08
745.58160	1.59240E-08
745.71985	1.59370E-08
745.85815	1.59500E-08
745.99646	1.59631E-08
746.13477	1.59762E-08
746.27307	1.59895E-08
746.41138	1.60028E-08
746.54968	1.60162E-08
746.68799	1.60296E-08
746.82629	1.60431E-08
746.96460	1.60567E-08
747.10291	1.60703E-08
747.24121	1.60840E-08
747.37952	1.60978E-08
747.51776	1.61116E-08
747.65607	1.61255E-08
747.79437	1.61394E-08
747.93268	1.61534E-08
748.07098	1.61675E-08
748.20929	1.61816E-08
748.34760	1.61957E-08
748.48590	1.62098E-08
748.62421	1.62240E-08
748.76251	1.62382E-08
748.90082	1.62525E-08
749.03912	1.62667E-08
749.17743	1.62810E-08
749.31574	1.62952E-08
749.45398	1.63095E-08
749.59229	1.63238E-08
749.73059	1.63380E-08
749.86890	1.63522E-08
750.00720	1.63664E-08
750.14551	1.63806E-08
750.28381	1.63947E-08
750.42212	1.64088E-08
750.56043	1.64228E-08
750.69873	1.64367E-08
750.83704	1.64506E-08
750.97534	1.64644E-08
751.11365	1.64781E-08
751.25189	1.64918E-08
751.39020	1.65053E-08
751.52850	1.65187E-08
751.66681	1.65320E-08
751.80512	1.65452E-08
751.94342	1.65583E-08
752.08173	1.65713E-08
752.22003	1.65841E-08
752.35834	1.65967E-08
752.49664	1.66092E-08
752.63495	1.66216E-08
752.77325	1.66338E-08
752.91156	1.66458E-08
753.04987	1.66576E-08
753.18811	1.66693E-08
753.32642	1.66807E-08
753.46472	1.66920E-08
753.60303	1.67031E-08
753.74133	1.67140E-08
753.87964	1.67247E-08
754.01794	1.67351E-08
754.15625	1.67454E-08
754.29456	1.67555E-08
754.43286	1.67653E-08
754.57117	1.67749E-08
754.70947	1.67843E-08
754.84778	1.67935E-08
754.98608	1.68025E-08
755.12433	1.68112E-08
755.26263	1.68197E-08
755.40094	1.68280E-08
755.53925	1.68361E-08
755.67755	1.68440E-08
755.81586	1.68516E-08
755.95416	1.68591E-08
756.09247	1.68663E-08
756.23077	1.68732E-08
756.36908	1.68800E-08
756.50739	1.68866E-08
756.64569	1.68930E-08
756.78400	1.68992E-08
756.92224	1.69052E-08
757.06055	1.69110E-08
757.19885	1.69166E-08
757.33716	1.69220E-08
757.47546	1.69273E-08
757.61377	1.69324E-08
757.75208	1.69373E-08
757.89038	1.69421E-08
758.02869	1.69468E-08
758.16699	1.69513E-08
758.30530	1.69556E-08
758.44360	1.69599E-08
758.58191	1.69640E-08
758.72022	1.69680E-08
758.85846	1.69719E-08
758.99677	1.69757E-08
759.13507	1.69795E-08
759.27338	1.69831E-08
759.41168	1.69867E-08
759.54999	1.69902E-08
759.68829	1.69936E-08
759.82660	1.69970E-08
759.96491	1.70004E-08
760.10321	1.70037E-08
760.24152	1.70070E-08
760.37982	1.70102E-08
760.51813	1.70135E-08
760.65637	1.70167E-08
760.79468	1.70200E-08
760.93298	1.70233E-08
761.07129	1.70265E-08
761.20960	1.70299E-08
761.34790	1.70332E-08
761.48621	1.70365E-08
761.62451	1.70399E-08
761.76282	1.70434E-08
761.90112	1.70468E-08
762.03943	1.70504E-08
762.17773	1.70539E-08
762.31604	1.70576E-08
762.45435	1.70613E-08
762.59259	1.70650E-08
762.73090	1.70689E-08
762.86920	1.70728E-08
763.00751	1.70768E-08
763.14581	1.70808E-08
763.28412	1.70849E-08
763.42242	1.70891E-08
763.56073	1.70934E-08
763.69904	1.70977E-08
763.83734	1.71022E-08
763.97565	1.71067E-08
764.11395	1.71112E-08
764.25226	1.71159E-08
764.39050	1.71206E-08
764.52881	1.71253E-08
764.66711	1.71302E-08
764.80542	1.71351E-08
764.94373	1.71400E-08
765.08203	1.71450E-08
765.22034	1.71501E-08
765.35864	1.71552E-08
765.49695	1.71603E-08
765.63525	1.71655E-08
765.77356	1.71707E-08
765.91187	1.71759E-08
766.05017	1.71812E-08
766.18848	1.71865E-08
766.32672	1.71917E-08
766.46503	1.71970E-08
766.60333	1.72023E-08
766.74164	1.72075E-08
766.87994	1.72127E-08
767.01825	1.72179E-08
767.15656	1.72231E-08
767.29486	1.72282E-08
767.43317	1.72333E-08
767.57147	1.72383E-08
767.70978	1.72433E-08
767.84808	1.72482E-08
767.98639	1.72530E-08
768.12470	1.72577E-08
768.26294	1.72623E-08
768.40125	1.72669E-08
768.53955	1.72713E-08
768.67786	1.72756E-08
768.81616	1.72798E-08
768.95447	1.72839E-08
769.09277	1.72879E-08
769.23108	1.72917E-08
769.36939	1.72954E-08
769.50769	1.72989E-08
769.64600	1.73023E-08
769.78430	1.73055E-08
769.92261	1.73086E-08
770.06085	1.73115E-08
770.19916	1.73143E-08
770.33746	1.73168E-08
770.47577	1.73192E-08
770.61408	1.73215E-08
770.75238	1.73235E-08
770.89069	1.73254E-08
771.02899	1.73271E-08
771.16730	1.73285E-08
771.30560	1.73299E-08
771.44391	1.73310E-08
771.58221	1.73320E-08
771.72052	1.73328E-08
771.85883	1.73334E-08
771.99707	1.73338E-08
772.13538	1.73340E-08
772.27368	1.73341E-08
772.41199	1.73340E-08
772.55029	1.73337E-08
772.68860	1.73333E-08
772.82690	1.73327E-08
772.96521	1.73320E-08
773.10352	1.73311E-08
773.24182	1.73300E-08
773.38013	1.73289E-08
773.51843	1.73276E-08
773.65674	1.73262E-08
773.79498	1.73246E-08
773.93329	1.73229E-08
774.07159	1.73212E-08
774.20990	1.73193E-08
774.34821	1.73173E-08
774.48651	1.73153E-08
774.62482	1.73132E-08
774.76312	1.73110E-08
774.90143	1.73088E-08
775.03973	1.73065E-08
775.17804	1.73042E-08
775.31635	1.73018E-08
775.45465	1.72995E-08
775.59296	1.72971E-08
775.73120	1.72947E-08
775.86951	1.72923E-08
776.00781	1.72900E-08
776.14612	1.72877E-08
776.28442	1.72854E-08
776.42273	1.72832E-08
776.56104	1.72810E-08
776.69934	1.72789E-08
776.83765	1.72768E-08
776.97595	1.72748E-08
777.11426	1.72730E-08
777.25256	1.72712E-08
777.39087	1.72695E-08
777.52911	1.72680E-08
777.66742	1.72665E-08
777.80573	1.72652E-08
777.94403	1.72641E-08
778.08234	1.72630E-08
778.22064	1.72622E-08
778.35895	1.72614E-08
778.49725	1.72609E-08
778.63556	1.72605E-08
778.77387	1.72603E-08
778.91217	1.72603E-08
779.05048	1.72605E-08
779.18878	1.72609E-08
779.32709	1.72614E-08
779.46533	1.72622E-08
779.60364	1.72631E-08
779.74194	1.72643E-08
779.88025	1.72657E-08
780.01856	1.72673E-08
780.15686	1.72691E-08
780.29517	1.72712E-08
780.43347	1.72734E-08
780.57178	1.72759E-08
780.71008	1.72786E-08
780.84839	1.72815E-08
780.98669	1.72846E-08
781.12500	1.72880E-08
781.26325	1.72915E-08
781.40155	1.72953E-08
781.53986	1.72993E-08
781.67816	1.73036E-08
781.81647	1.73080E-08
781.95477	1.73126E-08
782.09308	1.73175E-08
782.23138	1.73226E-08
782.36969	1.73279E-08
782.50800	1.73333E-08
782.64630	1.73390E-08
782.78461	1.73449E-08
782.92291	1.73509E-08
783.06122	1.73571E-08
783.19946	1.73636E-08
783.33777	1.73701E-08
783.47607	1.73769E-08
783.61438	1.73838E-08
783.75269	1.73909E-08
783.89099	1.73981E-08
784.02930	1.74055E-08
784.16760	1.74130E-08
784.30591	1.74207E-08
784.44421	1.74285E-08
784.58252	1.74364E-08
784.72083	1.74444E-08
784.85913	1.74526E-08
784.99744	1.74609E-08
785.13568	1.74692E-08
785.27399	1.74777E-08
785.41229	1.74862E-08
785.55060	1.74949E-08
785.68890	1.75036E-08
785.82721	1.75123E-08
785.96552	1.75212E-08
786.10382	1.75301E-08
786.24213	1.75391E-08
786.38043	1.75481E-08
786.51874	1.75572E-08
786.65704	1.75663E-08
786.79535	1.75754E-08
786.93359	1.75846E-08
787.07190	1.75938E-08
787.21021	1.76030E-08
787.34851	1.76122E-08
787.48682	1.76215E-08
787.62512	1.76307E-08
787.76343	1.76400E-08
787.90173	1.76493E-08
788.04004	1.76587E-08
788.17835	1.76680E-08
788.31665	1.76773E-08
788.45496	1.76866E-08
788.59326	1.76959E-08
788.73157	1.77052E-08
788.86981	1.77145E-08
789.00812	1.77237E-08
789.14642	1.77330E-08
789.28473	1.77423E-08
789.42304	1.77515E-08
789.56134	1.77608E-08
789.69965	1.77700E-08
789.83795	1.77792E-08
789.97626	1.77885E-08
790.11456	1.77977E-08
790.25287	1.78069E-08
790.39117	1.78161E-08
790.52948	1.78253E-08
790.66773	1.78345E-08
790.80603	1.78437E-08
790.94434	1.78529E-08
791.08264	1.78621E-08
791.22095	1.78713E-08
791.35925	1.78805E-08
791.49756	1.78898E-08
791.63586	1.78990E-08
791.77417	1.79083E-08
791.91248	1.79176E-08
792.05078	1.79268E-08
792.18909	1.79362E-08
792.32739	1.79455E-08
792.46570	1.79549E-08
792.60394	1.79643E-08
792.74225	1.79737E-08
792.88055	1.79832E-08
793.01886	1.79927E-08
793.15717	1.80023E-08
793.29547	1.80119E-08
793.43378	1.80216E-08
793.57208	1.80313E-08
793.71039	1.80411E-08
793.84869	1.80509E-08
793.98700	1.80608E-08
794.12531	1.80707E-08
794.26361	1.80807E-08
794.40186	1.80908E-08
794.54016	1.81009E-08
794.67847	1.81111E-08
794.81677	1.81214E-08
794.95508	1.81318E-08
795.09338	1.81422E-08
795.23169	1.81526E-08
795.37000	1.81632E-08
795.50830	1.81738E-08
795.64661	1.81845E-08
795.78491	1.81953E-08
795.92322	1.82061E-08
796.06152	1.82171E-08
796.19983	1.82280E-08
796.33807	1.82391E-08
796.47638	1.82502E-08
796.61469	1.82614E-08
796.75299	1.82726E-08
796.89130	1.82839E-08
797.02960	1.82953E-08
797.16791	1.83067E-08
797.30621	1.83182E-08
797.44452	1.83297E-08
797.58283	1.83413E-08
797.72113	1.83529E-08
797.85944	1.83646E-08
797.99774	1.83763E-08
798.13605	1.83880E-08
798.27429	1.83997E-08
798.41260	1.84115E-08
798.55090	1.84233E-08
798.68921	1.84351E-08
798.82752	1.84469E-08
798.96582	1.84587E-08
799.10413	1.84705E-08
799.24243	1.84823E-08
799.38074	1.84941E-08
799.51904	1.85059E-08
799.65735	1.85176E-08
799.79565	1.85294E-08
799.93396	1.85410E-08
800.07221	1.85527E-08
800.21051	1.85643E-08
800.34882	1.85758E-08
800.48712	1.85872E-08
800.62543	1.85986E-08
800.76373	1.86100E-08
800.90204	1.86212E-08
801.04034	1.86324E-08
801.17865	1.86434E-08
801.31696	1.86544E-08
801.45526	1.86653E-08
801.59357	1.86761E-08
801.73187	1.86867E-08
801.87018	1.86972E-08
802.00842	1.87076E-08
802.14673	1.87179E-08
802.28503	1.87280E-08
802.42334	1.87379E-08
802.56165	1.87478E-08
802.69995	1.87574E-08
802.83826	1.87669E-08
802.97656	1.87762E-08
803.11487	1.87854E-08
803.25317	1.87944E-08
803.39148	1.88032E-08
803.52979	1.88119E-08
803.66809	1.88203E-08
803.80634	1.88286E-08
803.94464	1.88367E-08
804.08295	1.88446E-08
804.22125	1.88523E-08
804.35956	1.88598E-08
804.49786	1.88671E-08
804.63617	1.88742E-08
804.77448	1.88811E-08
804.91278	1.88878E-08
805.05109	1.88943E-08
805.18939	1.89006E-08
805.32770	1.89067E-08
805.46600	1.89126E-08
805.60431	1.89183E-08
805.74255	1.89238E-08
805.88086	1.89291E-08
806.01917	1.89342E-08
806.15747	1.89392E-08
806.29578	1.89439E-08
806.43408	1.89485E-08
806.57239	1.89528E-08
806.71069	1.89570E-08
806.84900	1.89611E-08
806.98731	1.89649E-08
807.12561	1.89686E-08
807.26392	1.89722E-08
807.40222	1.89755E-08
807.54047	1.89787E-08
807.67877	1.89818E-08
807.81708	1.89848E-08
807.95538	1.89876E-08
808.09369	1.89902E-08
808.23200	1.89928E-08
808.37030	1.89952E-08
808.50861	1.89976E-08
808.64691	1.89998E-08
808.78522	1.90019E-08
808.92352	1.90040E-08
809.06183	1.90060E-08
809.20013	1.90079E-08
809.33844	1.90098E-08
809.47669	1.90116E-08
809.61499	1.90133E-08
809.75330	1.90151E-08
809.89160	1.90167E-08
810.02991	1.90184E-08
810.16821	1.90201E-08
810.30652	1.90217E-08
810.44482	1.90234E-08
810.58313	1.90250E-08
810.72144	1.90267E-08
810.85974	1.90284E-08
810.99805	1.90302E-08
811.13635	1.90320E-08
811.27460	1.90339E-08
811.41290	1.90358E-08
811.55121	1.90378E-08
811.68951	1.90399E-08
811.82782	1.90420E-08
811.96613	1.90443E-08
812.10443	1.90466E-08
812.24274	1.90491E-08
812.38104	1.90517E-08
812.51935	1.90544E-08
812.65765	1.90573E-08
812.79596	1.90603E-08
812.93427	1.90634E-08
813.07257	1.90667E-08
813.21082	1.90701E-08
813.34912	1.90737E-08
813.48743	1.90775E-08
813.62573	1.90814E-08
813.76404	1.90855E-08
813.90234	1.90898E-08
814.04065	1.90943E-08
814.17896	1.90990E-08
814.31726	1.91039E-08
814.45557	1.91090E-08
814.59387	1.91143E-08
814.73218	1.91198E-08
814.87048	1.91255E-08
815.00879	1.91314E-08
815.14703	1.91375E-08
815.28534	1.91439E-08
815.42365	1.91504E-08
815.56195	1.91572E-08
815.70026	1.91642E-08
815.83856	1.91714E-08
815.97687	1.91788E-08
816.11517	1.91864E-08
816.25348	1.91943E-08
816.39179	1.92023E-08
816.53009	1.92106E-08
816.66840	1.92191E-08
816.80670	1.92278E-08
816.94495	1.92366E-08
817.08325	1.92457E-08
817.22156	1.92550E-08
817.35986	1.92645E-08
817.49817	1.92741E-08
817.63648	1.92840E-08
817.77478	1.92940E-08
817.91309	1.93042E-08
818.05139	1.93145E-08
818.18970	1.93250E-08
818.32800	1.93357E-08
818.46631	1.93465E-08
818.60461	1.93574E-08
818.74292	1.93685E-08
818.88117	1.93797E-08
819.01947	1.93909E-08
819.15778	1.94023E-08
819.29608	1.94138E-08
819.43439	1.94253E-08
819.57269	1.94370E-08
819.71100	1.94487E-08
819.84930	1.94604E-08
819.98761	1.94722E-08
820.12592	1.94840E-08
820.26422	1.94959E-08
820.40253	1.95077E-08
820.54083	1.95195E-08
820.67908	1.95313E-08
820.81738	1.95431E-08
820.95569	1.95549E-08
821.09399	1.95666E-08
821.23230	1.95782E-08
821.37061	1.95897E-08
821.50891	1.96012E-08
821.64722	1.96125E-08
821.78552	1.96238E-08
821.92383	1.96349E-08
822.06213	1.96458E-08
822.20044	1.96566E-08
822.33875	1.96673E-08
822.47705	1.96777E-08
822.61530	1.96880E-08
822.75360	1.96981E-08
822.89191	1.97080E-08
823.03021	1.97176E-08
823.16852	1.97270E-08
823.30682	1.97362E-08
823.44513	1.97451E-08
823.58344	1.97537E-08
823.72174	1.97621E-08
823.86005	1.97702E-08
823.99835	1.97779E-08
824.13666	1.97854E-08
824.27496	1.97926E-08
824.41321	1.97994E-08
824.55151	1.98059E-08
824.68982	1.98121E-08
824.82813	1.98180E-08
824.96643	1.98235E-08
825.10474	1.98286E-08
825.24304	1.98334E-08
825.38135	1.98378E-08
825.51965	1.98419E-08
825.65796	1.98457E-08
825.79627	1.98490E-08
825.93457	1.98520E-08
826.07288	1.98546E-08
826.21118	1.98568E-08
826.34943	1.98587E-08
826.48773	1.98602E-08
826.62604	1.98613E-08
826.76434	1.98621E-08
826.90265	1.98625E-08
827.04096	1.98625E-08
827.17926	1.98622E-08
827.31757	1.98615E-08
827.45587	1.98605E-08
827.59418	1.98592E-08
827.73248	1.98575E-08
827.87079	1.98555E-08
828.00909	1.98532E-08
828.14740	1.98506E-08
828.28565	1.98477E-08
828.42395	1.98445E-08
828.56226	1.98410E-08
828.70056	1.98372E-08
828.83887	1.98332E-08
828.97717	1.98290E-08
829.11548	1.98245E-08
829.25378	1.98198E-08
829.39209	1.98149E-08
829.53040	1.98098E-08
829.66870	1.98046E-08
829.80701	1.97991E-08
829.94531	1.97936E-08
830.08356	1.97878E-08
830.22186	1.97820E-08
830.36017	1.97760E-08
830.49847	1.97700E-08
830.63678	1.97639E-08
830.77509	1.97577E-08
830.91339	1.97515E-08
831.05170	1.97453E-08
831.19000	1.97390E-08
831.32831	1.97328E-08
831.46661	1.97265E-08
831.60492	1.97203E-08
831.74323	1.97141E-08
831.88153	1.97080E-08
832.01978	1.97020E-08
832.15808	1.96960E-08
832.29639	1.96902E-08
832.43469	1.96845E-08
832.57300	1.96789E-08
832.71130	1.96734E-08
832.84961	1.96681E-08
832.98792	1.96630E-08
833.12622	1.96581E-08
833.26453	1.96533E-08
833.40283	1.96488E-08
833.54114	1.96444E-08
833.67944	1.96403E-08
833.81769	1.96364E-08
833.95599	1.96328E-08
834.09430	1.96294E-08
834.23261	1.96262E-08
834.37091	1.96234E-08
834.50922	1.96208E-08
834.64752	1.96185E-08
834.78583	1.96165E-08
834.92413	1.96147E-08
835.06244	1.96133E-08
835.20075	1.96122E-08
835.33905	1.96114E-08
835.47736	1.96108E-08
835.61566	1.96106E-08
835.75391	1.96107E-08
835.89221	1.96111E-08
836.03052	1.96119E-08
836.16882	1.96129E-08
836.30713	1.96143E-08
836.44544	1.96159E-08
836.58374	1.96179E-08
836.72205	1.96202E-08
836.86035	1.96228E-08
836.99866	1.96257E-08
837.13696	1.96288E-08
837.27527	1.96323E-08
837.41357	1.96360E-08
837.55182	1.96400E-08
837.69013	1.96443E-08
837.82843	1.96488E-08
837.96674	1.96536E-08
838.10504	1.96587E-08
838.24335	1.96640E-08
838.38165	1.96695E-08
838.51996	1.96752E-08
838.65826	1.96811E-08
838.79657	1.96873E-08
838.93488	1.96936E-08
839.07318	1.97001E-08
839.21149	1.97067E-08
839.34979	1.97136E-08
839.48804	1.97205E-08
839.62634	1.97276E-08
839.76465	1.97348E-08
839.90295	1.97421E-08
840.04126	1.97495E-08
840.17957	1.97570E-08
840.31787	1.97645E-08
840.45618	1.97721E-08
840.59448	1.97797E-08
840.73279	1.97874E-08
840.87109	1.97950E-08
841.00940	1.98027E-08
841.14771	1.98104E-08
841.28595	1.98180E-08
841.42426	1.98256E-08
841.56256	1.98332E-08
841.70087	1.98407E-08
841.83917	1.98481E-08
841.97748	1.98555E-08
842.11578	1.98627E-08
842.25409	1.98698E-08
842.39240	1.98769E-08
842.53070	1.98838E-08
842.66901	1.98905E-08
842.80731	1.98971E-08
842.94562	1.99036E-08
843.08392	1.99099E-08
843.22217	1.99161E-08
843.36047	1.99220E-08
843.49878	1.99278E-08
843.63709	1.99334E-08
843.77539	1.99387E-08
843.91370	1.99439E-08
844.05200	1.99489E-08
844.19031	1.99537E-08
844.32861	1.99583E-08
844.46692	1.99627E-08
844.60523	1.99668E-08
844.74353	1.99708E-08
844.88184	1.99745E-08
845.02014	1.99780E-08
845.15839	1.99813E-08
845.29669	1.99843E-08
845.43500	1.99872E-08
845.57330	1.99898E-08
845.71161	1.99923E-08
845.84992	1.99945E-08
845.98822	1.99965E-08
846.12653	1.99984E-08
846.26483	2.00000E-08
846.40314	2.00014E-08
846.54144	2.00027E-08
846.67975	2.00038E-08
846.81805	2.00047E-08
846.95630	2.00055E-08
847.09460	2.00060E-08
847.23291	2.00065E-08
847.37122	2.00068E-08
847.50952	2.00069E-08
847.64783	2.00070E-08
847.78613	2.00069E-08
847.92444	2.00067E-08
848.06274	2.00064E-08
848.20105	2.00060E-08
848.33936	2.00056E-08
848.47766	2.00050E-08
848.61597	2.00044E-08
848.75427	2.00038E-08
848.89252	2.00030E-08
849.03082	2.00023E-08
849.16913	2.00015E-08
849.30743	2.00007E-08
849.44574	1.99999E-08
849.58405	1.99991E-08
849.72235	1.99983E-08
849.86066	1.99975E-08
849.99896	1.99967E-08
850.13727	1.99960E-08
850.27557	1.99953E-08
850.41388	1.99946E-08
850.55219	1.99940E-08
850.69043	1.99934E-08
850.82874	1.99929E-08
850.96704	1.99924E-08
851.10535	1.99920E-08
851.24365	1.99917E-08
851.38196	1.99914E-08
851.52026	1.99912E-08
851.65857	1.99911E-08
851.79688	1.99911E-08
851.93518	1.99912E-08
852.07349	1.99913E-08
852.21179	1.99916E-08
852.35010	1.99919E-08
852.48840	1.99923E-08
852.62665	1.99928E-08
852.76495	1.99934E-08
852.90326	1.99941E-08
853.04157	1.99948E-08
853.17987	1.99957E-08
853.31818	1.99966E-08
853.45648	1.99976E-08
853.59479	1.99987E-08
853.73309	1.99998E-08
853.87140	2.00011E-08
854.00971	2.00023E-08
854.14801	2.00037E-08
854.28632	2.00051E-08
854.42456	2.00065E-08
854.56287	2.00080E-08
854.70117	2.00096E-08
854.83948	2.00111E-08
854.97778	2.00127E-08
855.11609	2.00143E-08
855.25440	2.00158E-08
855.39270	2.00175E-08
855.53101	2.00190E-08
855.66931	2.00206E-08
855.80762	2.00222E-08
855.94592	2.00237E-08
856.08423	2.00253E-08
856.22253	2.00267E-08
856.36078	2.00282E-08
856.49908	2.00295E-08
856.63739	2.00308E-08
856.77570	2.00321E-08
856.91400	2.00333E-08
857.05231	2.00344E-08
857.19061	2.00354E-08
857.32892	2.00363E-08
857.46722	2.00371E-08
857.60553	2.00378E-08
857.74384	2.00384E-08
857.88214	2.00389E-08
858.02045	2.00392E-08
858.15875	2.00394E-08
858.29700	2.00395E-08
858.43530	2.00395E-08
858.57361	2.00393E-08
858.71191	2.00390E-08
858.85022	2.00386E-08
858.98853	2.00380E-08
859.12683	2.00373E-08
859.26514	2.00364E-08
859.40344	2.00354E-08
859.54175	2.00343E-08
859.68005	2.00330E-08
859.81836	2.00316E-08
859.95667	2.00300E-08
860.09491	2.00283E-08
860.23322	2.00265E-08
860.37152	2.00245E-08
860.50983	2.00224E-08
860.64813	2.00202E-08
860.78644	2.00179E-08
860.92474	2.00155E-08
861.06305	2.00130E-08
861.20136	2.00103E-08
861.33966	2.00076E-08
861.47797	2.00048E-08
861.61627	2.00019E-08
861.75458	1.99990E-08
861.89288	1.99960E-08
862.03113	1.99929E-08
862.16943	1.99898E-08
862.30774	1.99866E-08
862.44605	1.99835E-08
862.58435	1.99803E-08
862.72266	1.99771E-08
862.86096	1.99739E-08
862.99927	1.99708E-08
863.13757	1.99676E-08
863.27588	1.99645E-08
863.41419	1.99615E-08
863.55249	1.99585E-08
863.69080	1.99555E-08
863.82904	1.99526E-08
863.96735	1.99499E-08
864.10565	1.99472E-08
864.24396	1.99446E-08
864.38226	1.99421E-08
864.52057	1.99398E-08
864.65888	1.99376E-08
864.79718	1.99355E-08
864.93549	1.99336E-08
865.07379	1.99318E-08
865.21210	1.99303E-08
865.35040	1.99289E-08
865.48871	1.99277E-08
865.62701	1.99266E-08
865.76526	1.99258E-08
865.90356	1.99252E-08
866.04187	1.99248E-08
866.18018	1.99246E-08
866.31848	1.99247E-08
866.45679	1.99250E-08
866.59509	1.99255E-08
866.73340	1.99262E-08
866.87170	1.99272E-08
867.01001	1.99284E-08
867.14832	1.99299E-08
867.28662	1.99316E-08
867.42493	1.99336E-08
867.56317	1.99358E-08
867.70148	1.99383E-08
867.83978	1.99410E-08
867.97809	1.99440E-08
868.11639	1.99472E-08
868.25470	1.99506E-08
868.39301	1.99543E-08
868.53131	1.99582E-08
868.66962	1.99624E-08
868.80792	1.99668E-08
868.94623	1.99714E-08
869.08453	1.99763E-08
869.22284	1.99813E-08
869.36115	1.99866E-08
869.49939	1.99920E-08
869.63770	1.99976E-08
869.77600	2.00035E-08
869.91431	2.00095E-08
870.05261	2.00156E-08
870.19092	2.00219E-08
870.32922	2.00284E-08
870.46753	2.00350E-08
870.60584	2.00417E-08
870.74414	2.00485E-08
870.88245	2.00555E-08
871.02075	2.00625E-08
871.15906	2.00697E-08
871.29730	2.00768E-08
871.43561	2.00841E-08
871.57391	2.00914E-08
871.71222	2.00987E-08
871.85053	2.01061E-08
871.98883	2.01135E-08
872.12714	2.01209E-08
872.26544	2.01283E-08
872.40375	2.01357E-08
872.54205	2.01430E-08
872.68036	2.01503E-08
872.81867	2.01576E-08
872.95697	2.01648E-08
873.09528	2.01719E-08
873.23352	2.01790E-08
873.37183	2.01860E-08
873.51013	2.01928E-08
873.64844	2.01996E-08
873.78674	2.02062E-08
873.92505	2.02128E-08
874.06335	2.02192E-08
874.20166	2.02254E-08
874.33997	2.02315E-08
874.47827	2.02375E-08
874.61658	2.02433E-08
874.75488	2.02490E-08
874.89319	2.02545E-08
875.03149	2.02598E-08
875.16974	2.02650E-08
875.30804	2.02699E-08
875.44635	2.02748E-08
875.58466	2.02794E-08
875.72296	2.02838E-08
875.86127	2.02881E-08
875.99957	2.02922E-08
876.13788	2.02962E-08
876.27618	2.03000E-08
876.41449	2.03035E-08
876.55280	2.03070E-08
876.69110	2.03102E-08
876.82941	2.03134E-08
876.96765	2.03163E-08
877.10596	2.03192E-08
877.24426	2.03219E-08
877.38257	2.03244E-08
877.52087	2.03269E-08
877.65918	2.03292E-08
877.79749	2.03314E-08
877.93579	2.03336E-08
878.07410	2.03356E-08
878.21240	2.03376E-08
878.35071	2.03395E-08
878.48901	2.03413E-08
878.62732	2.03431E-08
878.76563	2.03449E-08
878.90387	2.03466E-08
879.04218	2.03483E-08
879.18048	2.03500E-08
879.31879	2.03518E-08
879.45709	2.03535E-08
879.59540	2.03553E-08
879.73370	2.03571E-08
879.87201	2.03590E-08
880.01032	2.03610E-08
880.14862	2.03630E-08
880.28693	2.03652E-08
880.42523	2.03674E-08
880.56354	2.03698E-08
880.70178	2.03723E-08
880.84009	2.03749E-08
880.97839	2.03777E-08
881.11670	2.03807E-08
881.25501	2.03838E-08
881.39331	2.03871E-08
881.53162	2.03906E-08
881.66992	2.03943E-08
881.80823	2.03983E-08
881.94653	2.04024E-08
882.08484	2.04067E-08
882.22315	2.04113E-08
882.36145	2.04161E-08
882.49976	2.04212E-08
882.63800	2.04266E-08
882.77631	2.04321E-08
882.91461	2.04380E-08
883.05292	2.04441E-08
883.19122	2.04505E-08
883.32953	2.04571E-08
883.46783	2.04640E-08
883.60614	2.04712E-08
883.74445	2.04787E-08
883.88275	2.04864E-08
884.02106	2.04945E-08
884.15936	2.05028E-08
884.29767	2.05113E-08
884.43591	2.05202E-08
884.57422	2.05293E-08
884.71252	2.05387E-08
884.85083	2.05483E-08
884.98914	2.05582E-08
885.12744	2.05684E-08
885.26575	2.05788E-08
885.40405	2.05894E-08
885.54236	2.06002E-08
885.68066	2.06113E-08
885.81897	2.06226E-08
885.95728	2.06341E-08
886.09558	2.06458E-08
886.23389	2.06576E-08
886.37213	2.06697E-08
886.51044	2.06819E-08
886.64874	2.06943E-08
886.78705	2.07067E-08
886.92535	2.07194E-08
887.06366	2.07321E-08
887.20197	2.07450E-08
887.34027	2.07579E-08
887.47858	2.07709E-08
887.61688	2.07840E-08
887.75519	2.07972E-08
887.89349	2.08103E-08
888.03180	2.08235E-08
888.17011	2.08367E-08
888.30835	2.08499E-08
888.44666	2.08631E-08
888.58496	2.08762E-08
888.72327	2.08893E-08
888.86157	2.09023E-08
888.99988	2.09153E-08
889.13818	2.09281E-08
889.27649	2.09409E-08
889.41480	2.09536E-08
889.55310	2.09661E-08
889.69141	2.09785E-08
889.82971	2.09908E-08
889.96802	2.10028E-08
890.10626	2.10147E-08
890.24457	2.10265E-08
890.38287	2.10380E-08
890.52118	2.10493E-08
890.65949	2.10603E-08
890.79779	2.10712E-08
890.93610	2.10818E-08
891.07440	2.10922E-08
891.21271	2.11023E-08
891.35101	2.11122E-08
891.48932	2.11217E-08
891.62763	2.11311E-08
891.76593	2.11401E-08
891.90424	2.11488E-08
892.04248	2.11573E-08
892.18079	2.11655E-08
892.31909	2.11734E-08
892.45740	2.11810E-08
892.59570	2.11883E-08
892.73401	2.11953E-08
892.87231	2.12020E-08
893.01062	2.12084E-08
893.14893	2.12146E-08
893.28723	2.12204E-08
893.42554	2.12260E-08
893.56384	2.12312E-08
893.70215	2.12362E-08
893.84039	2.12409E-08
893.97870	2.12453E-08
894.11700	2.12495E-08
894.25531	2.12533E-08
894.39362	2.12570E-08
894.53192	2.12604E-08
894.67023	2.12635E-08
894.80853	2.12665E-08
894.94684	2.12692E-08
895.08514	2.12716E-08
895.22345	2.12739E-08
895.36176	2.12760E-08
895.50006	2.12779E-08
895.63837	2.12796E-08
895.77661	2.12811E-08
895.91492	2.12825E-08
896.05322	2.12838E-08
896.19153	2.12849E-08
896.32983	2.12858E-08
896.46814	2.12867E-08
896.60645	2.12874E-08
896.74475	2.12881E-08
896.88306	2.12886E-08
897.02136	2.12891E-08
897.15967	2.12895E-08
897.29797	2.12899E-08
897.43628	2.12902E-08
897.57452	2.12905E-08
897.71283	2.12907E-08
897.85114	2.12909E-08
897.98944	2.12912E-08
898.12775	2.12914E-08
898.26605	2.12916E-08
898.40436	2.12919E-08
898.54266	2.12922E-08
898.68097	2.12925E-08
898.81928	2.12929E-08
898.95758	2.12934E-08
899.09589	2.12938E-08
899.23419	2.12944E-08
899.37250	2.12950E-08
899.51074	2.12957E-08
899.64905	2.12965E-08
899.78735	2.12974E-08
899.92566	2.12983E-08
900.06397	2.12994E-08
900.20227	2.13006E-08
900.34058	2.13018E-08
900.47888	2.13032E-08
900.61719	2.13048E-08
900.75549	2.13064E-08
900.89380	2.13082E-08
901.03210	2.13100E-08
901.17041	2.13120E-08
901.30866	2.13141E-08
901.44696	2.13164E-08
901.58527	2.13188E-08
901.72357	2.13213E-08
901.86188	2.13240E-08
902.00018	2.13268E-08
902.13849	2.13297E-08
902.27679	2.13328E-08
902.41510	2.13360E-08
902.55341	2.13393E-08
902.69171	2.13427E-08
902.83002	2.13463E-08
902.96832	2.13500E-08
903.10663	2.13538E-08
903.24487	2.13577E-08
903.38318	2.13618E-08
903.52148	2.13660E-08
903.65979	2.13702E-08
903.79810	2.13746E-08
903.93640	2.13791E-08
904.07471	2.13837E-08
904.21301	2.13883E-08
904.35132	2.13931E-08
904.48962	2.13980E-08
904.62793	2.14030E-08
904.76624	2.14080E-08
904.90454	2.14132E-08
905.04285	2.14184E-08
905.18109	2.14237E-08
905.31940	2.14290E-08
905.45770	2.14344E-08
905.59601	2.14399E-08
905.73431	2.14454E-08
905.87262	2.14510E-08
906.01093	2.14567E-08
906.14923	2.14624E-08
906.28754	2.14682E-08
906.42584	2.14740E-08
906.56415	2.14799E-08
906.70245	2.14858E-08
906.84076	2.14917E-08
906.97900	2.14977E-08
907.11731	2.15037E-08
907.25562	2.15098E-08
907.39392	2.15159E-08
907.53223	2.15220E-08
907.67053	2.15281E-08
907.80884	2.15343E-08
907.94714	2.15404E-08
908.08545	2.15467E-08
908.22376	2.15529E-08
908.36206	2.15591E-08
908.50037	2.15654E-08
908.63867	2.15717E-08
908.77698	2.15780E-08
908.91522	2.15844E-08
909.05353	2.15907E-08
909.19183	2.15971E-08
909.33014	2.16035E-08
909.46845	2.16099E-08
909.60675	2.16164E-08
909.74506	2.16229E-08
909.88336	2.16293E-08
910.02167	2.16359E-08
910.15997	2.16424E-08
910.29828	2.16490E-08
910.43658	2.16555E-08
910.57489	2.16622E-08
910.71314	2.16688E-08
910.85144	2.16754E-08
910.98975	2.16821E-08
911.12805	2.16888E-08
911.26636	2.16955E-08
911.40466	2.17023E-08
911.54297	2.17090E-08
911.68127	2.17158E-08
911.81958	2.17227E-08
911.95789	2.17295E-08
912.09619	2.17364E-08
912.23450	2.17433E-08
912.37280	2.17503E-08
912.51111	2.17572E-08
912.64935	2.17642E-08
912.78766	2.17712E-08
912.92596	2.17782E-08
913.06427	2.17852E-08
913.20258	2.17923E-08
913.34088	2.17994E-08
913.47919	2.18065E-08
913.61749	2.18136E-08
913.75580	2.18207E-08
913.89410	2.18279E-08
914.03241	2.18350E-08
914.17072	2.18422E-08
914.30902	2.18494E-08
914.44727	2.18566E-08
914.58557	2.18637E-08
914.72388	2.18709E-08
914.86218	2.18781E-08
915.00049	2.18852E-08
915.13879	2.18924E-08
915.27710	2.18995E-08
915.41541	2.19067E-08
915.55371	2.19138E-08
915.69202	2.19209E-08
915.83032	2.19280E-08
915.96863	2.19351E-08
916.10693	2.19421E-08
916.24524	2.19491E-08
916.38348	2.19561E-08
916.52179	2.19631E-08
916.66010	2.19700E-08
916.79840	2.19769E-08
916.93671	2.19838E-08
917.07501	2.19906E-08
917.21332	2.19973E-08
917.35162	2.20041E-08
917.48993	2.20107E-08
917.62824	2.20173E-08
917.76654	2.20239E-08
917.90485	2.20304E-08
918.04315	2.20369E-08
918.18146	2.20433E-08
918.31970	2.20496E-08
918.45801	2.20559E-08
918.59631	2.20622E-08
918.73462	2.20684E-08
918.87293	2.20745E-08
919.01123	2.20806E-08
919.14954	2.20866E-08
919.28784	2.20926E-08
919.42615	2.20985E-08
919.56445	2.21044E-08
919.70276	2.21102E-08
919.84106	2.21160E-08
919.97937	2.21217E-08
920.11762	2.21273E-08
920.25592	2.21330E-08
920.39423	2.21385E-08
920.53253	2.21441E-08
920.67084	2.21496E-08
920.80914	2.21550E-08
920.94745	2.21605E-08
921.08575	2.21659E-08
921.22406	2.21712E-08
921.36237	2.21766E-08
921.50067	2.21819E-08
921.63898	2.21873E-08
921.77728	2.21926E-08
921.91559	2.21979E-08
922.05383	2.22031E-08
922.19214	2.22084E-08
922.33044	2.22137E-08
922.46875	2.22190E-08
922.60706	2.22243E-08
922.74536	2.22297E-08
922.88367	2.22350E-08
923.02197	2.22404E-08
923.16028	2.22458E-08
923.29858	2.22512E-08
923.43689	2.22567E-08
923.57520	2.22622E-08
923.71350	2.22678E-08
923.85175	2.22734E-08
923.99005	2.22791E-08
924.12836	2.22848E-08
924.26666	2.22906E-08
924.40497	2.22965E-08
924.54327	2.23024E-08
924.68158	2.23084E-08
924.81989	2.23145E-08
924.95819	2.23206E-08
925.09650	2.23268E-08
925.23480	2.23332E-08
925.37311	2.23396E-08
925.51141	2.23461E-08
925.64972	2.23527E-08
925.78796	2.23594E-08
925.92627	2.23662E-08
926.06458	2.23730E-08
926.20288	2.23800E-08
926.34119	2.23871E-08
926.47949	2.23942E-08
926.61780	2.24015E-08
926.75610	2.24088E-08
926.89441	2.24162E-08
927.03272	2.24237E-08
927.17102	2.24313E-08
927.30933	2.24390E-08
927.44763	2.24467E-08
927.58588	2.24546E-08
927.72418	2.24625E-08
927.86249	2.24705E-08
928.00079	2.24785E-08
928.13910	2.24866E-08
928.27741	2.24948E-08
928.41571	2.25030E-08
928.55402	2.25112E-08
928.69232	2.25195E-08
928.83063	2.25279E-08
928.96893	2.25362E-08
929.10724	2.25446E-08
929.24554	2.25530E-08
929.38385	2.25613E-08
929.52210	2.25697E-08
929.66040	2.25781E-08
929.79871	2.25865E-08
929.93701	2.25949E-08
930.07532	2.26032E-08
930.21362	2.26115E-08
930.35193	2.26198E-08
930.49023	2.26280E-08
930.62854	2.26362E-08
930.76685	2.26443E-08
930.90515	2.26523E-08
931.04346	2.26603E-08
931.18176	2.26682E-08
931.32001	2.26761E-08
931.45831	2.26838E-08
931.59662	2.26915E-08
931.73492	2.26990E-08
931.87323	2.27065E-08
932.01154	2.27138E-08
932.14984	2.27211E-08
932.28815	2.27282E-08
932.42645	2.27352E-08
932.56476	2.27421E-08
932.70306	2.27489E-08
932.84137	2.27555E-08
932.97968	2.27621E-08
933.11798	2.27685E-08
933.25623	2.27748E-08
933.39453	2.27810E-08
933.53284	2.27870E-08
933.67114	2.27930E-08
933.80945	2.27988E-08
933.94775	2.28045E-08
934.08606	2.28101E-08
934.22437	2.28156E-08
934.36267	2.28209E-08
934.50098	2.28262E-08
934.63928	2.28314E-08
934.77759	2.28364E-08
934.91589	2.28414E-08
935.05420	2.28463E-08
935.19244	2.28511E-08
935.33075	2.28559E-08
935.46906	2.28606E-08
935.60736	2.28652E-08
935.74567	2.28698E-08
935.88397	2.28744E-08
936.02228	2.28789E-08
936.16058	2.28835E-08
936.29889	2.28880E-08
936.43720	2.28925E-08
936.57550	2.28970E-08
936.71381	2.29015E-08
936.85211	2.29061E-08
936.99036	2.29107E-08
937.12866	2.29153E-08
937.26697	2.29200E-08
937.40527	2.29248E-08
937.54358	2.29297E-08
937.68189	2.29346E-08
937.82019	2.29397E-08
937.95850	2.29449E-08
938.09680	2.29502E-08
938.23511	2.29556E-08
938.37341	2.29611E-08
938.51172	2.29669E-08
938.65002	2.29727E-08
938.78833	2.29787E-08
938.92658	2.29849E-08
939.06488	2.29913E-08
939.20319	2.29979E-08
939.34149	2.30046E-08
939.47980	2.30116E-08
939.61810	2.30188E-08
939.75641	2.30262E-08
939.89471	2.30338E-08
940.03302	2.30416E-08
940.17133	2.30497E-08
940.30963	2.30580E-08
940.44794	2.30665E-08
940.58624	2.30752E-08
940.72449	2.30842E-08
940.86279	2.30934E-08
941.00110	2.31028E-08
941.13940	2.31125E-08
941.27771	2.31224E-08
941.41602	2.31325E-08
941.55432	2.31428E-08
941.69263	2.31533E-08
941.83093	2.31640E-08
941.96924	2.31749E-08
942.10754	2.31860E-08
942.24585	2.31973E-08
942.38416	2.32087E-08
942.52246	2.32203E-08
942.66071	2.32320E-08
942.79901	2.32439E-08
942.93732	2.32558E-08
943.07562	2.32679E-08
943.21393	2.32801E-08
943.35223	2.32923E-08
943.49054	2.33046E-08
943.62885	2.33169E-08
943.76715	2.33293E-08
943.90546	2.33417E-08
944.04376	2.33540E-08
944.18207	2.33664E-08
944.32037	2.33786E-08
944.45862	2.33908E-08
944.59692	2.34030E-08
944.73523	2.34149E-08
944.87354	2.34268E-08
945.01184	2.34385E-08
945.15015	2.34501E-08
945.28845	2.34614E-08
945.42676	2.34726E-08
945.56506	2.34835E-08
945.70337	2.34942E-08
945.84168	2.35046E-08
945.97998	2.35148E-08
946.11829	2.35246E-08
946.25659	2.35341E-08
946.39484	2.35432E-08
946.53314	2.35521E-08
946.67145	2.35605E-08
946.80975	2.35686E-08
946.94806	2.35763E-08
947.08637	2.35835E-08
947.22467	2.35904E-08
947.36298	2.35968E-08
947.50128	2.36028E-08
947.63959	2.36083E-08
947.77789	2.36134E-08
947.91620	2.36180E-08
948.05450	2.36222E-08
948.19281	2.36259E-08
948.33106	2.36291E-08
948.46936	2.36318E-08
948.60767	2.36341E-08
948.74597	2.36358E-08
948.88428	2.36371E-08
949.02258	2.36380E-08
949.16089	2.36383E-08
949.29919	2.36383E-08
949.43750	2.36377E-08
949.57581	2.36367E-08
949.71411	2.36353E-08
949.85242	2.36335E-08
949.99072	2.36312E-08
950.12897	2.36286E-08
950.26727	2.36255E-08
950.40558	2.36221E-08
950.54388	2.36183E-08
950.68219	2.36142E-08
950.82050	2.36097E-08
950.95880	2.36049E-08
951.09711	2.35999E-08
951.23541	2.35946E-08
951.37372	2.35890E-08
951.51202	2.35832E-08
951.65033	2.35772E-08
951.78864	2.35710E-08
951.92694	2.35646E-08
952.06519	2.35581E-08
952.20349	2.35515E-08
952.34180	2.35447E-08
952.48010	2.35380E-08
952.61841	2.35311E-08
952.75671	2.35243E-08
952.89502	2.35174E-08
953.03333	2.35106E-08
953.17163	2.35038E-08
953.30994	2.34970E-08
953.44824	2.34904E-08
953.58655	2.34839E-08
953.72485	2.34776E-08
953.86310	2.34714E-08
954.00140	2.34654E-08
954.13971	2.34597E-08
954.27802	2.34542E-08
954.41632	2.34490E-08
954.55463	2.34440E-08
954.69293	2.34394E-08
954.83124	2.34351E-08
954.96954	2.34311E-08
955.10785	2.34276E-08
955.24616	2.34244E-08
955.38446	2.34216E-08
955.52277	2.34192E-08
955.66107	2.34174E-08
955.79932	2.34160E-08
955.93762	2.34150E-08
956.07593	2.34146E-08
956.21423	2.34147E-08
956.35254	2.34153E-08
956.49085	2.34164E-08
956.62915	2.34181E-08
956.76746	2.34203E-08
956.90576	2.34231E-08
957.04407	2.34266E-08
957.18237	2.34305E-08
957.32068	2.34351E-08
957.45898	2.34403E-08
957.59723	2.34460E-08
957.73554	2.34524E-08
957.87384	2.34594E-08
958.01215	2.34670E-08
958.15045	2.34752E-08
958.28876	2.34839E-08
958.42706	2.34933E-08
958.56537	2.35033E-08
958.70367	2.35139E-08
958.84198	2.35250E-08
958.98029	2.35367E-08
959.11859	2.35490E-08
959.25690	2.35618E-08
959.39520	2.35751E-08
959.53345	2.35890E-08
959.67175	2.36034E-08
959.81006	2.36183E-08
959.94836	2.36336E-08
960.08667	2.36495E-08
960.22498	2.36657E-08
960.36328	2.36824E-08
960.50159	2.36994E-08
960.63989	2.37169E-08
960.77820	2.37347E-08
960.91650	2.37528E-08
961.05481	2.37712E-08
961.19312	2.37899E-08
961.33136	2.38089E-08
961.46967	2.38280E-08
961.60797	2.38474E-08
961.74628	2.38670E-08
961.88458	2.38867E-08
962.02289	2.39065E-08
962.16119	2.39264E-08
962.29950	2.39463E-08
962.43781	2.39663E-08
962.57611	2.39863E-08
962.71442	2.40063E-08
962.85272	2.40262E-08
962.99103	2.40460E-08
963.12933	2.40657E-08
963.26758	2.40852E-08
963.40588	2.41046E-08
963.54419	2.41238E-08
963.68250	2.41427E-08
963.82080	2.41615E-08
963.95911	2.41799E-08
964.09741	2.41981E-08
964.23572	2.42159E-08
964.37402	2.42334E-08
964.51233	2.42505E-08
964.65064	2.42673E-08
964.78894	2.42836E-08
964.92725	2.42996E-08
965.06555	2.43151E-08
965.20380	2.43301E-08
965.34210	2.43447E-08
965.48041	2.43588E-08
965.61871	2.43724E-08
965.75702	2.43856E-08
965.89533	2.43982E-08
966.03363	2.44103E-08
966.17194	2.44219E-08
966.31024	2.44330E-08
966.44855	2.44436E-08
966.58685	2.44536E-08
966.72516	2.44631E-08
966.86346	2.44721E-08
967.00171	2.44806E-08
967.14002	2.44886E-08
967.27832	2.44960E-08
967.41663	2.45030E-08
967.55493	2.45095E-08
967.69324	2.45155E-08
967.83154	2.45211E-08
967.96985	2.45262E-08
968.10815	2.45308E-08
968.24646	2.45351E-08
968.38477	2.45390E-08
968.52307	2.45424E-08
968.66138	2.45455E-08
968.79968	2.45482E-08
968.93793	2.45506E-08
969.07623	2.45527E-08
969.21454	2.45545E-08
969.35284	2.45560E-08
969.49115	2.45573E-08
969.62946	2.45583E-08
969.76776	2.45591E-08
969.90607	2.45598E-08
970.04437	2.45603E-08
970.18268	2.45606E-08
970.32098	2.45609E-08
970.45929	2.45610E-08
970.59760	2.45611E-08
970.73584	2.45611E-08
970.87415	2.45611E-08
971.01245	2.45611E-08
971.15076	2.45611E-08
971.28906	2.45612E-08
971.42737	2.45613E-08
971.56567	2.45616E-08
971.70398	2.45619E-08
971.84229	2.45623E-08
971.98059	2.45629E-08
972.11890	2.45637E-08
972.25720	2.45646E-08
972.39551	2.45657E-08
972.53381	2.45671E-08
972.67206	2.45686E-08
972.81036	2.45704E-08
972.94867	2.45725E-08
973.08698	2.45748E-08
973.22528	2.45774E-08
973.36359	2.45803E-08
973.50189	2.45835E-08
973.64020	2.45870E-08
973.77850	2.45909E-08
973.91681	2.45950E-08
974.05512	2.45995E-08
974.19342	2.46043E-08
974.33173	2.46094E-08
974.46997	2.46149E-08
974.60828	2.46207E-08
974.74658	2.46268E-08
974.88489	2.46333E-08
975.02319	2.46401E-08
975.16150	2.46473E-08
975.29981	2.46548E-08
975.43811	2.46626E-08
975.57642	2.46707E-08
975.71472	2.46792E-08
975.85303	2.46879E-08
975.99133	2.46969E-08
976.12964	2.47063E-08
976.26794	2.47159E-08
976.40619	2.47257E-08
976.54450	2.47358E-08
976.68280	2.47462E-08
976.82111	2.47568E-08
976.95941	2.47676E-08
977.09772	2.47786E-08
977.23602	2.47898E-08
977.37433	2.48012E-08
977.51263	2.48128E-08
977.65094	2.48245E-08
977.78925	2.48363E-08
977.92755	2.48483E-08
978.06586	2.48603E-08
978.20416	2.48725E-08
978.34241	2.48847E-08
978.48071	2.48970E-08
978.61902	2.49094E-08
978.75732	2.49218E-08
978.89563	2.49342E-08
979.03394	2.49466E-08
979.17224	2.49590E-08
979.31055	2.49714E-08
979.44885	2.49838E-08
979.58716	2.49961E-08
979.72546	2.50084E-08
979.86377	2.50206E-08
980.00208	2.50328E-08
980.14032	2.50448E-08
980.27863	2.50568E-08
980.41693	2.50687E-08
980.55524	2.50805E-08
980.69354	2.50921E-08
980.83185	2.51037E-08
980.97015	2.51151E-08
981.10846	2.51264E-08
981.24677	2.51376E-08
981.38507	2.51486E-08
981.52338	2.51595E-08
981.66168	2.51703E-08
981.79999	2.51809E-08
981.93829	2.51914E-08
982.07654	2.52018E-08
982.21484	2.52121E-08
982.35315	2.52222E-08
982.49146	2.52322E-08
982.62976	2.52421E-08
982.76807	2.52519E-08
982.90637	2.52616E-08
983.04468	2.52712E-08
983.18298	2.52807E-08
983.32129	2.52902E-08
983.45960	2.52996E-08
983.59790	2.53089E-08
983.73621	2.53182E-08
983.87445	2.53274E-08
984.01276	2.53367E-08
984.15106	2.53459E-08
984.28937	2.53552E-08
984.42767	2.53645E-08
984.56598	2.53738E-08
984.70429	2.53831E-08
984.84259	2.53926E-08
984.98090	2.54021E-08
985.11920	2.54117E-08
985.25751	2.54214E-08
985.39581	2.54313E-08
985.53412	2.54413E-08
985.67242	2.54514E-08
985.81067	2.54618E-08
985.94898	2.54723E-08
986.08728	2.54830E-08
986.22559	2.54939E-08
986.36389	2.55050E-08
986.50220	2.55164E-08
986.64050	2.55280E-08
986.77881	2.55399E-08
986.91711	2.55520E-08
987.05542	2.55645E-08
987.19373	2.55772E-08
987.33203	2.55903E-08
987.47034	2.56036E-08
987.60858	2.56173E-08
987.74689	2.56313E-08
987.88519	2.56456E-08
988.02350	2.56602E-08
988.16180	2.56752E-08
988.30011	2.56905E-08
988.43842	2.57062E-08
988.57672	2.57222E-08
988.71503	2.57385E-08
988.85333	2.57552E-08
988.99164	2.57722E-08
989.12994	2.57895E-08
989.26825	2.58072E-08
989.40656	2.58251E-08
989.54480	2.58434E-08
989.68311	2.58620E-08
989.82141	2.58809E-08
989.95972	2.59000E-08
990.09802	2.59194E-08
990.23633	2.59390E-08
990.37463	2.59589E-08
990.51294	2.59791E-08
990.65125	2.59994E-08
990.78955	2.60199E-08
990.92786	2.60406E-08
991.06616	2.60614E-08
991.20447	2.60824E-08
991.34277	2.61035E-08
991.48102	2.61247E-08
991.61932	2.61459E-08
991.75763	2.61672E-08
991.89594	2.61885E-08
992.03424	2.62098E-08
992.17255	2.62312E-08
992.31085	2.62524E-08
992.44916	2.62736E-08
992.58746	2.62947E-08
992.72577	2.63156E-08
992.86408	2.63364E-08
993.00238	2.63571E-08
993.14069	2.63775E-08
993.27893	2.63977E-08
993.41724	2.64177E-08
993.55554	2.64375E-08
993.69385	2.64569E-08
993.83215	2.64761E-08
993.97046	2.64949E-08
994.10877	2.65133E-08
994.24707	2.65314E-08
994.38538	2.65491E-08
994.52368	2.65664E-08
994.66199	2.65833E-08
994.80029	2.65997E-08
994.93860	2.66157E-08
995.07690	2.66312E-08
995.21515	2.66462E-08
995.35346	2.66607E-08
995.49176	2.66748E-08
995.63007	2.66883E-08
995.76837	2.67013E-08
995.90668	2.67138E-08
996.04498	2.67257E-08
996.18329	2.67371E-08
996.32159	2.67480E-08
996.45990	2.67584E-08
996.59821	2.67682E-08
996.73651	2.67775E-08
996.87482	2.67862E-08
997.01306	2.67945E-08
997.15137	2.68022E-08
997.28967	2.68094E-08
997.42798	2.68162E-08
997.56628	2.68225E-08
997.70459	2.68284E-08
997.84290	2.68337E-08
997.98120	2.68387E-08
998.11951	2.68432E-08
998.25781	2.68474E-08
998.39612	2.68511E-08
998.53442	2.68545E-08
998.67273	2.68576E-08
998.81104	2.68604E-08
998.94928	2.68629E-08
999.08759	2.68652E-08
999.22589	2.68672E-08
999.36420	2.68690E-08
999.50250	2.68707E-08
999.64081	2.68722E-08
999.77911	2.68736E-08
999.91742	2.68749E-08
1000.05573	2.68762E-08
1000.19403	2.68775E-08
1000.33234	2.68788E-08
1000.47064	2.68801E-08
1000.60895	2.68815E-08
1000.74719	2.68830E-08
1000.88550	2.68846E-08
1001.02380	2.68865E-08
1001.16211	2.68884E-08
1001.30042	2.68907E-08
1001.43872	2.68932E-08
1001.57703	2.68960E-08
1001.71533	2.68992E-08
1001.85364	2.69027E-08
1001.99194	2.69066E-08
1002.13025	2.69109E-08
1002.26856	2.69156E-08
1002.40686	2.69209E-08
1002.54517	2.69266E-08
1002.68341	2.69328E-08
1002.82172	2.69397E-08
1002.96002	2.69470E-08
1003.09833	2.69550E-08
1003.23663	2.69636E-08
1003.37494	2.69728E-08
1003.51325	2.69827E-08
1003.65155	2.69933E-08
1003.78986	2.70045E-08
1003.92816	2.70164E-08
1004.06647	2.70291E-08
1004.20477	2.70424E-08
1004.34308	2.70565E-08
1004.48132	2.70713E-08
1004.61963	2.70869E-08
1004.75794	2.71032E-08
1004.89624	2.71202E-08
1005.03455	2.71381E-08
1005.17285	2.71566E-08
1005.31116	2.71760E-08
1005.44946	2.71960E-08
1005.58777	2.72168E-08
1005.72607	2.72384E-08
1005.86438	2.72606E-08
1006.00269	2.72836E-08
1006.14099	2.73074E-08
1006.27930	2.73317E-08
1006.41754	2.73568E-08
1006.55585	2.73826E-08
1006.69415	2.74090E-08
1006.83246	2.74361E-08
1006.97076	2.74638E-08
1007.10907	2.74920E-08
1007.24738	2.75209E-08
1007.38568	2.75503E-08
1007.52399	2.75802E-08
1007.66229	2.76107E-08
1007.80060	2.76416E-08
1007.93890	2.76730E-08
1008.07721	2.77048E-08
1008.21552	2.77371E-08
1008.35376	2.77696E-08
1008.49207	2.78026E-08
1008.63037	2.78359E-08
1008.76868	2.78695E-08
1008.90698	2.79034E-08
1009.04529	2.79375E-08
1009.18359	2.79718E-08
1009.32190	2.80063E-08
1009.46021	2.80410E-08
1009.59851	2.80758E-08
1009.73682	2.81107E-08
1009.87512	2.81456E-08
1010.01343	2.81806E-08
1010.15167	2.82157E-08
1010.28998	2.82507E-08
1010.42828	2.82858E-08
1010.56659	2.83207E-08
1010.70490	2.83556E-08
1010.84320	2.83905E-08
1010.98151	2.84252E-08
1011.11981	2.84597E-08
1011.25812	2.84941E-08
1011.39642	2.85284E-08
1011.53473	2.85624E-08
1011.67304	2.85963E-08
1011.81134	2.86299E-08
1011.94965	2.86633E-08
1012.08789	2.86965E-08
1012.22620	2.87294E-08
1012.36450	2.87621E-08
1012.50281	2.87945E-08
1012.64111	2.88266E-08
1012.77942	2.88584E-08
1012.91773	2.88900E-08
1013.05603	2.89212E-08
1013.19434	2.89522E-08
1013.33264	2.89829E-08
1013.47095	2.90132E-08
1013.60925	2.90433E-08
1013.74756	2.90731E-08
1013.88580	2.91027E-08
1014.02411	2.91319E-08
1014.16242	2.91609E-08
1014.30072	2.91896E-08
1014.43903	2.92181E-08
1014.57733	2.92464E-08
1014.71564	2.92744E-08
1014.85394	2.93023E-08
1014.99225	2.93299E-08
1015.13055	2.93574E-08
1015.26886	2.93847E-08
1015.40717	2.94119E-08
1015.54547	2.94390E-08
1015.68378	2.94659E-08
1015.82202	2.94927E-08
1015.96033	2.95195E-08
1016.09863	2.95462E-08
1016.23694	2.95729E-08
1016.37524	2.95996E-08
1016.51355	2.96262E-08
1016.65186	2.96529E-08
1016.79016	2.96797E-08
1016.92847	2.97065E-08
1017.06677	2.97334E-08
1017.20508	2.97604E-08
1017.34338	2.97875E-08
1017.48169	2.98148E-08
1017.61993	2.98423E-08
1017.75824	2.98699E-08
1017.89655	2.98977E-08
1018.03485	2.99258E-08
1018.17316	2.99541E-08
1018.31146	2.99826E-08
1018.44977	3.00114E-08
1018.58807	3.00405E-08
1018.72638	3.00698E-08
1018.86469	3.00994E-08
1019.00299	3.01294E-08
1019.14130	3.01596E-08
1019.27960	3.01902E-08
1019.41791	3.02210E-08
1019.55615	3.02523E-08
1019.69446	3.02838E-08
1019.83276	3.03157E-08
1019.97107	3.03479E-08
1020.10938	3.03804E-08
1020.24768	3.04133E-08
1020.38599	3.04464E-08
1020.52429	3.04799E-08
1020.66260	3.05137E-08
1020.80090	3.05478E-08
1020.93921	3.05822E-08
1021.07752	3.06168E-08
1021.21582	3.06517E-08
1021.35413	3.06869E-08
1021.49237	3.07222E-08
1021.63068	3.07578E-08
1021.76898	3.07936E-08
1021.90729	3.08295E-08
1022.04559	3.08655E-08
1022.18390	3.09017E-08
1022.32221	3.09379E-08
1022.46051	3.09743E-08
1022.59882	3.10106E-08
1022.73712	3.10469E-08
1022.87543	3.10832E-08
1023.01373	3.11195E-08
1023.15204	3.11556E-08
1023.29028	3.11916E-08
1023.42859	3.12275E-08
1023.56690	3.12632E-08
1023.70520	3.12987E-08
1023.84351	3.13339E-08
1023.98181	3.13688E-08
1024.12012	3.14035E-08
1024.25842	3.14377E-08
1024.39673	3.14716E-08
1024.53503	3.15051E-08
1024.67334	3.15381E-08
1024.81165	3.15706E-08
1024.94995	3.16025E-08
1025.08826	3.16340E-08
1025.22656	3.16649E-08
1025.36487	3.16951E-08
1025.50317	3.17247E-08
1025.64148	3.17537E-08
1025.77979	3.17820E-08
1025.91809	3.18096E-08
1026.05627	3.18365E-08
1026.19458	3.18626E-08
1026.33289	3.18879E-08
1026.47119	3.19125E-08
1026.60950	3.19363E-08
1026.74780	3.19593E-08
1026.88611	3.19815E-08
1027.02441	3.20028E-08
1027.16272	3.20234E-08
1027.30103	3.20431E-08
1027.43933	3.20619E-08
1027.57764	3.20799E-08
1027.71594	3.20971E-08
1027.85425	3.21134E-08
1027.99255	3.21290E-08
1028.13086	3.21436E-08
1028.26917	3.21575E-08
1028.40747	3.21706E-08
1028.54578	3.21829E-08
1028.68408	3.21945E-08
1028.82239	3.22053E-08
1028.96069	3.22153E-08
1029.09900	3.22247E-08
1029.23731	3.22333E-08
1029.37561	3.22413E-08
1029.51392	3.22487E-08
1029.65222	3.22554E-08
1029.79053	3.22616E-08
1029.92871	3.22672E-08
1030.06702	3.22723E-08
1030.20532	3.22769E-08
1030.34363	3.22811E-08
1030.48193	3.22848E-08
1030.62024	3.22882E-08
1030.75855	3.22912E-08
1030.89685	3.22939E-08
1031.03516	3.22963E-08
1031.17346	3.22985E-08
1031.31177	3.23005E-08
1031.45007	3.23023E-08
1031.58838	3.23040E-08
1031.72669	3.23057E-08
1031.86499	3.23072E-08
1032.00330	3.23088E-08
1032.14160	3.23103E-08
1032.27991	3.23120E-08
1032.41821	3.23137E-08
1032.55652	3.23156E-08
1032.69482	3.23176E-08
1032.83313	3.23199E-08
1032.97144	3.23224E-08
1033.10974	3.23251E-08
1033.24805	3.23281E-08
1033.38635	3.23315E-08
1033.52466	3.23352E-08
1033.66284	3.23392E-08
1033.80115	3.23436E-08
1033.93945	3.23485E-08
1034.07776	3.23538E-08
1034.21606	3.23595E-08
1034.35437	3.23658E-08
1034.49268	3.23725E-08
1034.63098	3.23797E-08
1034.76929	3.23874E-08
1034.90759	3.23957E-08
1035.04590	3.24045E-08
1035.18420	3.24138E-08
1035.32251	3.24236E-08
1035.46082	3.24339E-08
1035.59912	3.24448E-08
1035.73743	3.24562E-08
1035.87573	3.24682E-08
1036.01404	3.24807E-08
1036.15234	3.24936E-08
1036.29065	3.25071E-08
1036.42896	3.25211E-08
1036.56726	3.25354E-08
1036.70557	3.25502E-08
1036.84387	3.25655E-08
1036.98218	3.25811E-08
1037.12048	3.25971E-08
1037.25879	3.26135E-08
1037.39697	3.26302E-08
1037.53528	3.26472E-08
1037.67358	3.26644E-08
1037.81189	3.26819E-08
1037.95020	3.26995E-08
1038.08850	3.27173E-08
1038.22681	3.27353E-08
1038.36511	3.27534E-08
1038.50342	3.27714E-08
1038.64172	3.27896E-08
1038.78003	3.28077E-08
1038.91834	3.28257E-08
1039.05664	3.28437E-08
1039.19495	3.28615E-08
1039.33325	3.28791E-08
1039.47156	3.28965E-08
1039.60986	3.29137E-08
1039.74817	3.29306E-08
1039.88648	3.29471E-08
1040.02478	3.29633E-08
1040.16309	3.29790E-08
1040.30139	3.29944E-08
1040.43970	3.30093E-08
1040.57800	3.30236E-08
1040.71631	3.30375E-08
1040.85461	3.30507E-08
1040.99292	3.30634E-08
1041.13110	3.30754E-08
1041.26941	3.30868E-08
1041.40772	3.30976E-08
1041.54602	3.31076E-08
1041.68433	3.31169E-08
1041.82263	3.31255E-08
1041.96094	3.31334E-08
1042.09924	3.31405E-08
1042.23755	3.31468E-08
1042.37585	3.31524E-08
1042.51416	3.31572E-08
1042.65247	3.31612E-08
1042.79077	3.31645E-08
1042.92908	3.31669E-08
1043.06738	3.31686E-08
1043.20569	3.31696E-08
1043.34399	3.31697E-08
1043.48230	3.31692E-08
1043.62061	3.31679E-08
1043.75891	3.31659E-08
1043.89722	3.31632E-08
1044.03552	3.31598E-08
1044.17383	3.31558E-08
1044.31213	3.31512E-08
1044.45044	3.31460E-08
1044.58875	3.31402E-08
1044.72705	3.31339E-08
1044.86523	3.31272E-08
1045.00354	3.31199E-08
1045.14185	3.31123E-08
1045.28015	3.31043E-08
1045.41846	3.30960E-08
1045.55676	3.30874E-08
1045.69507	3.30785E-08
1045.83337	3.30694E-08
1045.97168	3.30602E-08
1046.10999	3.30508E-08
1046.24829	3.30414E-08
1046.38660	3.30320E-08
1046.52490	3.30226E-08
1046.66321	3.30133E-08
1046.80151	3.30040E-08
1046.93982	3.29949E-08
1047.07813	3.29861E-08
1047.21643	3.29775E-08
1047.35474	3.29692E-08
1047.49304	3.29613E-08
1047.63135	3.29537E-08
1047.76965	3.29466E-08
1047.90796	3.29399E-08
1048.04627	3.29337E-08
1048.18457	3.29281E-08
1048.32288	3.29231E-08
1048.46118	3.29188E-08
1048.59937	3.29150E-08
1048.73767	3.29120E-08
1048.87598	3.29097E-08
1049.01428	3.29081E-08
1049.15259	3.29073E-08
1049.29089	3.29073E-08
1049.42920	3.29081E-08
1049.56751	3.29097E-08
1049.70581	3.29122E-08
1049.84412	3.29155E-08
1049.98242	3.29197E-08
1050.12073	3.29249E-08
1050.25903	3.29309E-08
1050.39734	3.29378E-08
1050.53565	3.29456E-08
1050.67395	3.29543E-08
1050.81226	3.29638E-08
1050.95056	3.29743E-08
1051.08887	3.29857E-08
1051.22717	3.29979E-08
1051.36548	3.30110E-08
1051.50378	3.30248E-08
1051.64209	3.30395E-08
1051.78040	3.30550E-08
1051.91870	3.30712E-08
1052.05701	3.30882E-08
1052.19531	3.31060E-08
1052.33350	3.31244E-08
1052.47180	3.31434E-08
1052.61011	3.31632E-08
1052.74841	3.31834E-08
1052.88672	3.32043E-08
1053.02502	3.32256E-08
1053.16333	3.32474E-08
1053.30164	3.32696E-08
1053.43994	3.32922E-08
1053.57825	3.33151E-08
1053.71655	3.33384E-08
1053.85486	3.33619E-08
1053.99316	3.33855E-08
1054.13147	3.34093E-08
1054.26978	3.34332E-08
1054.40808	3.34572E-08
1054.54639	3.34812E-08
1054.68469	3.35051E-08
1054.82300	3.35290E-08
1054.96130	3.35526E-08
1055.09961	3.35761E-08
1055.23792	3.35994E-08
1055.37622	3.36224E-08
1055.51453	3.36450E-08
1055.65283	3.36673E-08
1055.79114	3.36892E-08
1055.92944	3.37106E-08
1056.06763	3.37315E-08
1056.20593	3.37518E-08
1056.34424	3.37715E-08
1056.48254	3.37907E-08
1056.62085	3.38092E-08
1056.75916	3.38270E-08
1056.89746	3.38442E-08
1057.03577	3.38606E-08
1057.17407	3.38763E-08
1057.31238	3.38913E-08
1057.45068	3.39054E-08
1057.58899	3.39187E-08
1057.72730	3.39313E-08
1057.86560	3.39429E-08
1058.00391	3.39537E-08
1058.14221	3.39637E-08
1058.28052	3.39729E-08
1058.41882	3.39812E-08
1058.55713	3.39887E-08
1058.69544	3.39954E-08
1058.83374	3.40014E-08
1058.97205	3.40065E-08
1059.11035	3.40109E-08
1059.24866	3.40145E-08
1059.38696	3.40174E-08
1059.52527	3.40195E-08
1059.66357	3.40210E-08
1059.80188	3.40219E-08
1059.94006	3.40222E-08
1060.07837	3.40219E-08
1060.21668	3.40211E-08
1060.35498	3.40197E-08
1060.49329	3.40180E-08
1060.63159	3.40159E-08
1060.76990	3.40134E-08
1060.90820	3.40106E-08
1061.04651	3.40075E-08
1061.18481	3.40043E-08
1061.32312	3.40010E-08
1061.46143	3.39975E-08
1061.59973	3.39940E-08
1061.73804	3.39905E-08
1061.87634	3.39871E-08
1062.01465	3.39839E-08
1062.15295	3.39808E-08
1062.29126	3.39780E-08
1062.42957	3.39755E-08
1062.56787	3.39734E-08
1062.70618	3.39717E-08
1062.84448	3.39704E-08
1062.98279	3.39697E-08
1063.12109	3.39695E-08
1063.25940	3.39700E-08
1063.39771	3.39711E-08
1063.53601	3.39729E-08
1063.67419	3.39755E-08
1063.81250	3.39789E-08
1063.95081	3.39831E-08
1064.08911	3.39882E-08
1064.22742	3.39943E-08
1064.36572	3.40013E-08
1064.50403	3.40092E-08
1064.64233	3.40182E-08
1064.78064	3.40281E-08
1064.91895	3.40391E-08
1065.05725	3.40513E-08
1065.19556	3.40644E-08
1065.33386	3.40787E-08
1065.47217	3.40941E-08
1065.61047	3.41106E-08
1065.74878	3.41282E-08
1065.88709	3.41470E-08
1066.02539	3.41668E-08
1066.16370	3.41878E-08
1066.30200	3.42098E-08
1066.44031	3.42330E-08
1066.57861	3.42572E-08
1066.71692	3.42824E-08
1066.85523	3.43087E-08
1066.99353	3.43359E-08
1067.13184	3.43642E-08
1067.27014	3.43933E-08
1067.40833	3.44234E-08
1067.54663	3.44543E-08
1067.68494	3.44860E-08
1067.82324	3.45186E-08
1067.96155	3.45518E-08
1068.09985	3.45858E-08
1068.23816	3.46204E-08
1068.37647	3.46557E-08
1068.51477	3.46915E-08
1068.65308	3.47278E-08
1068.79138	3.47645E-08
1068.92969	3.48017E-08
1069.06799	3.48392E-08
1069.20630	3.48770E-08
1069.34460	3.49149E-08
1069.48291	3.49531E-08
1069.62122	3.49913E-08
1069.75952	3.50297E-08
1069.89783	3.50681E-08
1070.03613	3.51063E-08
1070.17444	3.51444E-08
1070.31274	3.51823E-08
1070.45105	3.52200E-08
1070.58936	3.52574E-08
1070.72766	3.52943E-08
1070.86597	3.53309E-08
1071.00427	3.53671E-08
1071.14246	3.54026E-08
1071.28076	3.54376E-08
1071.41907	3.54719E-08
1071.55737	3.55055E-08
1071.69568	3.55385E-08
1071.83398	3.55706E-08
1071.97229	3.56019E-08
1072.11060	3.56324E-08
1072.24890	3.56620E-08
1072.38721	3.56906E-08
1072.52551	3.57183E-08
1072.66382	3.57450E-08
1072.80212	3.57707E-08
1072.94043	3.57953E-08
1073.07874	3.58189E-08
1073.21704	3.58413E-08
1073.35535	3.58628E-08
1073.49365	3.58831E-08
1073.63196	3.59023E-08
1073.77026	3.59204E-08
1073.90857	3.59375E-08
1074.04688	3.59535E-08
1074.18518	3.59684E-08
1074.32349	3.59822E-08
1074.46179	3.59950E-08
1074.60010	3.60067E-08
1074.73840	3.60175E-08
1074.87659	3.60273E-08
1075.01489	3.60363E-08
1075.15320	3.60443E-08
1075.29150	3.60515E-08
1075.42981	3.60578E-08
1075.56812	3.60634E-08
1075.70642	3.60684E-08
1075.84473	3.60726E-08
1075.98303	3.60763E-08
1076.12134	3.60795E-08
1076.25964	3.60822E-08
1076.39795	3.60845E-08
1076.53626	3.60865E-08
1076.67456	3.60884E-08
1076.81287	3.60900E-08
1076.95117	3.60915E-08
1077.08948	3.60929E-08
1077.22778	3.60944E-08
1077.36609	3.60960E-08
1077.50440	3.60978E-08
1077.64270	3.61000E-08
1077.78101	3.61024E-08
1077.91931	3.61054E-08
1078.05762	3.61088E-08
1078.19592	3.61129E-08
1078.33423	3.61176E-08
1078.47253	3.61231E-08
1078.61072	3.61293E-08
1078.74902	3.61365E-08
1078.88733	3.61447E-08
1079.02564	3.61539E-08
1079.16394	3.61641E-08
1079.30225	3.61756E-08
1079.44055	3.61883E-08
1079.57886	3.62022E-08
1079.71716	3.62175E-08
1079.85547	3.62342E-08
1079.99377	3.62524E-08
1080.13208	3.62720E-08
1080.27039	3.62932E-08
1080.40869	3.63158E-08
1080.54700	3.63402E-08
1080.68530	3.63662E-08
1080.82361	3.63939E-08
1080.96191	3.64233E-08
1081.10022	3.64544E-08
1081.23853	3.64873E-08
1081.37683	3.65220E-08
1081.51514	3.65583E-08
1081.65344	3.65965E-08
1081.79175	3.66363E-08
1081.93005	3.66778E-08
1082.06836	3.67211E-08
1082.20667	3.67661E-08
1082.34485	3.68127E-08
1082.48315	3.68609E-08
1082.62146	3.69108E-08
1082.75977	3.69621E-08
1082.89807	3.70150E-08
1083.03638	3.70693E-08
1083.17468	3.71251E-08
1083.31299	3.71823E-08
1083.45129	3.72407E-08
1083.58960	3.73003E-08
1083.72791	3.73612E-08
1083.86621	3.74232E-08
1084.00452	3.74861E-08
1084.14282	3.75499E-08
1084.28113	3.76147E-08
1084.41943	3.76802E-08
1084.55774	3.77463E-08
1084.69605	3.78131E-08
1084.83435	3.78803E-08
1084.97266	3.79480E-08
1085.11096	3.80158E-08
1085.24927	3.80840E-08
1085.38757	3.81522E-08
1085.52588	3.82203E-08
1085.66419	3.82883E-08
1085.80249	3.83560E-08
1085.94080	3.84234E-08
1086.07898	3.84904E-08
1086.21729	3.85568E-08
1086.35559	3.86225E-08
1086.49390	3.86874E-08
1086.63220	3.87514E-08
1086.77051	3.88144E-08
1086.90881	3.88763E-08
1087.04712	3.89369E-08
1087.18543	3.89962E-08
1087.32373	3.90542E-08
1087.46204	3.91105E-08
1087.60034	3.91654E-08
1087.73865	3.92184E-08
1087.87695	3.92696E-08
1088.01526	3.93190E-08
1088.15356	3.93665E-08
1088.29187	3.94120E-08
1088.43018	3.94555E-08
1088.56848	3.94967E-08
1088.70679	3.95358E-08
1088.84509	3.95727E-08
1088.98340	3.96073E-08
1089.12170	3.96395E-08
1089.26001	3.96696E-08
1089.39832	3.96972E-08
1089.53662	3.97226E-08
1089.67493	3.97456E-08
1089.81323	3.97664E-08
1089.95142	3.97847E-08
1090.08972	3.98008E-08
1090.22803	3.98147E-08
1090.36633	3.98263E-08
1090.50464	3.98358E-08
1090.64294	3.98433E-08
1090.78125	3.98486E-08
1090.91956	3.98520E-08
1091.05786	3.98536E-08
1091.19617	3.98534E-08
1091.33447	3.98514E-08
1091.47278	3.98479E-08
1091.61108	3.98429E-08
1091.74939	3.98365E-08
1091.88770	3.98289E-08
1092.02600	3.98201E-08
1092.16431	3.98104E-08
1092.30261	3.97998E-08
1092.44092	3.97885E-08
1092.57922	3.97766E-08
1092.71753	3.97644E-08
1092.85584	3.97518E-08
1092.99414	3.97391E-08
1093.13245	3.97265E-08
1093.27075	3.97140E-08
1093.40906	3.97019E-08
1093.54736	3.96902E-08
1093.68555	3.96791E-08
1093.82385	3.96687E-08
1093.96216	3.96593E-08
1094.10046	3.96509E-08
1094.23877	3.96437E-08
1094.37708	3.96377E-08
1094.51538	3.96333E-08
1094.65369	3.96304E-08
1094.79199	3.96291E-08
1094.93030	3.96296E-08
1095.06860	3.96321E-08
1095.20691	3.96365E-08
1095.34522	3.96431E-08
1095.48352	3.96519E-08
1095.62183	3.96629E-08
1095.76013	3.96764E-08
1095.89844	3.96921E-08
1096.03674	3.97104E-08
1096.17505	3.97312E-08
1096.31335	3.97547E-08
1096.45166	3.97807E-08
1096.58997	3.98094E-08
1096.72827	3.98408E-08
1096.86658	3.98749E-08
1097.00488	3.99116E-08
1097.14319	3.99510E-08
1097.28149	3.99930E-08
1097.41968	4.00377E-08
1097.55798	4.00850E-08
1097.69629	4.01348E-08
1097.83460	4.01873E-08
1097.97290	4.02422E-08
1098.11121	4.02994E-08
1098.24951	4.03590E-08
1098.38782	4.04209E-08
1098.52612	4.04849E-08
1098.66443	4.05510E-08
1098.80273	4.06190E-08
1098.94104	4.06890E-08
1099.07935	4.07606E-08
1099.21765	4.08338E-08
1099.35596	4.09086E-08
1099.49426	4.09846E-08
1099.63257	4.10619E-08
1099.77087	4.11402E-08
1099.90918	4.12195E-08
1100.04749	4.12995E-08
1100.18579	4.13801E-08
1100.32410	4.14611E-08
1100.46240	4.15424E-08
1100.60071	4.16238E-08
1100.73901	4.17052E-08
1100.87732	4.17863E-08
1101.01563	4.18670E-08
1101.15381	4.19471E-08
1101.29211	4.20265E-08
1101.43042	4.21050E-08
1101.56873	4.21824E-08
1101.70703	4.22585E-08
1101.84534	4.23333E-08
1101.98364	4.24064E-08
1102.12195	4.24779E-08
1102.26025	4.25475E-08
1102.39856	4.26151E-08
1102.53687	4.26805E-08
1102.67517	4.27437E-08
1102.81348	4.28045E-08
1102.95178	4.28627E-08
1103.09009	4.29184E-08
1103.22839	4.29714E-08
1103.36670	4.30215E-08
1103.50501	4.30687E-08
1103.64331	4.31130E-08
1103.78162	4.31543E-08
1103.91992	4.31926E-08
1104.05823	4.32278E-08
1104.19653	4.32599E-08
1104.33484	4.32889E-08
1104.47315	4.33148E-08
1104.61145	4.33378E-08
1104.74976	4.33578E-08
1104.88794	4.33748E-08
1105.02625	4.33890E-08
1105.16455	4.34003E-08
1105.30286	4.34089E-08
1105.44116	4.34149E-08
1105.57947	4.34184E-08
1105.71777	4.34196E-08
1105.85608	4.34186E-08
1105.99439	4.34156E-08
1106.13269	4.34108E-08
1106.27100	4.34043E-08
1106.40930	4.33963E-08
1106.54761	4.33872E-08
1106.68591	4.33771E-08
1106.82422	4.33661E-08
1106.96252	4.33547E-08
1107.10083	4.33430E-08
1107.23914	4.33313E-08
1107.37744	4.33199E-08
1107.51575	4.33090E-08
1107.65405	4.32990E-08
1107.79236	4.32900E-08
1107.93066	4.32825E-08
1108.06897	4.32767E-08
1108.20728	4.32728E-08
1108.34558	4.32712E-08
1108.48389	4.32722E-08
1108.62207	4.32760E-08
1108.76038	4.32830E-08
1108.89868	4.32933E-08
1109.03699	4.33074E-08
1109.17529	4.33254E-08
1109.31360	4.33478E-08
1109.45190	4.33745E-08
1109.59021	4.34060E-08
1109.72852	4.34425E-08
1109.86682	4.34843E-08
1110.00513	4.35314E-08
1110.14343	4.35843E-08
1110.28174	4.36430E-08
1110.42004	4.37077E-08
1110.55835	4.37788E-08
1110.69666	4.38562E-08
1110.83496	4.39403E-08
1110.97327	4.40311E-08
1111.11157	4.41288E-08
1111.24988	4.42335E-08
1111.38818	4.43453E-08
1111.52649	4.44644E-08
1111.66480	4.45907E-08
1111.80310	4.47245E-08
1111.94141	4.48656E-08
1112.07971	4.50143E-08
1112.21802	4.51704E-08
1112.35620	4.53341E-08
1112.49451	4.55052E-08
1112.63281	4.56840E-08
1112.77112	4.58701E-08
1112.90942	4.60638E-08
1113.04773	4.62648E-08
1113.18604	4.64732E-08
1113.32434	4.66888E-08
1113.46265	4.69116E-08
1113.60095	4.71414E-08
1113.73926	4.73782E-08
1113.87756	4.76218E-08
1114.01587	4.78719E-08
1114.15418	4.81286E-08
1114.29248	4.83916E-08
1114.43079	4.86607E-08
1114.56909	4.89356E-08
1114.70740	4.92164E-08
1114.84570	4.95026E-08
1114.98401	4.97941E-08
1115.12231	5.00905E-08
1115.26062	5.03917E-08
1115.39893	5.06973E-08
1115.53723	5.10071E-08
1115.67554	5.13208E-08
1115.81384	5.16379E-08
1115.95215	5.19582E-08
1116.09033	5.22814E-08
1116.22864	5.26071E-08
1116.36694	5.29349E-08
1116.50525	5.32646E-08
1116.64356	5.35955E-08
1116.78186	5.39273E-08
1116.92017	5.42595E-08
1117.05847	5.45917E-08
1117.19678	5.49235E-08
1117.33508	5.52542E-08
1117.47339	5.55834E-08
1117.61169	5.59105E-08
1117.75000	5.62351E-08
1117.88831	5.65565E-08
1118.02661	5.68741E-08
1118.16492	5.71874E-08
1118.30322	5.74958E-08
1118.44153	5.77987E-08
1118.57983	5.80953E-08
1118.71814	5.83852E-08
1118.85645	5.86679E-08
1118.99475	5.89426E-08
1119.13306	5.92089E-08
1119.27136	5.94661E-08
1119.40967	5.97139E-08
1119.54797	5.99516E-08
1119.68628	6.01789E-08
1119.82459	6.03953E-08
1119.96277	6.06006E-08
1120.10107	6.07942E-08
1120.23938	6.09761E-08
1120.37769	6.11461E-08
1120.51599	6.13040E-08
1120.65430	6.14499E-08
1120.79260	6.15839E-08
1120.93091	6.17059E-08
1121.06921	6.18161E-08
1121.20752	6.19149E-08
1121.34583	6.20027E-08
1121.48413	6.20797E-08
1121.62244	6.21465E-08
1121.76074	6.22037E-08
1121.89905	6.22519E-08
1122.03735	6.22917E-08
1122.17566	6.23238E-08
1122.31397	6.23492E-08
1122.45227	6.23686E-08
1122.59058	6.23829E-08
1122.72888	6.23930E-08
1122.86719	6.23996E-08
1123.00549	6.24038E-08
1123.14380	6.24067E-08
1123.28210	6.24093E-08
1123.42041	6.24123E-08
1123.55872	6.24170E-08
1123.69690	6.24242E-08
1123.83521	6.24350E-08
1123.97351	6.24503E-08
1124.11182	6.24711E-08
1124.25012	6.24984E-08
1124.38843	6.25332E-08
1124.52673	6.25764E-08
1124.66504	6.26290E-08
1124.80335	6.26918E-08
1124.94165	6.27658E-08
1125.07996	6.28517E-08
1125.21826	6.29506E-08
1125.35657	6.30633E-08
1125.49487	6.31905E-08
1125.63318	6.33334E-08
1125.77148	6.34926E-08
1125.90979	6.36689E-08
1126.04810	6.38633E-08
1126.18640	6.40767E-08
1126.32471	6.43096E-08
1126.46301	6.45633E-08
1126.60132	6.48384E-08
1126.73962	6.51357E-08
1126.87793	6.54561E-08
1127.01624	6.58008E-08
1127.15454	6.61706E-08
1127.29285	6.65665E-08
1127.43103	6.69895E-08
1127.56934	6.74408E-08
1127.70764	6.79216E-08
1127.84595	6.84331E-08
1127.98425	6.89772E-08
1128.12256	6.95553E-08
1128.26086	7.01693E-08
1128.39917	7.08214E-08
1128.53748	7.15136E-08
1128.67578	7.22490E-08
1128.81409	7.30304E-08
1128.95239	7.38617E-08
1129.09070	7.47477E-08
1129.22900	7.56936E-08
1129.36731	7.67058E-08
1129.50562	7.77923E-08
1129.64392	7.89631E-08
1129.78223	8.02302E-08
1129.92053	8.16092E-08
1130.05884	8.31203E-08
1130.19714	8.47891E-08
1130.33545	8.66502E-08
1130.47376	8.87495E-08
1130.61206	9.11508E-08
1130.75037	9.39431E-08
1130.88867	9.72565E-08
1131.02698	1.01287E-07
1131.16516	1.06342E-07
1131.30347	1.12937E-07
1131.44177	1.22000E-07
1131.58008	1.35383E-07
1131.71838	1.57381E-07
1131.85669	2.00685E-07
1131.99500	3.26118E-07
1132.13330	4.76510E-06
1132.27161	-2.27164E-07
1132.40991	-7.93969E-08
1132.54822	-3.50514E-08
1132.68652	-1.71645E-08
1132.82483	-1.20998E-08