   562.201 0.192E-250.052  3654.044            0 0 0 0                      0.79 134 27
   565.050 0.381E-250.052  3511.423            0 0 0 0                      0.79 134 27
   567.901 0.746E-250.052  3371.602            0 0 0 0                      0.79 134 27
   570.754 0.144E-240.052  3234.582            0 0 0 0                      0.79 134 27
   573.609 0.274E-240.052  3100.368            0 0 0 0                      0.79 134 27
   576.465 0.513E-240.052  2968.963            0 0 0 0                      0.79 134 27
   579.323 0.949E-240.052  2840.369            0 0 0 0                      0.79 134 27
   582.183 0.173E-230.052  2714.589            0 0 0 0                      0.79 134 27
   585.044 0.311E-230.052  2591.627            0 0 0 0                      0.79 134 27
   587.907 0.550E-230.052  2471.485            0 0 0 0                      0.79 134 27
   590.771 0.959E-230.052  2354.167            0 0 0 0                      0.79 134 27
   593.636 0.165E-220.056  2239.674            0 0 0 0                      0.79 134 27
   596.503 0.279E-220.060  2128.009            0 0 0 0                      0.79 134 27
   599.372 0.467E-220.063  2019.176            0 0 0 0                      0.79 134 27
   602.242 0.768E-220.067  1913.175            0 0 0 0                      0.79 134 27
   605.112 0.125E-210.070  1810.011            0 0 0 0                      0.79 134 27
   607.985 0.199E-210.074  1709.685            0 0 0 0                      0.79 134 27
   610.858 0.313E-210.077  1612.199            0 0 0 0                      0.79 134 27
   613.732 0.486E-210.080  1517.557            0 0 0 0                      0.79 134 27
   616.608 0.742E-210.082  1425.759            0 0 0 0                      0.79 134 27
   619.484 0.112E-200.085  1336.808            0 0 0 0                      0.79 134 27
   622.361 0.165E-200.087  1250.707            0 0 0 0                      0.79 134 27
   625.240 0.241E-200.089  1167.457            0 0 0 0                      0.79 134 27
   628.119 0.347E-200.091  1087.059            0 0 0 0                      0.79 134 27
   630.999 0.491E-200.093  1009.517            0 0 0 0                      0.79 134 27
   633.879 0.684E-200.094   934.831            0 0 0 0                      0.79 134 27
   636.761 0.938E-200.095   863.004            0 0 0 0                      0.79 134 27
   639.643 0.127E-190.096   794.037            0 0 0 0                      0.79 134 27
   642.525 0.168E-190.097   727.932            0 0 0 0                      0.79 134 27
   645.408 0.220E-190.097   664.690            0 0 0 0                      0.79 134 27
   648.292 0.282E-190.098   604.312            0 0 0 0                      0.80 134 27
   651.176 0.357E-190.099   546.801            0 0 0 0                      0.81 134 27
   654.060 0.443E-190.099   492.156            0 0 0 0                      0.82 134 27
   656.944 0.541E-190.099   440.381            0 0 0 0                      0.83 134 27
   659.829 0.648E-190.100   391.475            0 0 0 0                      0.83 134 27
   662.714 0.763E-190.100   345.441            0 0 0 0                      0.84 134 27
   665.599 0.881E-190.101   302.278            0 0 0 0                      0.84 134 27
   668.484 0.997E-190.102   261.988            0 0 0 0                      0.84 134 27
   671.369 0.110E-180.103   224.573            0 0 0 0                      0.83 134 27
   674.254 0.120E-180.104   190.032            0 0 0 0                      0.82 134 27
   677.139 0.126E-180.106   158.367            0 0 0 0                      0.81 134 27
   680.023 0.130E-180.108   129.578            0 0 0 0                      0.80 134 27
   682.908 0.130E-180.110   103.666            0 0 0 0                      0.79 134 27
   685.792 0.126E-180.113    80.631            0 0 0 0                      0.77 134 27
   688.675 0.116E-180.117    60.475            0 0 0 0                      0.76 134 27
   691.559 0.102E-180.121    43.197            0 0 0 0                      0.75 134 27
   694.441 0.824E-190.126    28.799            0 0 0 0                      0.75 134 27
   697.324 0.585E-190.133    17.280            0 0 0 0                      0.75 134 27
   700.205 0.307E-190.140     8.640            0 0 0 0                      0.76 134 27
   705.979 0.959E-190.148     2.880            0 0 0 0                      0.78 134 27
   706.006 0.155E-180.140     8.640            0 0 0 0                      0.76 134 27
   706.047 0.208E-180.133    17.280            0 0 0 0                      0.75 134 27
   706.101 0.253E-180.126    28.799            0 0 0 0                      0.75 134 27
   706.168 0.289E-180.121    43.197            0 0 0 0                      0.75 134 27
   706.249 0.313E-180.117    60.475            0 0 0 0                      0.76 134 27
   706.343 0.328E-180.113    80.631            0 0 0 0                      0.77 134 27
   706.451 0.332E-180.110   103.666            0 0 0 0                      0.79 134 27
   706.572 0.327E-180.108   129.578            0 0 0 0                      0.80 134 27
   706.707 0.314E-180.106   158.367            0 0 0 0                      0.81 134 27
   706.854 0.295E-180.104   190.032            0 0 0 0                      0.82 134 27
   707.016 0.271E-180.103   224.573            0 0 0 0                      0.83 134 27
   707.190 0.244E-180.102   261.988            0 0 0 0                      0.84 134 27
   707.378 0.215E-180.101   302.278            0 0 0 0                      0.84 134 27
   707.579 0.186E-180.100   345.441            0 0 0 0                      0.84 134 27
   707.793 0.158E-180.100   391.475            0 0 0 0                      0.83 134 27
   708.021 0.132E-180.099   440.381            0 0 0 0                      0.83 134 27
   708.261 0.109E-180.099   492.156            0 0 0 0                      0.82 134 27
   708.515 0.876E-190.099   546.801            0 0 0 0                      0.81 134 27
   708.781 0.696E-190.098   604.312            0 0 0 0                      0.80 134 27
   708.845 0.652E-190.148     0.000            0 0 0 0                      0.78 134 27
   709.061 0.544E-190.097   664.690            0 0 0 0                      0.79 134 27
   709.354 0.418E-190.097   727.932            0 0 0 0                      0.79 134 27
   709.659 0.316E-190.096   794.037            0 0 0 0                      0.79 134 27
   709.977 0.235E-190.095   863.004            0 0 0 0                      0.79 134 27
   710.308 0.172E-190.094   934.831            0 0 0 0                      0.79 134 27
   710.652 0.125E-190.093  1009.517            0 0 0 0                      0.79 134 27
   711.009 0.885E-200.091  1087.059            0 0 0 0                      0.79 134 27
   711.378 0.619E-200.089  1167.457            0 0 0 0                      0.79 134 27
   711.723 0.969E-190.140     2.880            0 0 0 0                      0.76 134 27
   711.759 0.427E-200.087  1250.707            0 0 0 0                      0.79 134 27
   712.154 0.290E-200.085  1336.808            0 0 0 0                      0.79 134 27
   712.560 0.194E-200.082  1425.759            0 0 0 0                      0.79 134 27
   712.979 0.128E-200.080  1517.557            0 0 0 0                      0.79 134 27
   713.410 0.831E-210.077  1612.199            0 0 0 0                      0.79 134 27
   713.853 0.532E-210.074  1709.685            0 0 0 0                      0.79 134 27
   714.309 0.335E-210.070  1810.011            0 0 0 0                      0.79 134 27
   714.600 0.126E-180.133     8.640            0 0 0 0                      0.75 134 27
   714.776 0.208E-210.067  1913.175            0 0 0 0                      0.79 134 27
   715.256 0.128E-210.063  2019.176            0 0 0 0                      0.79 134 27
   715.747 0.770E-220.060  2128.009            0 0 0 0                      0.79 134 27
   716.250 0.458E-220.056  2239.674            0 0 0 0                      0.79 134 27
   716.765 0.269E-220.052  2354.167            0 0 0 0                      0.79 134 27
   717.291 0.155E-220.052  2471.485            0 0 0 0                      0.79 134 27
   717.477 0.152E-180.126    17.280            0 0 0 0                      0.75 134 27
   717.829 0.884E-230.052  2591.627            0 0 0 0                      0.79 134 27
   718.378 0.497E-230.052  2714.589            0 0 0 0                      0.79 134 27
   718.939 0.275E-230.052  2840.369            0 0 0 0                      0.79 134 27
   719.511 0.150E-230.052  2968.963            0 0 0 0                      0.79 134 27
   720.094 0.808E-240.052  3100.368            0 0 0 0                      0.79 134 27
   720.352 0.174E-180.121    28.799            0 0 0 0                      0.75 134 27
   720.688 0.428E-240.052  3234.582            0 0 0 0                      0.79 134 27
   721.293 0.224E-240.052  3371.602            0 0 0 0                      0.79 134 27
   721.909 0.116E-240.052  3511.423            0 0 0 0                      0.79 134 27
   722.536 0.588E-250.052  3654.044            0 0 0 0                      0.79 134 27
   723.226 0.190E-180.117    43.197            0 0 0 0                      0.76 134 27
   726.098 0.201E-180.113    60.475            0 0 0 0                      0.77 134 27
   728.970 0.206E-180.110    80.631            0 0 0 0                      0.79 134 27
   731.840 0.205E-180.108   103.666            0 0 0 0                      0.80 134 27
   734.708 0.200E-180.106   129.578            0 0 0 0                      0.81 134 27
   737.575 0.191E-180.104   158.367            0 0 0 0                      0.82 134 27
   740.441 0.178E-180.103   190.032            0 0 0 0                      0.83 134 27
   743.304 0.163E-180.102   224.573            0 0 0 0                      0.84 134 27
   746.166 0.146E-180.101   261.988            0 0 0 0                      0.84 134 27
   749.026 0.128E-180.100   302.278            0 0 0 0                      0.84 134 27
   751.885 0.111E-180.100   345.441            0 0 0 0                      0.83 134 27
   754.741 0.943E-190.099   391.475            0 0 0 0                      0.83 134 27
   757.595 0.788E-190.099   440.381            0 0 0 0                      0.82 134 27
   760.447 0.647E-190.099   492.156            0 0 0 0                      0.81 134 27
   763.297 0.523E-190.098   546.801            0 0 0 0                      0.80 134 27
   766.145 0.416E-190.097   604.312            0 0 0 0                      0.79 134 27
   768.990 0.325E-190.097   664.690            0 0 0 0                      0.79 134 27
   771.833 0.250E-190.096   727.932            0 0 0 0                      0.79 134 27
   774.674 0.189E-190.095   794.037            0 0 0 0                      0.79 134 27
   777.512 0.141E-190.094   863.004            0 0 0 0                      0.79 134 27
   780.347 0.104E-190.093   934.831            0 0 0 0                      0.79 134 27
   783.179 0.751E-200.091  1009.517            0 0 0 0                      0.79 134 27
   786.009 0.535E-200.089  1087.059            0 0 0 0                      0.79 134 27
   788.836 0.375E-200.087  1167.457            0 0 0 0                      0.79 134 27
   791.660 0.259E-200.085  1250.707            0 0 0 0                      0.79 134 27
   794.481 0.176E-200.082  1336.808            0 0 0 0                      0.79 134 27
   797.298 0.118E-200.080  1425.759            0 0 0 0                      0.79 134 27
   800.113 0.781E-210.077  1517.557            0 0 0 0                      0.79 134 27
   802.924 0.508E-210.074  1612.199            0 0 0 0                      0.79 134 27
   805.732 0.326E-210.070  1709.685            0 0 0 0                      0.79 134 27
   808.536 0.206E-210.067  1810.011            0 0 0 0                      0.79 134 27
   811.337 0.128E-210.063  1913.175            0 0 0 0                      0.79 134 27
   814.135 0.788E-220.060  2019.176            0 0 0 0                      0.79 134 27
   816.928 0.477E-220.056  2128.009            0 0 0 0                      0.79 134 27
   819.718 0.284E-220.052  2239.674            0 0 0 0                      0.79 134 27
   822.504 0.167E-220.052  2354.167            0 0 0 0                      0.79 134 27
   825.286 0.967E-230.052  2471.485            0 0 0 0                      0.79 134 27
   828.064 0.552E-230.052  2591.627            0 0 0 0                      0.79 134 27
   830.838 0.311E-230.052  2714.589            0 0 0 0                      0.79 134 27
   833.608 0.172E-230.052  2840.369            0 0 0 0                      0.79 134 27
   836.374 0.943E-240.052  2968.963            0 0 0 0                      0.79 134 27
   839.135 0.508E-240.052  3100.368            0 0 0 0                      0.79 134 27
   841.892 0.270E-240.052  3234.582            0 0 0 0                      0.79 134 27
   844.644 0.142E-240.052  3371.602            0 0 0 0                      0.79 134 27
   847.391 0.732E-250.052  3511.423            0 0 0 0                      0.79 134 27
   850.134 0.373E-250.052  3654.044            0 0 0 0                      0.79 134 27
