   568.434 0.208E-250.052  3642.070            0 0 0 0                      0.79 125 27
   571.247 0.411E-250.052  3499.913            0 0 0 0                      0.79 125 27
   574.062 0.803E-250.052  3360.547            0 0 0 0                      0.79 125 27
   576.879 0.155E-240.052  3223.973            0 0 0 0                      0.79 125 27
   579.699 0.293E-240.052  3090.197            0 0 0 0                      0.79 125 27
   582.521 0.549E-240.052  2959.220            0 0 0 0                      0.79 125 27
   585.345 0.101E-230.052  2831.046            0 0 0 0                      0.79 125 27
   588.171 0.184E-230.052  2705.677            0 0 0 0                      0.79 125 27
   590.999 0.330E-230.052  2583.116            0 0 0 0                      0.79 125 27
   593.829 0.583E-230.052  2463.367            0 0 0 0                      0.79 125 27
   596.661 0.102E-220.052  2346.432            0 0 0 0                      0.79 125 27
   599.496 0.174E-220.056  2232.314            0 0 0 0                      0.79 125 27
   602.332 0.295E-220.060  2121.014            0 0 0 0                      0.79 125 27
   605.169 0.491E-220.063  2012.537            0 0 0 0                      0.79 125 27
   608.009 0.807E-220.067  1906.884            0 0 0 0                      0.79 125 27
   610.851 0.131E-210.070  1804.058            0 0 0 0                      0.79 125 27
   613.694 0.208E-210.074  1704.060            0 0 0 0                      0.79 125 27
   616.539 0.327E-210.077  1606.895            0 0 0 0                      0.79 125 27
   619.386 0.507E-210.080  1512.562            0 0 0 0                      0.79 125 27
   622.234 0.773E-210.082  1421.066            0 0 0 0                      0.79 125 27
   625.083 0.116E-200.085  1332.407            0 0 0 0                      0.79 125 27
   627.935 0.172E-200.087  1246.589            0 0 0 0                      0.79 125 27
   630.787 0.250E-200.089  1163.612            0 0 0 0                      0.79 125 27
   633.641 0.359E-200.091  1083.479            0 0 0 0                      0.79 125 27
   636.497 0.508E-200.093  1006.192            0 0 0 0                      0.79 125 27
   639.353 0.707E-200.094   931.751            0 0 0 0                      0.79 125 27
   642.211 0.968E-200.095   860.161            0 0 0 0                      0.79 125 27
   645.070 0.130E-190.096   791.420            0 0 0 0                      0.79 125 27
   647.931 0.173E-190.097   725.533            0 0 0 0                      0.79 125 27
   650.792 0.226E-190.097   662.499            0 0 0 0                      0.79 125 27
   653.654 0.290E-190.098   602.320            0 0 0 0                      0.80 125 27
   656.517 0.366E-190.099   544.998            0 0 0 0                      0.81 125 27
   659.382 0.454E-190.099   490.534            0 0 0 0                      0.82 125 27
   662.247 0.554E-190.099   438.929            0 0 0 0                      0.83 125 27
   665.113 0.663E-190.100   390.184            0 0 0 0                      0.83 125 27
   667.979 0.780E-190.100   344.301            0 0 0 0                      0.84 125 27
   670.846 0.900E-190.101   301.281            0 0 0 0                      0.84 125 27
   673.714 0.102E-180.102   261.124            0 0 0 0                      0.84 125 27
   676.583 0.113E-180.103   223.832            0 0 0 0                      0.83 125 27
   679.452 0.122E-180.104   189.405            0 0 0 0                      0.82 125 27
   682.321 0.129E-180.106   157.844            0 0 0 0                      0.81 125 27
   685.191 0.133E-180.108   129.150            0 0 0 0                      0.80 125 27
   688.061 0.132E-180.110   103.324            0 0 0 0                      0.79 125 27
   690.932 0.128E-180.113    80.365            0 0 0 0                      0.77 125 27
   693.802 0.118E-180.117    60.276            0 0 0 0                      0.76 125 27
   696.673 0.103E-180.121    43.055            0 0 0 0                      0.75 125 27
   699.544 0.838E-190.126    28.704            0 0 0 0                      0.75 125 27
   702.415 0.594E-190.133    17.223            0 0 0 0                      0.75 125 27
   705.285 0.312E-190.140     8.611            0 0 0 0                      0.76 125 27
   711.040 0.973E-190.148     2.870            0 0 0 0                      0.78 125 27
   711.068 0.158E-180.140     8.611            0 0 0 0                      0.76 125 27
   711.110 0.212E-180.133    17.223            0 0 0 0                      0.75 125 27
   711.165 0.257E-180.126    28.704            0 0 0 0                      0.75 125 27
   711.235 0.293E-180.121    43.055            0 0 0 0                      0.75 125 27
   711.318 0.319E-180.117    60.276            0 0 0 0                      0.76 125 27
   711.415 0.333E-180.113    80.365            0 0 0 0                      0.77 125 27
   711.526 0.338E-180.110   103.324            0 0 0 0                      0.79 125 27
   711.651 0.333E-180.108   129.150            0 0 0 0                      0.80 125 27
   711.789 0.320E-180.106   157.844            0 0 0 0                      0.81 125 27
   711.942 0.300E-180.104   189.405            0 0 0 0                      0.82 125 27
   712.108 0.276E-180.103   223.832            0 0 0 0                      0.83 125 27
   712.287 0.248E-180.102   261.124            0 0 0 0                      0.84 125 27
   712.481 0.219E-180.101   301.281            0 0 0 0                      0.84 125 27
   712.688 0.190E-180.100   344.301            0 0 0 0                      0.84 125 27
   712.908 0.162E-180.100   390.184            0 0 0 0                      0.83 125 27
   713.142 0.135E-180.099   438.929            0 0 0 0                      0.83 125 27
   713.390 0.111E-180.099   490.534            0 0 0 0                      0.82 125 27
   713.651 0.898E-190.099   544.998            0 0 0 0                      0.81 125 27
   713.897 0.662E-190.148     0.000            0 0 0 0                      0.78 125 27
   713.926 0.713E-190.098   602.320            0 0 0 0                      0.80 125 27
   714.214 0.558E-190.097   662.499            0 0 0 0                      0.79 125 27
   714.515 0.429E-190.097   725.533            0 0 0 0                      0.79 125 27
   714.829 0.325E-190.096   791.420            0 0 0 0                      0.79 125 27
   715.157 0.242E-190.095   860.161            0 0 0 0                      0.79 125 27
   715.498 0.178E-190.094   931.751            0 0 0 0                      0.79 125 27
   715.852 0.129E-190.093  1006.192            0 0 0 0                      0.79 125 27
   716.219 0.915E-200.091  1083.479            0 0 0 0                      0.79 125 27
   716.599 0.641E-200.089  1163.612            0 0 0 0                      0.79 125 27
   716.767 0.984E-190.140     2.870            0 0 0 0                      0.76 125 27
   716.992 0.443E-200.087  1246.589            0 0 0 0                      0.79 125 27
   717.398 0.301E-200.085  1332.407            0 0 0 0                      0.79 125 27
   717.817 0.202E-200.082  1421.066            0 0 0 0                      0.79 125 27
   718.248 0.133E-200.080  1512.562            0 0 0 0                      0.79 125 27
   718.692 0.866E-210.077  1606.895            0 0 0 0                      0.79 125 27
   719.148 0.555E-210.074  1704.060            0 0 0 0                      0.79 125 27
   719.617 0.351E-210.070  1804.058            0 0 0 0                      0.79 125 27
   719.636 0.128E-180.133     8.611            0 0 0 0                      0.75 125 27
   720.099 0.218E-210.067  1906.884            0 0 0 0                      0.79 125 27
   720.592 0.134E-210.063  2012.537            0 0 0 0                      0.79 125 27
   721.098 0.809E-220.060  2121.014            0 0 0 0                      0.79 125 27
   721.616 0.482E-220.056  2232.314            0 0 0 0                      0.79 125 27
   722.146 0.283E-220.052  2346.432            0 0 0 0                      0.79 125 27
   722.505 0.155E-180.126    17.223            0 0 0 0                      0.75 125 27
   722.688 0.164E-220.052  2463.367            0 0 0 0                      0.79 125 27
   723.242 0.936E-230.052  2583.116            0 0 0 0                      0.79 125 27
   723.808 0.527E-230.052  2705.677            0 0 0 0                      0.79 125 27
   724.385 0.292E-230.052  2831.046            0 0 0 0                      0.79 125 27
   724.974 0.160E-230.052  2959.220            0 0 0 0                      0.79 125 27
   725.374 0.176E-180.121    28.704            0 0 0 0                      0.75 125 27
   725.575 0.862E-240.052  3090.197            0 0 0 0                      0.79 125 27
   726.186 0.458E-240.052  3223.973            0 0 0 0                      0.79 125 27
   726.809 0.240E-240.052  3360.547            0 0 0 0                      0.79 125 27
   727.444 0.124E-240.052  3499.913            0 0 0 0                      0.79 125 27
   728.089 0.633E-250.052  3642.070            0 0 0 0                      0.79 125 27
   728.242 0.193E-180.117    43.055            0 0 0 0                      0.76 125 27
   731.109 0.204E-180.113    60.276            0 0 0 0                      0.77 125 27
   733.976 0.209E-180.110    80.365            0 0 0 0                      0.79 125 27
   736.842 0.209E-180.108   103.324            0 0 0 0                      0.80 125 27
   739.707 0.203E-180.106   129.150            0 0 0 0                      0.81 125 27
   742.571 0.194E-180.104   157.844            0 0 0 0                      0.82 125 27
   745.434 0.181E-180.103   189.405            0 0 0 0                      0.83 125 27
   748.296 0.166E-180.102   223.832            0 0 0 0                      0.84 125 27
   751.156 0.149E-180.101   261.124            0 0 0 0                      0.84 125 27
   754.016 0.131E-180.100   301.281            0 0 0 0                      0.84 125 27
   756.874 0.113E-180.100   344.301            0 0 0 0                      0.83 125 27
   759.731 0.964E-190.099   390.184            0 0 0 0                      0.83 125 27
   762.586 0.805E-190.099   438.929            0 0 0 0                      0.82 125 27
   765.440 0.662E-190.099   490.534            0 0 0 0                      0.81 125 27
   768.293 0.535E-190.098   544.998            0 0 0 0                      0.80 125 27
   771.143 0.426E-190.097   602.320            0 0 0 0                      0.79 125 27
   773.992 0.333E-190.097   662.499            0 0 0 0                      0.79 125 27
   776.839 0.257E-190.096   725.533            0 0 0 0                      0.79 125 27
   779.684 0.195E-190.095   791.420            0 0 0 0                      0.79 125 27
   782.528 0.145E-190.094   860.161            0 0 0 0                      0.79 125 27
   785.369 0.107E-190.093   931.751            0 0 0 0                      0.79 125 27
   788.208 0.774E-200.091  1006.192            0 0 0 0                      0.79 125 27
   791.044 0.552E-200.089  1083.479            0 0 0 0                      0.79 125 27
   793.879 0.388E-200.087  1163.612            0 0 0 0                      0.79 125 27
   796.711 0.268E-200.085  1246.589            0 0 0 0                      0.79 125 27
   799.541 0.183E-200.082  1332.407            0 0 0 0                      0.79 125 27
   802.368 0.123E-200.080  1421.066            0 0 0 0                      0.79 125 27
   805.192 0.812E-210.077  1512.562            0 0 0 0                      0.79 125 27
   808.014 0.529E-210.074  1606.895            0 0 0 0                      0.79 125 27
   810.833 0.340E-210.070  1704.060            0 0 0 0                      0.79 125 27
   813.649 0.215E-210.067  1804.058            0 0 0 0                      0.79 125 27
   816.462 0.134E-210.063  1906.884            0 0 0 0                      0.79 125 27
   819.272 0.825E-220.060  2012.537            0 0 0 0                      0.79 125 27
   822.079 0.500E-220.056  2121.014            0 0 0 0                      0.79 125 27
   824.883 0.299E-220.052  2232.314            0 0 0 0                      0.79 125 27
   827.683 0.176E-220.052  2346.432            0 0 0 0                      0.79 125 27
   830.480 0.102E-220.052  2463.367            0 0 0 0                      0.79 125 27
   833.274 0.583E-230.052  2583.116            0 0 0 0                      0.79 125 27
   836.064 0.329E-230.052  2705.677            0 0 0 0                      0.79 125 27
   838.850 0.183E-230.052  2831.046            0 0 0 0                      0.79 125 27
   841.633 0.100E-230.052  2959.220            0 0 0 0                      0.79 125 27
   844.412 0.542E-240.052  3090.197            0 0 0 0                      0.79 125 27
   847.187 0.289E-240.052  3223.973            0 0 0 0                      0.79 125 27
   849.958 0.152E-240.052  3360.547            0 0 0 0                      0.79 125 27
   852.725 0.785E-250.052  3499.913            0 0 0 0                      0.79 125 27
   855.487 0.401E-250.052  3642.070            0 0 0 0                      0.79 125 27
