566.48157 3.82102e-07
566.61987 3.78075e-07
566.75818 3.71821e-07
566.89648 3.63875e-07
567.03479 3.54793e-07
567.17310 3.45070e-07
567.31140 3.35096e-07
567.44965 3.25147e-07
567.58795 3.15404e-07
567.72626 3.05975e-07
567.86456 2.96914e-07
568.00287 2.88243e-07
568.14117 2.79964e-07
568.27948 2.72065e-07
568.41779 2.64528e-07
568.55609 2.57334e-07
568.69440 2.50460e-07
568.83270 2.43888e-07
568.97101 2.37595e-07
569.10931 2.31566e-07
569.24762 2.25782e-07
569.38586 2.20230e-07
569.52417 2.14893e-07
569.66248 2.09759e-07
569.80078 2.04818e-07
569.93909 2.00057e-07
570.07739 1.95467e-07
570.21570 1.91037e-07
570.35400 1.86761e-07
570.49231 1.82630e-07
570.63062 1.78637e-07
570.76892 1.74775e-07
570.90723 1.71037e-07
571.04553 1.67418e-07
571.18378 1.63913e-07
571.32208 1.60517e-07
571.46039 1.57224e-07
571.59869 1.54030e-07
571.73700 1.50933e-07
571.87531 1.47926e-07
572.01361 1.45008e-07
572.15192 1.42173e-07
572.29022 1.39420e-07
572.42853 1.36746e-07
572.56683 1.34146e-07
572.70514 1.31619e-07
572.84345 1.29163e-07
572.98175 1.26774e-07
573.12000 1.24450e-07
573.25830 1.22189e-07
573.39661 1.19990e-07
573.53491 1.17849e-07
573.67322 1.15766e-07
573.81152 1.13738e-07
573.94983 1.11764e-07
574.08814 1.09842e-07
574.22644 1.07970e-07
574.36475 1.06147e-07
574.50305 1.04371e-07
574.64136 1.02641e-07
574.77966 1.00956e-07
574.91797 9.93142e-08
575.05621 9.77142e-08
575.19452 9.61549e-08
575.33283 9.46350e-08
575.47113 9.31535e-08
575.60944 9.17093e-08
575.74774 9.03013e-08
575.88605 8.89283e-08
576.02435 8.75896e-08
576.16266 8.62840e-08
576.30096 8.50106e-08
576.43927 8.37684e-08
576.57758 8.25566e-08
576.71588 8.13744e-08
576.85413 8.02207e-08
576.99243 7.90950e-08
577.13074 7.79963e-08
577.26904 7.69240e-08
577.40735 7.58772e-08
577.54565 7.48552e-08
577.68396 7.38573e-08
577.82227 7.28828e-08
577.96057 7.19311e-08
578.09888 7.10014e-08
578.23718 7.00932e-08
578.37549 6.92059e-08
578.51379 6.83389e-08
578.65210 6.74915e-08
578.79034 6.66633e-08
578.92865 6.58536e-08
579.06696 6.50619e-08
579.20526 6.42878e-08
579.34357 6.35307e-08
579.48187 6.27902e-08
579.62018 6.20656e-08
579.75848 6.13568e-08
579.89679 6.06632e-08
580.03510 5.99843e-08
580.17340 5.93197e-08
580.31171 5.86690e-08
580.45001 5.80318e-08
580.58826 5.74078e-08
580.72656 5.67967e-08
580.86487 5.61977e-08
581.00317 5.56109e-08
581.14148 5.50358e-08
581.27979 5.44721e-08
581.41809 5.39196e-08
581.55640 5.33778e-08
581.69470 5.28464e-08
581.83301 5.23253e-08
581.97131 5.18140e-08
582.10962 5.13124e-08
582.24793 5.08199e-08
582.38623 5.03367e-08
582.52448 4.98623e-08
582.66278 4.93964e-08
582.80109 4.89388e-08
582.93939 4.84895e-08
583.07770 4.80481e-08
583.21600 4.76143e-08
583.35431 4.71881e-08
583.49262 4.67692e-08
583.63092 4.63573e-08
583.76923 4.59524e-08
583.90753 4.55543e-08
584.04584 4.51628e-08
584.18414 4.47776e-08
584.32239 4.43988e-08
584.46069 4.40259e-08
584.59900 4.36590e-08
584.73731 4.32979e-08
584.87561 4.29425e-08
585.01392 4.25926e-08
585.15222 4.22481e-08
585.29053 4.19089e-08
585.42883 4.15749e-08
585.56714 4.12458e-08
585.70544 4.09216e-08
585.84375 4.06022e-08
585.98206 4.02874e-08
586.12036 3.99774e-08
586.25861 3.96717e-08
586.39691 3.93705e-08
586.53522 3.90735e-08
586.67352 3.87807e-08
586.81183 3.84921e-08
586.95013 3.82074e-08
587.08844 3.79267e-08
587.22675 3.76499e-08
587.36505 3.73769e-08
587.50336 3.71076e-08
587.64166 3.68420e-08
587.77997 3.65799e-08
587.91827 3.63214e-08
588.05652 3.60663e-08
588.19482 3.58146e-08
588.33313 3.55662e-08
588.47144 3.53211e-08
588.60974 3.50791e-08
588.74805 3.48404e-08
588.88635 3.46048e-08
589.02466 3.43722e-08
589.16296 3.41426e-08
589.30127 3.39159e-08
589.43958 3.36922e-08
589.57788 3.34714e-08
589.71619 3.32533e-08
589.85449 3.30381e-08
589.99274 3.28256e-08
590.13104 3.26157e-08
590.26935 3.24086e-08
590.40765 3.22041e-08
590.54596 3.20021e-08
590.68427 3.18027e-08
590.82257 3.16057e-08
590.96088 3.14113e-08
591.09918 3.12192e-08
591.23749 3.10296e-08
591.37579 3.08424e-08
591.51410 3.06574e-08
591.65241 3.04748e-08
591.79071 3.02944e-08
591.92896 3.01163e-08
592.06726 2.99404e-08
592.20557 2.97668e-08
592.34387 2.95952e-08
592.48218 2.94258e-08
592.62048 2.92584e-08
592.75879 2.90932e-08
592.89710 2.89300e-08
593.03540 2.87689e-08
593.17371 2.86098e-08
593.31201 2.84526e-08
593.45032 2.82974e-08
593.58862 2.81442e-08
593.72687 2.79928e-08
593.86517 2.78433e-08
594.00348 2.76957e-08
594.14179 2.75498e-08
594.28009 2.74059e-08
594.41840 2.72636e-08
594.55670 2.71232e-08
594.69501 2.69845e-08
594.83331 2.68475e-08
594.97162 2.67122e-08
595.10992 2.65786e-08
595.24823 2.64467e-08
595.38654 2.63165e-08
595.52484 2.61879e-08
595.66309 2.60609e-08
595.80139 2.59355e-08
595.93970 2.58117e-08
596.07800 2.56895e-08
596.21631 2.55688e-08
596.35461 2.54497e-08
596.49292 2.53320e-08
596.63123 2.52159e-08
596.76953 2.51012e-08
596.90784 2.49880e-08
597.04614 2.48763e-08
597.18445 2.47660e-08
597.32275 2.46572e-08
597.46100 2.45498e-08
597.59930 2.44437e-08
597.73761 2.43391e-08
597.87592 2.42359e-08
598.01422 2.41340e-08
598.15253 2.40335e-08
598.29083 2.39343e-08
598.42914 2.38365e-08
598.56744 2.37399e-08
598.70575 2.36447e-08
598.84406 2.35508e-08
598.98236 2.34582e-08
599.12067 2.33668e-08
599.25897 2.32768e-08
599.39722 2.31879e-08
599.53552 2.31003e-08
599.67383 2.30140e-08
599.81213 2.29289e-08
599.95044 2.28451e-08
600.08875 2.27624e-08
600.22705 2.26809e-08
600.36536 2.26006e-08
600.50366 2.25215e-08
600.64197 2.24436e-08
600.78027 2.23669e-08
600.91858 2.22913e-08
601.05689 2.22169e-08
601.19513 2.21436e-08
601.33344 2.20714e-08
601.47174 2.20004e-08
601.61005 2.19306e-08
601.74835 2.18618e-08
601.88666 2.17941e-08
602.02496 2.17276e-08
602.16327 2.16621e-08
602.30158 2.15978e-08
602.43988 2.15344e-08
602.57819 2.14722e-08
602.71649 2.14111e-08
602.85480 2.13510e-08
602.99310 2.12919e-08
603.13135 2.12339e-08
603.26965 2.11768e-08
603.40796 2.11209e-08
603.54627 2.10659e-08
603.68457 2.10120e-08
603.82288 2.09590e-08
603.96118 2.09070e-08
604.09949 2.08561e-08
604.23779 2.08061e-08
604.37610 2.07570e-08
604.51440 2.07089e-08
604.65271 2.06617e-08
604.79102 2.06155e-08
604.92932 2.05702e-08
605.06757 2.05258e-08
605.20587 2.04824e-08
605.34418 2.04398e-08
605.48248 2.03981e-08
605.62079 2.03573e-08
605.75909 2.03174e-08
605.89740 2.02783e-08
606.03571 2.02400e-08
606.17401 2.02026e-08
606.31232 2.01660e-08
606.45062 2.01302e-08
606.58893 2.00952e-08
606.72723 2.00610e-08
606.86548 2.00275e-08
607.00378 1.99948e-08
607.14209 1.99629e-08
607.28040 1.99317e-08
607.41870 1.99012e-08
607.55701 1.98714e-08
607.69531 1.98424e-08
607.83362 1.98140e-08
607.97192 1.97863e-08
608.11023 1.97592e-08
608.24854 1.97329e-08
608.38684 1.97071e-08
608.52515 1.96819e-08
608.66345 1.96574e-08
608.80170 1.96334e-08
608.94000 1.96101e-08
609.07831 1.95873e-08
609.21661 1.95650e-08
609.35492 1.95433e-08
609.49323 1.95221e-08
609.63153 1.95014e-08
609.76984 1.94813e-08
609.90814 1.94616e-08
610.04645 1.94424e-08
610.18475 1.94237e-08
610.32306 1.94054e-08
610.46137 1.93876e-08
610.59961 1.93701e-08
610.73792 1.93531e-08
610.87622 1.93365e-08
611.01453 1.93203e-08
611.15283 1.93044e-08
611.29114 1.92889e-08
611.42944 1.92738e-08
611.56775 1.92590e-08
611.70606 1.92446e-08
611.84436 1.92305e-08
611.98267 1.92167e-08
612.12097 1.92032e-08
612.25928 1.91900e-08
612.39758 1.91770e-08
612.53583 1.91644e-08
612.67413 1.91520e-08
612.81244 1.91399e-08
612.95075 1.91280e-08
613.08905 1.91164e-08
613.22736 1.91051e-08
613.36566 1.90939e-08
613.50397 1.90830e-08
613.64227 1.90723e-08
613.78058 1.90619e-08
613.91888 1.90516e-08
614.05719 1.90416e-08
614.19550 1.90317e-08
614.33374 1.90221e-08
614.47205 1.90127e-08
614.61035 1.90035e-08
614.74866 1.89944e-08
614.88696 1.89855e-08
615.02527 1.89769e-08
615.16357 1.89684e-08
615.30188 1.89601e-08
615.44019 1.89520e-08
615.57849 1.89441e-08
615.71680 1.89364e-08
615.85510 1.89288e-08
615.99341 1.89215e-08
616.13171 1.89143e-08
616.26996 1.89074e-08
616.40826 1.89006e-08
616.54657 1.88941e-08
616.68488 1.88877e-08
616.82318 1.88816e-08
616.96149 1.88757e-08
617.09979 1.88700e-08
617.23810 1.88645e-08
617.37640 1.88592e-08
617.51471 1.88542e-08
617.65302 1.88494e-08
617.79132 1.88448e-08
617.92963 1.88405e-08
618.06787 1.88364e-08
618.20618 1.88326e-08
618.34448 1.88290e-08
618.48279 1.88257e-08
618.62109 1.88226e-08
618.75940 1.88199e-08
618.89771 1.88174e-08
619.03601 1.88152e-08
619.17432 1.88132e-08
619.31262 1.88116e-08
619.45093 1.88102e-08
619.58923 1.88092e-08
619.72754 1.88084e-08
619.86585 1.88079e-08
620.00409 1.88079e-08
620.14240 1.88084e-08
620.28070 1.88110e-08
620.41901 1.88199e-08
620.55731 1.88495e-08
620.69562 1.89366e-08
620.83392 1.91590e-08
620.97223 1.96437e-08
621.11054 2.05320e-08
621.24884 2.18820e-08
621.38715 2.35624e-08
621.52545 2.52374e-08
621.66376 2.64802e-08
621.80206 2.69409e-08
621.94031 2.64865e-08
622.07861 2.52506e-08
622.21692 2.35831e-08
622.35523 2.19114e-08
622.49353 2.05707e-08
622.63184 1.96920e-08
622.77014 1.92166e-08
622.90845 1.90030e-08
623.04675 1.89245e-08
623.18506 1.89032e-08
623.32336 1.89026e-08
623.46167 1.89083e-08
623.59998 1.89159e-08
623.73822 1.89242e-08
623.87653 1.89328e-08
624.01483 1.89417e-08
624.15314 1.89509e-08
624.29144 1.89603e-08
624.42975 1.89699e-08
624.56805 1.89798e-08
624.70636 1.89899e-08
624.84467 1.90003e-08
624.98297 1.90108e-08
625.12128 1.90216e-08
625.25958 1.90325e-08
625.39789 1.90437e-08
625.53619 1.90550e-08
625.67444 1.90664e-08
625.81274 1.90780e-08
625.95105 1.90898e-08
626.08936 1.91016e-08
626.22766 1.91136e-08
626.36597 1.91257e-08
626.50427 1.91379e-08
626.64258 1.91501e-08
626.78088 1.91624e-08
626.91919 1.91747e-08
627.05750 1.91871e-08
627.19580 1.91996e-08
627.33411 1.92120e-08
627.47235 1.92245e-08
627.61066 1.92369e-08
627.74896 1.92494e-08
627.88727 1.92618e-08
628.02557 1.92741e-08
628.16388 1.92864e-08
628.30219 1.92987e-08
628.44049 1.93109e-08
628.57880 1.93230e-08
628.71710 1.93350e-08
628.85541 1.93469e-08
628.99371 1.93586e-08
629.13202 1.93703e-08
629.27033 1.93818e-08
629.40857 1.93932e-08
629.54688 1.94044e-08
629.68518 1.94155e-08
629.82349 1.94264e-08
629.96179 1.94371e-08
630.10010 1.94477e-08
630.23840 1.94580e-08
630.37671 1.94682e-08
630.51502 1.94781e-08
630.65332 1.94879e-08
630.79163 1.94974e-08
630.92993 1.95068e-08
631.06824 1.95159e-08
631.20648 1.95248e-08
631.34479 1.95335e-08
631.48309 1.95420e-08
631.62140 1.95502e-08
631.75971 1.95583e-08
631.89801 1.95662e-08
632.03632 1.95740e-08
632.17462 1.95824e-08
632.31293 1.95938e-08
632.45123 1.96158e-08
632.58954 1.96675e-08
632.72784 1.97900e-08
632.86615 2.00524e-08
633.00446 2.05361e-08
633.14270 2.12857e-08
633.28101 2.22448e-08
633.41931 2.32271e-08
633.55762 2.39716e-08
633.69592 2.42522e-08
633.83423 2.39801e-08
633.97253 2.32447e-08
634.11084 2.22724e-08
634.24915 2.13242e-08
634.38745 2.05858e-08
634.52576 2.01137e-08
634.66406 1.98629e-08
634.80237 1.97516e-08
634.94067 1.97110e-08
635.07892 1.97002e-08
635.21722 1.96999e-08
635.35553 1.97028e-08
635.49384 1.97065e-08
635.63214 1.97103e-08
635.77045 1.97141e-08
635.90875 1.97178e-08
636.04706 1.97216e-08
636.18536 1.97254e-08
636.32367 1.97291e-08
636.46198 1.97329e-08
636.60028 1.97367e-08
636.73859 1.97406e-08
636.87683 1.97444e-08
637.01514 1.97483e-08
637.15344 1.97523e-08
637.29175 1.97563e-08
637.43005 1.97604e-08
637.56836 1.97646e-08
637.70667 1.97689e-08
637.84497 1.97733e-08
637.98328 1.97777e-08
638.12158 1.97823e-08
638.25989 1.97870e-08
638.39819 1.97918e-08
638.53650 1.97967e-08
638.67481 1.98018e-08
638.81305 1.98070e-08
638.95136 1.98123e-08
639.08966 1.98178e-08
639.22797 1.98234e-08
639.36627 1.98292e-08
639.50458 1.98351e-08
639.64288 1.98411e-08
639.78119 1.98473e-08
639.91950 1.98537e-08
640.05780 1.98602e-08
640.19611 1.98669e-08
640.33441 1.98737e-08
640.47272 1.98806e-08
640.61096 1.98877e-08
640.74927 1.98950e-08
640.88757 1.99024e-08
641.02588 1.99099e-08
641.16419 1.99176e-08
641.30249 1.99254e-08
641.44080 1.99334e-08
641.57910 1.99415e-08
641.71741 1.99497e-08
641.85571 1.99581e-08
641.99402 1.99665e-08
642.13232 1.99751e-08
642.27063 1.99837e-08
642.40894 1.99925e-08
642.54718 2.00013e-08
642.68549 2.00103e-08
642.82379 2.00193e-08
642.96210 2.00283e-08
643.10040 2.00375e-08
643.23871 2.00467e-08
643.37701 2.00559e-08
643.51532 2.00652e-08
643.65363 2.00745e-08
643.79193 2.00839e-08
643.93024 2.00932e-08
644.06854 2.01026e-08
644.20685 2.01120e-08
644.34509 2.01213e-08
644.48340 2.01307e-08
644.62170 2.01400e-08
644.76001 2.01494e-08
644.89832 2.01586e-08
645.03662 2.01679e-08
645.17493 2.01771e-08
645.31323 2.01862e-08
645.45154 2.01953e-08
645.58984 2.02043e-08
645.72815 2.02132e-08
645.86646 2.02220e-08
646.00476 2.02307e-08
646.14307 2.02393e-08
646.28131 2.02479e-08
646.41962 2.02563e-08
646.55792 2.02646e-08
646.69623 2.02728e-08
646.83453 2.02809e-08
646.97284 2.02888e-08
647.11115 2.02966e-08
647.24945 2.03042e-08
647.38776 2.03118e-08
647.52606 2.03191e-08
647.66437 2.03264e-08
647.80267 2.03334e-08
647.94098 2.03404e-08
648.07922 2.03471e-08
648.21753 2.03537e-08
648.35584 2.03602e-08
648.49414 2.03665e-08
648.63245 2.03726e-08
648.77075 2.03786e-08
648.90906 2.03844e-08
649.04736 2.03900e-08
649.18567 2.03955e-08
649.32398 2.04008e-08
649.46228 2.04060e-08
649.60059 2.04111e-08
649.73889 2.04168e-08
649.87720 2.04247e-08
650.01544 2.04408e-08
650.15375 2.04798e-08
650.29205 2.05733e-08
650.43036 2.07751e-08
650.56867 2.11496e-08
650.70697 2.17351e-08
650.84528 2.24911e-08
650.98358 2.32727e-08
651.12189 2.38695e-08
651.26019 2.40949e-08
651.39850 2.38749e-08
651.53680 2.32838e-08
651.67511 2.25082e-08
651.81342 2.17588e-08
651.95166 2.11803e-08
652.08997 2.08126e-08
652.22827 2.06176e-08
652.36658 2.05306e-08
652.50488 2.04982e-08
652.64319 2.04887e-08
652.78149 2.04874e-08
652.91980 2.04884e-08
653.05811 2.04899e-08
653.19641 2.04915e-08
653.33472 2.04930e-08
653.47302 2.04944e-08
653.61133 2.04957e-08
653.74957 2.04970e-08
653.88788 2.04981e-08
654.02618 2.04992e-08
654.16449 2.05001e-08
654.30280 2.05010e-08
654.44110 2.05018e-08
654.57941 2.05025e-08
654.71771 2.05031e-08
654.85602 2.05036e-08
654.99432 2.05040e-08
655.13263 2.05043e-08
655.27094 2.05045e-08
655.40924 2.05047e-08
655.54755 2.05047e-08
655.68579 2.05049e-08
655.82410 2.05058e-08
655.96240 2.05107e-08
656.10071 2.05306e-08
656.23901 2.06009e-08
656.37732 2.08119e-08
656.51563 2.13505e-08
656.65393 2.25048e-08
656.79224 2.45499e-08
656.93054 2.75176e-08
657.06885 3.10376e-08
657.20715 3.44084e-08
657.34546 3.68407e-08
657.48370 3.77260e-08
657.62201 3.68380e-08
657.76032 3.44030e-08
657.89862 3.10295e-08
658.03693 2.75063e-08
658.17523 2.45352e-08
658.31354 2.24865e-08
658.45184 2.13285e-08
658.59015 2.07862e-08
658.72846 2.05716e-08
658.86676 2.04978e-08
659.00507 2.04743e-08
659.14337 2.04658e-08
659.28168 2.04611e-08
659.41992 2.04572e-08
659.55823 2.04533e-08
659.69653 2.04492e-08
659.83484 2.04450e-08
659.97315 2.04405e-08
660.11145 2.04358e-08
660.24976 2.04310e-08
660.38806 2.04259e-08
660.52637 2.04207e-08
660.66467 2.04153e-08
660.80298 2.04097e-08
660.94128 2.04038e-08
661.07959 2.03978e-08
661.21783 2.03916e-08
661.35614 2.03852e-08
661.49445 2.03785e-08
661.63275 2.03717e-08
661.77106 2.03647e-08
661.90936 2.03575e-08
662.04767 2.03501e-08
662.18597 2.03425e-08
662.32428 2.03348e-08
662.46259 2.03269e-08
662.60089 2.03188e-08
662.73920 2.03105e-08
662.87750 2.03021e-08
663.01581 2.02935e-08
663.15405 2.02847e-08
663.29236 2.02758e-08
663.43066 2.02667e-08
663.56897 2.02575e-08
663.70728 2.02481e-08
663.84558 2.02387e-08
663.98389 2.02291e-08
664.12219 2.02193e-08
664.26050 2.02095e-08
664.39880 2.01996e-08
664.53711 2.01895e-08
664.67542 2.01794e-08
664.81372 2.01692e-08
664.95203 2.01589e-08
665.09027 2.01486e-08
665.22858 2.01381e-08
665.36688 2.01277e-08
665.50519 2.01172e-08
665.64349 2.01066e-08
665.78180 2.00960e-08
665.92011 2.00855e-08
666.05841 2.00748e-08
666.19672 2.00642e-08
666.33502 2.00536e-08
666.47333 2.00430e-08
666.61163 2.00324e-08
666.74994 2.00219e-08
666.88818 2.00113e-08
667.02649 2.00009e-08
667.16480 1.99904e-08
667.30310 1.99800e-08
667.44141 1.99697e-08
667.57971 1.99594e-08
667.71802 1.99493e-08
667.85632 1.99393e-08
667.99463 1.99294e-08
668.13294 1.99208e-08
668.27124 1.99163e-08
668.40955 1.99247e-08
668.54785 1.99699e-08
668.68616 2.01022e-08
668.82440 2.04049e-08
668.96271 2.09766e-08
669.10101 2.18684e-08
669.23932 2.30072e-08
669.37763 2.41674e-08
669.51593 2.50399e-08
669.65424 2.53607e-08
669.79254 2.50264e-08
669.93085 2.41392e-08
670.06915 2.29629e-08
670.20746 2.18063e-08
670.34576 2.08956e-08
670.48407 2.03050e-08
670.62231 1.99838e-08
670.76062 1.98337e-08
670.89893 1.97711e-08
671.03723 1.97454e-08
671.17554 1.97331e-08
671.31384 1.97247e-08
671.45215 1.97176e-08
671.59045 1.97107e-08
671.72876 1.97040e-08
671.86707 1.96975e-08
672.00537 1.96911e-08
672.14368 1.96847e-08
672.28198 1.96785e-08
672.42029 1.96724e-08
672.55853 1.96663e-08
672.69684 1.96604e-08
672.83514 1.96545e-08
672.97345 1.96487e-08
673.11176 1.96430e-08
673.25006 1.96373e-08
673.38837 1.96317e-08
673.52667 1.96261e-08
673.66498 1.96206e-08
673.80328 1.96151e-08
673.94159 1.96097e-08
674.07990 1.96042e-08
674.21820 1.95988e-08
674.35645 1.95934e-08
674.49475 1.95881e-08
674.63306 1.95827e-08
674.77136 1.95773e-08
674.90967 1.95719e-08
675.04797 1.95664e-08
675.18628 1.95610e-08
675.32459 1.95555e-08
675.46289 1.95500e-08
675.60120 1.95444e-08
675.73950 1.95387e-08
675.87781 1.95330e-08
676.01611 1.95272e-08
676.15442 1.95214e-08
676.29266 1.95154e-08
676.43097 1.95094e-08
676.56928 1.95033e-08
676.70758 1.94971e-08
676.84589 1.94909e-08
676.98419 1.94845e-08
677.12250 1.94780e-08
677.26080 1.94714e-08
677.39911 1.94647e-08
677.53742 1.94578e-08
677.67572 1.94509e-08
677.81403 1.94438e-08
677.95233 1.94367e-08
678.09058 1.94293e-08
678.22888 1.94219e-08
678.36719 1.94143e-08
678.50549 1.94067e-08
678.64380 1.93988e-08
678.78210 1.93909e-08
678.92041 1.93828e-08
679.05872 1.93746e-08
679.19702 1.93663e-08
679.33533 1.93579e-08
679.47363 1.93493e-08
679.61194 1.93407e-08
679.75024 1.93320e-08
679.88855 1.93234e-08
680.02679 1.93159e-08
680.16510 1.93128e-08
680.30341 1.93245e-08
680.44171 1.93783e-08
680.58002 1.95319e-08
680.71832 1.98808e-08
680.85663 2.05356e-08
680.99493 2.15505e-08
681.13324 2.28371e-08
681.27155 2.41388e-08
681.40985 2.51126e-08
681.54816 2.54697e-08
681.68646 2.50974e-08
681.82477 2.41070e-08
681.96301 2.27872e-08
682.10132 2.14799e-08
682.23962 2.04425e-08
682.37793 1.97653e-08
682.51624 1.93946e-08
682.65454 1.92202e-08
682.79285 1.91463e-08
682.93115 1.91149e-08
683.06946 1.90985e-08
683.20776 1.90868e-08
683.34607 1.90762e-08
683.48438 1.90659e-08
683.62268 1.90557e-08
683.76093 1.90456e-08
683.89923 1.90354e-08
684.03754 1.90254e-08
684.17584 1.90153e-08
684.31415 1.90053e-08
684.45245 1.89954e-08
684.59076 1.89855e-08
684.72907 1.89757e-08
684.86737 1.89660e-08
685.00568 1.89563e-08
685.14398 1.89467e-08
685.28229 1.89372e-08
685.42059 1.89277e-08
685.55890 1.89184e-08
685.69714 1.89091e-08
685.83545 1.89000e-08
685.97376 1.88909e-08
686.11206 1.88820e-08
686.25037 1.88732e-08
686.38867 1.88649e-08
686.52698 1.88580e-08
686.66528 1.88570e-08
686.80359 1.88745e-08
686.94190 1.89440e-08
687.08020 1.91365e-08
687.21851 1.95685e-08
687.35681 2.03709e-08
687.49506 2.16010e-08
687.63336 2.31427e-08
687.77167 2.46873e-08
687.90997 2.58350e-08
688.04828 2.62564e-08
688.18658 2.58243e-08
688.32489 2.46648e-08
688.46320 2.31068e-08
688.60150 2.15496e-08
688.73981 2.03024e-08
688.87811 1.94831e-08
689.01642 1.90347e-08
689.15472 1.88263e-08
689.29303 1.87415e-08
689.43127 1.87090e-08
689.56958 1.86953e-08
689.70789 1.86871e-08
689.84619 1.86805e-08
689.98450 1.86744e-08
690.12280 1.86684e-08
690.26111 1.86625e-08
690.39941 1.86566e-08
690.53772 1.86508e-08
690.67603 1.86451e-08
690.81433 1.86395e-08
690.95264 1.86339e-08
691.09094 1.86284e-08
691.22919 1.86229e-08
691.36749 1.86175e-08
691.50580 1.86122e-08
691.64410 1.86071e-08
691.78241 1.86029e-08
691.92072 1.86027e-08
692.05902 1.86171e-08
692.19733 1.86803e-08
692.33563 1.88794e-08
692.47394 1.93948e-08
692.61224 2.05018e-08
692.75055 2.24594e-08
692.88886 2.52900e-08
693.02716 2.86340e-08
693.16541 3.18255e-08
693.30371 3.41247e-08
693.44202 3.49605e-08
693.58032 3.41197e-08
693.71863 3.18144e-08
693.85693 2.86143e-08
693.99524 2.52607e-08
694.13355 2.24191e-08
694.27185 2.04495e-08
694.41016 1.93308e-08
694.54846 1.88045e-08
694.68677 1.85951e-08
694.82507 1.85221e-08
694.96338 1.84980e-08
695.10162 1.84887e-08
695.23993 1.84833e-08
695.37824 1.84789e-08
695.51654 1.84746e-08
695.65485 1.84705e-08
695.79315 1.84663e-08
695.93146 1.84622e-08
696.06976 1.84582e-08
696.20807 1.84542e-08
696.34638 1.84503e-08
696.48468 1.84465e-08
696.62299 1.84427e-08
696.76129 1.84390e-08
696.89954 1.84353e-08
697.03784 1.84317e-08
697.17615 1.84282e-08
697.31445 1.84248e-08
697.45276 1.84215e-08
697.59106 1.84182e-08
697.72937 1.84150e-08
697.86768 1.84119e-08
698.00598 1.84090e-08
698.14429 1.84061e-08
698.28259 1.84033e-08
698.42090 1.84006e-08
698.55920 1.83981e-08
698.69751 1.83956e-08
698.83575 1.83933e-08
698.97406 1.83911e-08
699.11237 1.83890e-08
699.25067 1.83870e-08
699.38898 1.83852e-08
699.52728 1.83835e-08
699.66559 1.83819e-08
699.80389 1.83804e-08
699.94220 1.83791e-08
700.08051 1.83779e-08
700.21881 1.83769e-08
700.35712 1.83760e-08
700.49542 1.83752e-08
700.63367 1.83746e-08
700.77197 1.83742e-08
700.91028 1.83739e-08
701.04858 1.83737e-08
701.18689 1.83737e-08
701.32520 1.83738e-08
701.46350 1.83741e-08
701.60181 1.83745e-08
701.74011 1.83751e-08
701.87842 1.83759e-08
702.01672 1.83768e-08
702.15503 1.83778e-08
702.29334 1.83790e-08
702.43164 1.83804e-08
702.56989 1.83818e-08
702.70819 1.83835e-08
702.84650 1.83853e-08
702.98480 1.83872e-08
703.12311 1.83893e-08
703.26141 1.83915e-08
703.39972 1.83939e-08
703.53803 1.83965e-08
703.67633 1.83995e-08
703.81464 1.84038e-08
703.95294 1.84129e-08
704.09125 1.84373e-08
704.22955 1.85046e-08
704.36780 1.86732e-08
704.50610 1.90398e-08
704.64441 1.97149e-08
704.78272 2.07513e-08
704.92102 2.20570e-08
705.05933 2.33740e-08
705.19763 2.43596e-08
705.33594 2.47272e-08
705.47424 2.43661e-08
705.61255 2.33874e-08
705.75085 2.20783e-08
705.88916 2.07813e-08
706.02747 1.97542e-08
706.16577 1.90887e-08
706.30402 1.87314e-08
706.44232 1.85715e-08
706.58063 1.85126e-08
706.71893 1.84965e-08
706.85724 1.84956e-08
706.99554 1.84995e-08
707.13385 1.85046e-08
707.27216 1.85100e-08
707.41046 1.85155e-08
707.54877 1.85212e-08
707.68707 1.85269e-08
707.82538 1.85326e-08
707.96368 1.85385e-08
708.10193 1.85444e-08
708.24023 1.85504e-08
708.37854 1.85565e-08
708.51685 1.85626e-08
708.65515 1.85688e-08
708.79346 1.85750e-08
708.93176 1.85813e-08
709.07007 1.85877e-08
709.20837 1.85941e-08
709.34668 1.86006e-08
709.48499 1.86072e-08
709.62329 1.86139e-08
709.76160 1.86206e-08
709.89990 1.86274e-08
710.03815 1.86342e-08
710.17645 1.86411e-08
710.31476 1.86481e-08
710.45306 1.86552e-08
710.59137 1.86623e-08
710.72968 1.86695e-08
710.86798 1.86768e-08
711.00629 1.86842e-08
711.14459 1.86916e-08
711.28290 1.86992e-08
711.42120 1.87068e-08
711.55951 1.87145e-08
711.69782 1.87223e-08
711.83612 1.87302e-08
711.97437 1.87382e-08
712.11267 1.87463e-08
712.25098 1.87545e-08
712.38928 1.87628e-08
712.52759 1.87712e-08
712.66589 1.87797e-08
712.80420 1.87883e-08
712.94251 1.87971e-08
713.08081 1.88059e-08
713.21912 1.88149e-08
713.35742 1.88240e-08
713.49573 1.88332e-08
713.63403 1.88426e-08
713.77228 1.88520e-08
713.91058 1.88616e-08
714.04889 1.88714e-08
714.18720 1.88812e-08
714.32550 1.88913e-08
714.46381 1.89014e-08
714.60211 1.89117e-08
714.74042 1.89221e-08
714.87872 1.89327e-08
715.01703 1.89435e-08
715.15533 1.89543e-08
715.29364 1.89654e-08
715.43195 1.89766e-08
715.57025 1.89884e-08
715.70850 1.90019e-08
715.84680 1.90219e-08
715.98511 1.90626e-08
716.12341 1.91614e-08
716.26172 1.93970e-08
716.40002 1.98978e-08
716.53833 2.08066e-08
716.67664 2.21818e-08
716.81494 2.38901e-08
716.95325 2.55923e-08
717.09155 2.68561e-08
717.22986 2.73286e-08
717.36816 2.68750e-08
717.50641 2.56323e-08
717.64471 2.39542e-08
717.78302 2.22732e-08
717.92133 2.09277e-08
718.05963 2.00493e-08
718.19794 1.95779e-08
718.33624 1.93703e-08
718.47455 1.92986e-08
718.61285 1.92843e-08
718.75116 1.92906e-08
718.88947 1.93031e-08
719.02777 1.93174e-08
719.16608 1.93321e-08
719.30438 1.93470e-08
719.44263 1.93620e-08
719.58093 1.93771e-08
719.71924 1.93922e-08
719.85754 1.94074e-08
719.99585 1.94227e-08
720.13416 1.94381e-08
720.27246 1.94535e-08
720.41077 1.94689e-08
720.54907 1.94845e-08
720.68738 1.95000e-08
720.82568 1.95156e-08
720.96399 1.95313e-08
721.10230 1.95469e-08
721.24054 1.95626e-08
721.37885 1.95783e-08
721.51715 1.95941e-08
721.65546 1.96098e-08
721.79376 1.96256e-08
721.93207 1.96413e-08
722.07037 1.96571e-08
722.20868 1.96729e-08
722.34699 1.96886e-08
722.48529 1.97043e-08
722.62360 1.97201e-08
722.76190 1.97358e-08
722.90021 1.97514e-08
723.03851 1.97671e-08
723.17676 1.97827e-08
723.31506 1.97983e-08
723.45337 1.98138e-08
723.59168 1.98293e-08
723.72998 1.98448e-08
723.86829 1.98602e-08
724.00659 1.98756e-08
724.14490 1.98909e-08
724.28320 1.99061e-08
724.42151 1.99214e-08
724.55981 1.99365e-08
724.69812 1.99517e-08
724.83643 1.99667e-08
724.97473 1.99817e-08
725.11298 1.99967e-08
725.25128 2.00116e-08
725.38959 2.00264e-08
725.52789 2.00412e-08
725.66620 2.00560e-08
725.80450 2.00707e-08
725.94281 2.00853e-08
726.08112 2.00999e-08
726.21942 2.01145e-08
726.35773 2.01290e-08
726.49603 2.01434e-08
726.63434 2.01579e-08
726.77264 2.01723e-08
726.91089 2.01866e-08
727.04919 2.02009e-08
727.18750 2.02152e-08
727.32581 2.02295e-08
727.46411 2.02437e-08
727.60242 2.02581e-08
727.74072 2.02729e-08
727.87903 2.02897e-08
728.01733 2.03145e-08
728.15564 2.03654e-08
728.29395 2.04900e-08
728.43225 2.07878e-08
728.57056 2.14197e-08
728.70886 2.25603e-08
728.84711 2.42721e-08
728.98541 2.63800e-08
729.12372 2.84634e-08
729.26202 3.00011e-08
729.40033 3.05733e-08
729.53864 3.00206e-08
729.67694 2.85045e-08
729.81525 2.64465e-08
729.95355 2.43684e-08
730.09186 2.26892e-08
730.23016 2.15830e-08
730.36847 2.09842e-08
730.50678 2.07179e-08
730.64502 2.06235e-08
730.78333 2.06019e-08
730.92163 2.06063e-08
731.05994 2.06186e-08
731.19824 2.06330e-08
731.33655 2.06479e-08
731.47485 2.06630e-08
731.61316 2.06783e-08
731.75147 2.06935e-08
731.88977 2.07088e-08
732.02808 2.07243e-08
732.16638 2.07397e-08
732.30469 2.07553e-08
732.44299 2.07710e-08
732.58124 2.07867e-08
732.71954 2.08024e-08
732.85785 2.08183e-08
732.99616 2.08342e-08
733.13446 2.08502e-08
733.27277 2.08663e-08
733.41107 2.08825e-08
733.54938 2.08987e-08
733.68768 2.09150e-08
733.82599 2.09314e-08
733.96429 2.09478e-08
734.10260 2.09643e-08
734.24091 2.09809e-08
734.37915 2.09975e-08
734.51746 2.10142e-08
734.65576 2.10310e-08
734.79407 2.10478e-08
734.93237 2.10646e-08
735.07068 2.10815e-08
735.20898 2.10984e-08
735.34729 2.11153e-08
735.48560 2.11324e-08
735.62390 2.11494e-08
735.76221 2.11665e-08
735.90051 2.11835e-08
736.03882 2.12006e-08
736.17712 2.12178e-08
736.31537 2.12349e-08
736.45367 2.12521e-08
736.59198 2.12692e-08
736.73029 2.12864e-08
736.86859 2.13035e-08
737.00690 2.13207e-08
737.14520 2.13379e-08
737.28351 2.13550e-08
737.42181 2.13722e-08
737.56012 2.13893e-08
737.69843 2.14064e-08
737.83673 2.14235e-08
737.97504 2.14406e-08
738.11334 2.14576e-08
738.25159 2.14747e-08
738.38989 2.14917e-08
738.52820 2.15086e-08
738.66650 2.15256e-08
738.80481 2.15425e-08
738.94312 2.15594e-08
739.08142 2.15763e-08
739.21973 2.15931e-08
739.35803 2.16099e-08
739.49634 2.16267e-08
739.63464 2.16435e-08
739.77295 2.16606e-08
739.91126 2.16792e-08
740.04950 2.17037e-08
740.18781 2.17474e-08
740.32611 2.18454e-08
740.46442 2.20715e-08
740.60272 2.25476e-08
740.74103 2.34118e-08
740.87933 2.47278e-08
741.01764 2.63766e-08
741.15595 2.80334e-08
741.29425 2.92722e-08
741.43256 2.97386e-08
741.57086 2.92969e-08
741.70917 2.80849e-08
741.84747 2.64586e-08
741.98572 2.48449e-08
742.12402 2.35660e-08
742.26233 2.27393e-08
742.40064 2.22996e-08
742.53894 2.21085e-08
742.67725 2.20446e-08
742.81555 2.20345e-08
742.95386 2.20435e-08
743.09216 2.20583e-08
743.23047 2.20747e-08
743.36877 2.20914e-08
743.50708 2.21083e-08
743.64539 2.21252e-08
743.78363 2.21422e-08
743.92194 2.21593e-08
744.06024 2.21764e-08
744.19855 2.21936e-08
744.33685 2.22109e-08
744.47516 2.22282e-08
744.61346 2.22457e-08
744.75177 2.22632e-08
744.89008 2.22808e-08
745.02838 2.22985e-08
745.16669 2.23163e-08
745.30499 2.23342e-08
745.44330 2.23521e-08
745.58160 2.23702e-08
745.71985 2.23884e-08
745.85815 2.24067e-08
745.99646 2.24251e-08
746.13477 2.24436e-08
746.27307 2.24622e-08
746.41138 2.24808e-08
746.54968 2.24996e-08
746.68799 2.25185e-08
746.82629 2.25375e-08
746.96460 2.25565e-08
747.10291 2.25757e-08
747.24121 2.25950e-08
747.37952 2.26143e-08
747.51776 2.26337e-08
747.65607 2.26532e-08
747.79437 2.26728e-08
747.93268 2.26925e-08
748.07098 2.27122e-08
748.20929 2.27320e-08
748.34760 2.27518e-08
748.48590 2.27717e-08
748.62421 2.27916e-08
748.76251 2.28116e-08
748.90082 2.28316e-08
749.03912 2.28516e-08
749.17743 2.28717e-08
749.31574 2.28917e-08
749.45398 2.29117e-08
749.59229 2.29318e-08
749.73059 2.29518e-08
749.86890 2.29717e-08
750.00720 2.29917e-08
750.14551 2.30116e-08
750.28381 2.30314e-08
750.42212 2.30512e-08
750.56043 2.30708e-08
750.69873 2.30904e-08
750.83704 2.31099e-08
750.97534 2.31293e-08
751.11365 2.31486e-08
751.25189 2.31678e-08
751.39020 2.31868e-08
751.52850 2.32056e-08
751.66681 2.32244e-08
751.80512 2.32435e-08
751.94342 2.32640e-08
752.08173 2.32907e-08
752.22003 2.33383e-08
752.35834 2.34451e-08
752.49664 2.36920e-08
752.63495 2.42120e-08
752.77325 2.51558e-08
752.91156 2.65923e-08
753.04987 2.83905e-08
753.18811 3.01948e-08
753.32642 3.15433e-08
753.46472 3.20498e-08
753.60303 3.15666e-08
753.74133 3.02435e-08
753.87964 2.84673e-08
754.01794 2.67021e-08
754.15625 2.53011e-08
754.29456 2.43931e-08
754.43286 2.39079e-08
754.57117 2.36940e-08
754.70947 2.36191e-08
754.84778 2.36027e-08
754.98608 2.36069e-08
755.12433 2.36171e-08
755.26263 2.36286e-08
755.40094 2.36402e-08
755.53925 2.36515e-08
755.67755 2.36626e-08
755.81586 2.36733e-08
755.95416 2.36837e-08
756.09247 2.36939e-08
756.23077 2.37037e-08
756.36908 2.37132e-08
756.50739 2.37225e-08
756.64569 2.37315e-08
756.78400 2.37401e-08
756.92224 2.37486e-08
757.06055 2.37567e-08
757.19885 2.37646e-08
757.33716 2.37722e-08
757.47546 2.37796e-08
757.61377 2.37868e-08
757.75208 2.37937e-08
757.89038 2.38005e-08
758.02869 2.38070e-08
758.16699 2.38133e-08
758.30530 2.38194e-08
758.44360 2.38254e-08
758.58191 2.38312e-08
758.72022 2.38368e-08
758.85846 2.38423e-08
758.99677 2.38477e-08
759.13507 2.38529e-08
759.27338 2.38580e-08
759.41168 2.38630e-08
759.54999 2.38679e-08
759.68829 2.38728e-08
759.82660 2.38775e-08
759.96491 2.38822e-08
760.10321 2.38869e-08
760.24152 2.38915e-08
760.37982 2.38961e-08
760.51813 2.39007e-08
760.65637 2.39053e-08
760.79468 2.39098e-08
760.93298 2.39144e-08
761.07129 2.39190e-08
761.20960 2.39237e-08
761.34790 2.39283e-08
761.48621 2.39331e-08
761.62451 2.39378e-08
761.76282 2.39426e-08
761.90112 2.39475e-08
762.03943 2.39525e-08
762.17773 2.39575e-08
762.31604 2.39626e-08
762.45435 2.39678e-08
762.59259 2.39731e-08
762.73090 2.39785e-08
762.86920 2.39840e-08
763.00751 2.39896e-08
763.14581 2.39953e-08
763.28412 2.40011e-08
763.42242 2.40070e-08
763.56073 2.40130e-08
763.69904 2.40191e-08
763.83734 2.40259e-08
763.97565 2.40345e-08
764.11395 2.40503e-08
764.25226 2.40893e-08
764.39050 2.41936e-08
764.52881 2.44519e-08
764.66711 2.50100e-08
764.80542 2.60323e-08
764.94373 2.75913e-08
765.08203 2.95410e-08
765.22034 3.14944e-08
765.35864 3.29493e-08
765.49695 3.34908e-08
765.63525 3.29599e-08
765.77356 3.15166e-08
765.91187 2.95764e-08
766.05017 2.76417e-08
766.18848 2.60991e-08
766.32672 2.50937e-08
766.46503 2.45512e-08
766.60333 2.43078e-08
766.74164 2.42178e-08
766.87994 2.41928e-08
767.01825 2.41908e-08
767.15656 2.41957e-08
767.29486 2.42024e-08
767.43317 2.42095e-08
767.57147 2.42165e-08
767.70978 2.42235e-08
767.84808 2.42304e-08
767.98639 2.42371e-08
768.12470 2.42438e-08
768.26294 2.42503e-08
768.40125 2.42567e-08
768.53955 2.42629e-08
768.67786 2.42690e-08
768.81616 2.42749e-08
768.95447 2.42806e-08
769.09277 2.42862e-08
769.23108 2.42915e-08
769.36939 2.42967e-08
769.50769 2.43017e-08
769.64600 2.43064e-08
769.78430 2.43110e-08
769.92261 2.43153e-08
770.06085 2.43194e-08
770.19916 2.43232e-08
770.33746 2.43268e-08
770.47577 2.43302e-08
770.61408 2.43333e-08
770.75238 2.43362e-08
770.89069 2.43388e-08
771.02899 2.43412e-08
771.16730 2.43433e-08
771.30560 2.43452e-08
771.44391 2.43468e-08
771.58221 2.43481e-08
771.72052 2.43492e-08
771.85883 2.43500e-08
771.99707 2.43506e-08
772.13538 2.43510e-08
772.27368 2.43511e-08
772.41199 2.43509e-08
772.55029 2.43506e-08
772.68860 2.43500e-08
772.82690 2.43491e-08
772.96521 2.43481e-08
773.10352 2.43468e-08
773.24182 2.43454e-08
773.38013 2.43438e-08
773.51843 2.43419e-08
773.65674 2.43399e-08
773.79498 2.43377e-08
773.93329 2.43354e-08
774.07159 2.43329e-08
774.20990 2.43303e-08
774.34821 2.43275e-08
774.48651 2.43247e-08
774.62482 2.43217e-08
774.76312 2.43187e-08
774.90143 2.43160e-08
775.03973 2.43158e-08
775.17804 2.43310e-08
775.31635 2.44263e-08
775.45465 2.48761e-08
775.59296 2.66195e-08
775.73120 3.19643e-08
775.86951 4.43349e-08
776.00781 6.64505e-08
776.14612 9.93706e-08
776.28442 1.42298e-07
776.42273 1.92117e-07
776.56104 2.43172e-07
776.69934 2.87959e-07
776.83765 3.18767e-07
776.97595 3.29760e-07
777.11426 3.18765e-07
777.25256 2.87958e-07
777.39087 2.43167e-07
777.52911 1.92137e-07
777.66742 1.42314e-07
777.80573 9.93768e-08
777.94403 6.64492e-08
778.08234 4.43185e-08
778.22064 3.19331e-08
778.35895 2.65735e-08
778.49725 2.48232e-08
778.63556 2.43686e-08
778.77387 2.42695e-08
778.91217 2.42509e-08
779.05048 2.42482e-08
779.18878 2.42483e-08
779.32709 2.42490e-08
779.46533 2.42500e-08
779.60364 2.42514e-08
779.74194 2.42531e-08
779.88025 2.42550e-08
780.01856 2.42573e-08
780.15686 2.42598e-08
780.29517 2.42627e-08
780.43347 2.42658e-08
780.57178 2.42693e-08
780.71008 2.42731e-08
780.84839 2.42772e-08
780.98669 2.42816e-08
781.12500 2.42863e-08
781.26325 2.42913e-08
781.40155 2.42966e-08
781.53986 2.43023e-08
781.67816 2.43082e-08
781.81647 2.43144e-08
781.95477 2.43209e-08
782.09308 2.43278e-08
782.23138 2.43349e-08
782.36969 2.43423e-08
782.50800 2.43500e-08
782.64630 2.43580e-08
782.78461 2.43662e-08
782.92291 2.43747e-08
783.06122 2.43835e-08
783.19946 2.43925e-08
783.33777 2.44017e-08
783.47607 2.44112e-08
783.61438 2.44209e-08
783.75269 2.44309e-08
783.89099 2.44410e-08
784.02930 2.44514e-08
784.16760 2.44620e-08
784.30591 2.44727e-08
784.44421 2.44837e-08
784.58252 2.44948e-08
784.72083 2.45061e-08
784.85913 2.45176e-08
784.99744 2.45292e-08
785.13568 2.45409e-08
785.27399 2.45528e-08
785.41229 2.45648e-08
785.55060 2.45769e-08
785.68890 2.45892e-08
785.82721 2.46015e-08
785.96552 2.46139e-08
786.10382 2.46264e-08
786.24213 2.46390e-08
786.38043 2.46517e-08
786.51874 2.46644e-08
786.65704 2.46772e-08
786.79535 2.46901e-08
786.93359 2.47029e-08
787.07190 2.47159e-08
787.21021 2.47288e-08
787.34851 2.47420e-08
787.48682 2.47557e-08
787.62512 2.47720e-08
787.76343 2.47986e-08
787.90173 2.48584e-08
788.04004 2.50118e-08
788.17835 2.53853e-08
788.31665 2.61829e-08
788.45496 2.76247e-08
788.59326 2.97876e-08
788.73157 3.24457e-08
788.86981 3.50663e-08
789.00812 3.69983e-08
789.14642 3.77144e-08
789.28473 3.70157e-08
789.42304 3.51031e-08
789.56134 3.25042e-08
789.69965 2.98734e-08
789.83795 2.77410e-08
789.97626 2.63306e-08
790.11456 2.55632e-08
790.25287 2.52183e-08
790.39117 2.50920e-08
790.52948 2.50586e-08
790.66773 2.50583e-08
790.80603 2.50679e-08
790.94434 2.50801e-08
791.08264 2.50928e-08
791.22095 2.51058e-08
791.35925 2.51187e-08
791.49756 2.51317e-08
791.63586 2.51447e-08
791.77417 2.51577e-08
791.91248 2.51707e-08
792.05078 2.51838e-08
792.18909 2.51969e-08
792.32739 2.52100e-08
792.46570 2.52232e-08
792.60394 2.52364e-08
792.74225 2.52497e-08
792.88055 2.52630e-08
793.01886 2.52763e-08
793.15717 2.52898e-08
793.29547 2.53033e-08
793.43378 2.53169e-08
793.57208 2.53305e-08
793.71039 2.53442e-08
793.84869 2.53580e-08
793.98700 2.53719e-08
794.12531 2.53859e-08
794.26361 2.54000e-08
794.40186 2.54141e-08
794.54016 2.54283e-08
794.67847 2.54427e-08
794.81677 2.54571e-08
794.95508 2.54717e-08
795.09338 2.54869e-08
795.23169 2.55038e-08
795.37000 2.55277e-08
795.50830 2.55742e-08
795.64661 2.56841e-08
795.78491 2.59436e-08
795.92322 2.64947e-08
796.06152 2.74991e-08
796.19983 2.90311e-08
796.33807 3.09515e-08
796.47638 3.28833e-08
796.61469 3.43276e-08
796.75299 3.48699e-08
796.89130 3.43512e-08
797.02960 3.29328e-08
797.16791 3.10302e-08
797.30621 2.91421e-08
797.44452 2.76459e-08
797.58283 2.66777e-08
797.72113 2.61616e-08
797.85944 2.59356e-08
797.99774 2.58581e-08
798.13605 2.58434e-08
798.27429 2.58509e-08
798.41260 2.58652e-08
798.55090 2.58813e-08
798.68921 2.58979e-08
798.82752 2.59145e-08
798.96582 2.59317e-08
799.10413 2.59511e-08
799.24243 2.59807e-08
799.38074 2.60496e-08
799.51904 2.62481e-08
799.65735 2.68045e-08
799.79565 2.81733e-08
799.93396 3.09891e-08
800.07221 3.57207e-08
800.21051 4.22191e-08
800.34882 4.95762e-08
800.48712 5.63969e-08
800.62543 6.12272e-08
800.76373 6.29761e-08
800.90204 6.12405e-08
801.04034 5.64263e-08
801.17865 4.96258e-08
801.31696 4.22969e-08
801.45526 3.58360e-08
801.59357 3.11468e-08
801.73187 2.83768e-08
801.87018 2.70490e-08
802.00842 2.65287e-08
802.14673 2.63631e-08
802.28503 2.63255e-08
802.42334 2.63266e-08
802.56165 2.63376e-08
802.69995 2.63507e-08
802.83826 2.63639e-08
802.97656 2.63770e-08
803.11487 2.63899e-08
803.25317 2.64026e-08
803.39148 2.64150e-08
803.52979 2.64271e-08
803.66809 2.64390e-08
803.80634 2.64506e-08
803.94464 2.64619e-08
804.08295 2.64730e-08
804.22125 2.64838e-08
804.35956 2.64944e-08
804.49786 2.65046e-08
804.63617 2.65146e-08
804.77448 2.65243e-08
804.91278 2.65337e-08
805.05109 2.65428e-08
805.18939 2.65517e-08
805.32770 2.65603e-08
805.46600 2.65686e-08
805.60431 2.65766e-08
805.74255 2.65843e-08
805.88086 2.65918e-08
806.01917 2.65990e-08
806.15747 2.66059e-08
806.29578 2.66126e-08
806.43408 2.66190e-08
806.57239 2.66251e-08
806.71069 2.66310e-08
806.84900 2.66367e-08
806.98731 2.66421e-08
807.12561 2.66473e-08
807.26392 2.66522e-08
807.40222 2.66570e-08
807.54047 2.66615e-08
807.67877 2.66658e-08
807.81708 2.66699e-08
807.95538 2.66739e-08
808.09369 2.66776e-08
808.23200 2.66812e-08
808.37030 2.66847e-08
808.50861 2.66879e-08
808.64691 2.66910e-08
808.78522 2.66941e-08
808.92352 2.66970e-08
809.06183 2.66998e-08
809.20013 2.67025e-08
809.33844 2.67051e-08
809.47669 2.67076e-08
809.61499 2.67101e-08
809.75330 2.67125e-08
809.89160 2.67149e-08
810.02991 2.67172e-08
810.16821 2.67196e-08
810.30652 2.67219e-08
810.44482 2.67242e-08
810.58313 2.67265e-08
810.72144 2.67289e-08
810.85974 2.67313e-08
810.99805 2.67338e-08
811.13635 2.67364e-08
811.27460 2.67397e-08
811.41290 2.67452e-08
811.55121 2.67596e-08
811.68951 2.68030e-08
811.82782 2.69273e-08
811.96613 2.72429e-08
812.10443 2.79293e-08
812.24274 2.91871e-08
812.38104 3.10986e-08
812.51935 3.34784e-08
812.65765 3.58511e-08
812.79596 3.76114e-08
812.93427 3.82635e-08
813.07257 3.76179e-08
813.21082 3.58656e-08
813.34912 3.35013e-08
813.48743 3.11309e-08
813.62573 2.92294e-08
813.76404 2.79821e-08
813.90234 2.73060e-08
814.04065 2.70005e-08
814.17896 2.68860e-08
814.31726 2.68525e-08
814.45557 2.68481e-08
814.59387 2.68527e-08
814.73218 2.68597e-08
814.87048 2.68676e-08
815.00879 2.68759e-08
815.14703 2.68845e-08
815.28534 2.68934e-08
815.42365 2.69027e-08
815.56195 2.69122e-08
815.70026 2.69220e-08
815.83856 2.69321e-08
815.97687 2.69425e-08
816.11517 2.69532e-08
816.25348 2.69642e-08
816.39179 2.69756e-08
816.53009 2.69872e-08
816.66840 2.69991e-08
816.80670 2.70113e-08
816.94495 2.70238e-08
817.08325 2.70366e-08
817.22156 2.70496e-08
817.35986 2.70629e-08
817.49817 2.70765e-08
817.63648 2.70903e-08
817.77478 2.71044e-08
817.91309 2.71187e-08
818.05139 2.71332e-08
818.18970 2.71480e-08
818.32800 2.71629e-08
818.46631 2.71781e-08
818.60461 2.71935e-08
818.74292 2.72090e-08
818.88117 2.72247e-08
819.01947 2.72406e-08
819.15778 2.72565e-08
819.29608 2.72727e-08
819.43439 2.72889e-08
819.57269 2.73052e-08
819.71100 2.73216e-08
819.84930 2.73382e-08
819.98761 2.73547e-08
820.12592 2.73713e-08
820.26422 2.73879e-08
820.40253 2.74046e-08
820.54083 2.74212e-08
820.67908 2.74378e-08
820.81738 2.74543e-08
820.95569 2.74708e-08
821.09399 2.74873e-08
821.23230 2.75036e-08
821.37061 2.75198e-08
821.50891 2.75359e-08
821.64722 2.75519e-08
821.78552 2.75676e-08
821.92383 2.75832e-08
822.06213 2.75986e-08
822.20044 2.76138e-08
822.33875 2.76288e-08
822.47705 2.76435e-08
822.61530 2.76579e-08
822.75360 2.76721e-08
822.89191 2.76859e-08
823.03021 2.76997e-08
823.16852 2.77138e-08
823.30682 2.77308e-08
823.44513 2.77601e-08
823.58344 2.78307e-08
823.72174 2.80176e-08
823.86005 2.84786e-08
823.99835 2.94659e-08
824.13666 3.12473e-08
824.27496 3.39068e-08
824.41321 3.71549e-08
824.55151 4.03434e-08
824.68982 4.26831e-08
824.82813 4.35456e-08
824.96643 4.26936e-08
825.10474 4.03655e-08
825.24304 3.71910e-08
825.38135 3.39579e-08
825.51965 3.13171e-08
825.65796 2.95551e-08
825.79627 2.85864e-08
825.93457 2.81427e-08
826.07288 2.79720e-08
826.21118 2.79169e-08
826.34943 2.79028e-08
826.48773 2.79008e-08
826.62604 2.79015e-08
826.76434 2.79024e-08
826.90265 2.79030e-08
827.04096 2.79030e-08
827.17926 2.79026e-08
827.31757 2.79017e-08
827.45587 2.79002e-08
827.59418 2.78983e-08
827.73248 2.78960e-08
827.87079 2.78932e-08
828.00909 2.78899e-08
828.14740 2.78863e-08
828.28565 2.78822e-08
828.42395 2.78777e-08
828.56226 2.78728e-08
828.70056 2.78675e-08
828.83887 2.78619e-08
828.97717 2.78559e-08
829.11548 2.78497e-08
829.25378 2.78431e-08
829.39209 2.78362e-08
829.53040 2.78290e-08
829.66870 2.78216e-08
829.80701 2.78140e-08
829.94531 2.78061e-08
830.08356 2.77981e-08
830.22186 2.77899e-08
830.36017 2.77815e-08
830.49847 2.77731e-08
830.63678 2.77645e-08
830.77509 2.77558e-08
830.91339 2.77471e-08
831.05170 2.77383e-08
831.19000 2.77295e-08
831.32831 2.77207e-08
831.46661 2.77120e-08
831.60492 2.77032e-08
831.74323 2.76946e-08
831.88153 2.76860e-08
832.01978 2.76775e-08
832.15808 2.76692e-08
832.29639 2.76610e-08
832.43469 2.76529e-08
832.57300 2.76450e-08
832.71130 2.76374e-08
832.84961 2.76300e-08
832.98792 2.76228e-08
833.12622 2.76158e-08
833.26453 2.76092e-08
833.40283 2.76027e-08
833.54114 2.75966e-08
833.67944 2.75909e-08
833.81769 2.75854e-08
833.95599 2.75803e-08
834.09430 2.75755e-08
834.23261 2.75711e-08
834.37091 2.75671e-08
834.50922 2.75635e-08
834.64752 2.75602e-08
834.78583 2.75574e-08
834.92413 2.75549e-08
835.06244 2.75529e-08
835.20075 2.75516e-08
835.33905 2.75511e-08
835.47736 2.75538e-08
835.61566 2.75673e-08
835.75391 2.76152e-08
835.89221 2.77594e-08
836.03052 2.81299e-08
836.16882 2.89373e-08
836.30713 3.04122e-08
836.44544 3.26408e-08
836.58374 3.53953e-08
836.72205 3.81244e-08
836.86035 4.01395e-08
836.99866 4.08838e-08
837.13696 4.01454e-08
837.27527 3.81367e-08
837.41357 3.54153e-08
837.55182 3.26705e-08
837.69013 3.04512e-08
837.82843 2.89860e-08
837.96674 2.81876e-08
838.10504 2.78259e-08
838.24335 2.76899e-08
838.38165 2.76498e-08
838.51996 2.76442e-08
838.65826 2.76491e-08
838.79657 2.76570e-08
838.93488 2.76657e-08
839.07318 2.76748e-08
839.21149 2.76842e-08
839.34979 2.76938e-08
839.48804 2.77035e-08
839.62634 2.77135e-08
839.76465 2.77236e-08
839.90295 2.77339e-08
840.04126 2.77443e-08
840.17957 2.77548e-08
840.31787 2.77654e-08
840.45618 2.77760e-08
840.59448 2.77867e-08
840.73279 2.77976e-08
840.87109 2.78089e-08
841.00940 2.78224e-08
841.14771 2.78440e-08
841.28595 2.78922e-08
841.42426 2.80158e-08
841.56256 2.83170e-08
841.70087 2.89642e-08
841.83917 3.01471e-08
841.97748 3.19496e-08
842.11578 3.42034e-08
842.25409 3.64614e-08
842.39240 3.81434e-08
842.53070 3.87700e-08
842.66901 3.81574e-08
842.80731 3.64908e-08
842.94562 3.42503e-08
843.08392 3.20164e-08
843.22217 3.02360e-08
843.36047 2.90745e-08
843.49878 2.84479e-08
843.63709 2.81663e-08
843.77539 2.80616e-08
843.91370 2.80315e-08
844.05200 2.80278e-08
844.19031 2.80319e-08
844.32861 2.80377e-08
844.46692 2.80437e-08
844.60523 2.80496e-08
844.74353 2.80551e-08
844.88184 2.80603e-08
845.02014 2.80652e-08
845.15839 2.80699e-08
845.29669 2.80742e-08
845.43500 2.80782e-08
845.57330 2.80819e-08
845.71161 2.80853e-08
845.84992 2.80884e-08
845.98822 2.80913e-08
846.12653 2.80939e-08
846.26483 2.80962e-08
846.40314 2.80982e-08
846.54144 2.81000e-08
846.67975 2.81015e-08
846.81805 2.81029e-08
846.95630 2.81042e-08
847.09460 2.81071e-08
847.23291 2.81172e-08
847.37122 2.81553e-08
847.50952 2.82867e-08
847.64783 2.86784e-08
847.78613 2.96705e-08
847.92444 3.17699e-08
848.06274 3.54183e-08
848.20105 4.05970e-08
848.33936 4.66181e-08
848.47766 5.23003e-08
848.61597 5.63647e-08
848.75427 5.78395e-08
848.89252 5.63648e-08
849.03082 5.23004e-08
849.16913 4.66168e-08
849.30743 4.05944e-08
849.44574 3.54130e-08
849.58405 3.17615e-08
849.72235 2.96598e-08
849.86066 2.86656e-08
849.99896 2.82726e-08
850.13727 2.81401e-08
850.27557 2.81014e-08
850.41388 2.80911e-08
850.55219 2.80881e-08
850.69043 2.80870e-08
850.82874 2.80861e-08
850.96704 2.80855e-08
851.10535 2.80849e-08
851.24365 2.80845e-08
851.38196 2.80841e-08
851.52026 2.80839e-08
851.65857 2.80837e-08
851.79688 2.80837e-08
851.93518 2.80838e-08
852.07349 2.80840e-08
852.21179 2.80843e-08
852.35010 2.80848e-08
852.48840 2.80854e-08
852.62665 2.80861e-08
852.76495 2.80869e-08
852.90326 2.80878e-08
853.04157 2.80889e-08
853.17987 2.80901e-08
853.31818 2.80914e-08
853.45648 2.80928e-08
853.59479 2.80943e-08
853.73309 2.80959e-08
853.87140 2.80976e-08
854.00971 2.80995e-08
854.14801 2.81013e-08
854.28632 2.81033e-08
854.42456 2.81053e-08
854.56287 2.81074e-08
854.70117 2.81096e-08
854.83948 2.81118e-08
854.97778 2.81140e-08
855.11609 2.81162e-08
855.25440 2.81184e-08
855.39270 2.81207e-08
855.53101 2.81229e-08
855.66931 2.81252e-08
855.80762 2.81274e-08
855.94592 2.81295e-08
856.08423 2.81317e-08
856.22253 2.81337e-08
856.36078 2.81357e-08
856.49908 2.81377e-08
856.63739 2.81395e-08
856.77570 2.81412e-08
856.91400 2.81429e-08
857.05231 2.81444e-08
857.19061 2.81458e-08
857.32892 2.81471e-08
857.46722 2.81483e-08
857.60553 2.81493e-08
857.74384 2.81501e-08
857.88214 2.81507e-08
858.02045 2.81512e-08
858.15875 2.81516e-08
858.29700 2.81517e-08
858.43530 2.81517e-08
858.57361 2.81514e-08
858.71191 2.81510e-08
858.85022 2.81504e-08
858.98853 2.81497e-08
859.12683 2.81492e-08
859.26514 2.81506e-08
859.40344 2.81597e-08
859.54175 2.81947e-08
859.68005 2.83028e-08
859.81836 2.85843e-08
859.95667 2.92037e-08
860.09491 3.03469e-08
860.23322 3.20993e-08
860.37152 3.42981e-08
860.50983 3.65057e-08
860.64813 3.81500e-08
860.78644 3.87574e-08
860.92474 3.81451e-08
861.06305 3.64954e-08
861.20136 3.42818e-08
861.33966 3.20761e-08
861.47797 3.03162e-08
861.61627 2.91653e-08
861.75458 2.85390e-08
861.89288 2.82511e-08
862.03113 2.81367e-08
862.16943 2.80956e-08
862.30774 2.80807e-08
862.44605 2.80737e-08
862.58435 2.80686e-08
862.72266 2.80640e-08
862.86096 2.80596e-08
862.99927 2.80551e-08
863.13757 2.80507e-08
863.27588 2.80463e-08
863.41419 2.80420e-08
863.55249 2.80378e-08
863.69080 2.80337e-08
863.82904 2.80296e-08
863.96735 2.80257e-08
864.10565 2.80220e-08
864.24396 2.80183e-08
864.38226 2.80149e-08
864.52057 2.80116e-08
864.65888 2.80085e-08
864.79718 2.80056e-08
864.93549 2.80029e-08
865.07379 2.80004e-08
865.21210 2.79982e-08
865.35040 2.79962e-08
865.48871 2.79945e-08
865.62701 2.79931e-08
865.76526 2.79920e-08
865.90356 2.79911e-08
866.04187 2.79906e-08
866.18018 2.79903e-08
866.31848 2.79904e-08
866.45679 2.79908e-08
866.59509 2.79915e-08
866.73340 2.79925e-08
866.87170 2.79939e-08
867.01001 2.79956e-08
867.14832 2.79977e-08
867.28662 2.80001e-08
867.42493 2.80029e-08
867.56317 2.80060e-08
867.70148 2.80095e-08
867.83978 2.80133e-08
867.97809 2.80174e-08
868.11639 2.80219e-08
868.25470 2.80268e-08
868.39301 2.80320e-08
868.53131 2.80375e-08
868.66962 2.80434e-08
868.80792 2.80495e-08
868.94623 2.80560e-08
869.08453 2.80628e-08
869.22284 2.80699e-08
869.36115 2.80773e-08
869.49939 2.80849e-08
869.63770 2.80928e-08
869.77600 2.81010e-08
869.91431 2.81094e-08
870.05261 2.81181e-08
870.19092 2.81270e-08
870.32922 2.81360e-08
870.46753 2.81453e-08
870.60584 2.81547e-08
870.74414 2.81643e-08
870.88245 2.81743e-08
871.02075 2.81848e-08
871.15906 2.81981e-08
871.29730 2.82211e-08
871.43561 2.82765e-08
871.57391 2.84223e-08
871.71222 2.87814e-08
871.85053 2.95535e-08
871.98883 3.09596e-08
872.12714 3.30874e-08
872.26544 3.57261e-08
872.40375 3.83497e-08
872.54205 4.02929e-08
872.68036 4.10143e-08
872.81867 4.03072e-08
872.95697 3.83799e-08
873.09528 3.57746e-08
873.23352 3.31582e-08
873.37183 3.10533e-08
873.51013 2.96705e-08
873.64844 2.89205e-08
873.78674 2.85826e-08
873.92505 2.84569e-08
874.06335 2.84209e-08
874.20166 2.84168e-08
874.33997 2.84222e-08
874.47827 2.84300e-08
874.61658 2.84380e-08
874.75488 2.84459e-08
874.89319 2.84536e-08
875.03149 2.84611e-08
875.16974 2.84684e-08
875.30804 2.84754e-08
875.44635 2.84822e-08
875.58466 2.84886e-08
875.72296 2.84949e-08
875.86127 2.85009e-08
875.99957 2.85067e-08
876.13788 2.85123e-08
876.27618 2.85175e-08
876.41449 2.85226e-08
876.55280 2.85274e-08
876.69110 2.85320e-08
876.82941 2.85364e-08
876.96765 2.85406e-08
877.10596 2.85445e-08
877.24426 2.85483e-08
877.38257 2.85519e-08
877.52087 2.85555e-08
877.65918 2.85592e-08
877.79749 2.85646e-08
877.93579 2.85765e-08
878.07410 2.86104e-08
878.21240 2.87065e-08
878.35071 2.89501e-08
878.48901 2.94820e-08
878.62732 3.04654e-08
878.76563 3.19797e-08
878.90387 3.38926e-08
879.04218 3.58280e-08
879.18048 3.72786e-08
879.31879 3.78185e-08
879.45709 3.72825e-08
879.59540 3.58359e-08
879.73370 3.39053e-08
879.87201 3.19967e-08
880.01032 3.04884e-08
880.14862 2.95114e-08
880.28693 2.89856e-08
880.42523 2.87482e-08
880.56354 2.86584e-08
880.70178 2.86309e-08
880.84009 2.86257e-08
880.97839 2.86274e-08
881.11670 2.86311e-08
881.25501 2.86354e-08
881.39331 2.86400e-08
881.53162 2.86449e-08
881.66992 2.86501e-08
881.80823 2.86556e-08
881.94653 2.86614e-08
882.08484 2.86676e-08
882.22315 2.86740e-08
882.36145 2.86808e-08
882.49976 2.86879e-08
882.63800 2.86954e-08
882.77631 2.87033e-08
882.91461 2.87119e-08
883.05292 2.87225e-08
883.19122 2.87410e-08
883.32953 2.87886e-08
883.46783 2.89314e-08
883.60614 2.93387e-08
883.74445 3.03555e-08
883.88275 3.24951e-08
884.02106 3.62074e-08
884.15936 4.14739e-08
884.29767 4.75982e-08
884.43591 5.33775e-08
884.57422 5.75160e-08
884.71252 5.90221e-08
884.85083 5.75292e-08
884.98914 5.34060e-08
885.12744 4.76436e-08
885.26575 4.15451e-08
885.40405 3.63112e-08
885.54236 3.26354e-08
885.68066 3.05314e-08
885.81897 2.95469e-08
885.95728 2.91687e-08
886.09558 2.90532e-08
886.23389 2.90319e-08
886.37213 2.90394e-08
886.51044 2.90546e-08
886.64874 2.90716e-08
886.78705 2.90890e-08
886.92535 2.91068e-08
887.06366 2.91247e-08
887.20197 2.91427e-08
887.34027 2.91609e-08
887.47858 2.91792e-08
887.61688 2.91976e-08
887.75519 2.92160e-08
887.89349 2.92345e-08
888.03180 2.92530e-08
888.17011 2.92716e-08
888.30835 2.92901e-08
888.44666 2.93086e-08
888.58496 2.93271e-08
888.72327 2.93455e-08
888.86157 2.93638e-08
888.99988 2.93820e-08
889.13818 2.94000e-08
889.27649 2.94180e-08
889.41480 2.94358e-08
889.55310 2.94534e-08
889.69141 2.94708e-08
889.82971 2.94880e-08
889.96802 2.95050e-08
890.10626 2.95217e-08
890.24457 2.95381e-08
890.38287 2.95543e-08
890.52118 2.95702e-08
890.65949 2.95857e-08
890.79779 2.96010e-08
890.93610 2.96159e-08
891.07440 2.96305e-08
891.21271 2.96447e-08
891.35101 2.96585e-08
891.48932 2.96720e-08
891.62763 2.96851e-08
891.76593 2.96978e-08
891.90424 2.97101e-08
892.04248 2.97220e-08
892.18079 2.97335e-08
892.31909 2.97445e-08
892.45740 2.97552e-08
892.59570 2.97655e-08
892.73401 2.97753e-08
892.87231 2.97848e-08
893.01062 2.97938e-08
893.14893 2.98024e-08
893.28723 2.98106e-08
893.42554 2.98184e-08
893.56384 2.98258e-08
893.70215 2.98328e-08
893.84039 2.98394e-08
893.97870 2.98456e-08
894.11700 2.98514e-08
894.25531 2.98569e-08
894.39362 2.98620e-08
894.53192 2.98668e-08
894.67023 2.98712e-08
894.80853 2.98754e-08
894.94684 2.98796e-08
895.08514 2.98848e-08
895.22345 2.98951e-08
895.36176 2.99226e-08
895.50006 2.99991e-08
895.63837 3.01927e-08
895.77661 3.06158e-08
895.91492 3.14026e-08
896.05322 3.26250e-08
896.19153 3.41871e-08
896.32983 3.57833e-08
896.46814 3.69895e-08
896.60645 3.74398e-08
896.74475 3.69912e-08
896.88306 3.57867e-08
897.02136 3.41924e-08
897.15967 3.26325e-08
897.29797 3.14125e-08
897.43628 3.06282e-08
897.57452 3.02077e-08
897.71283 3.00171e-08
897.85114 2.99435e-08
897.98944 2.99193e-08
898.12775 2.99125e-08
898.26605 2.99112e-08
898.40436 2.99112e-08
898.54266 2.99115e-08
898.68097 2.99120e-08
898.81928 2.99125e-08
898.95758 2.99131e-08
899.09589 2.99138e-08
899.23419 2.99145e-08
899.37250 2.99154e-08
899.51074 2.99164e-08
899.64905 2.99175e-08
899.78735 2.99187e-08
899.92566 2.99201e-08
900.06397 2.99216e-08
900.20227 2.99232e-08
900.34058 2.99250e-08
900.47888 2.99270e-08
900.61719 2.99291e-08
900.75549 2.99314e-08
900.89380 2.99339e-08
901.03210 2.99365e-08
901.17041 2.99393e-08
901.30866 2.99423e-08
901.44696 2.99455e-08
901.58527 2.99489e-08
901.72357 2.99524e-08
901.86188 2.99561e-08
902.00018 2.99601e-08
902.13849 2.99642e-08
902.27679 2.99685e-08
902.41510 2.99729e-08
902.55341 2.99776e-08
902.69171 2.99825e-08
902.83002 2.99875e-08
902.96832 2.99927e-08
903.10663 2.99980e-08
903.24487 3.00035e-08
903.38318 3.00092e-08
903.52148 3.00151e-08
903.65979 3.00211e-08
903.79810 3.00272e-08
903.93640 3.00335e-08
904.07471 3.00400e-08
904.21301 3.00465e-08
904.35132 3.00533e-08
904.48962 3.00601e-08
904.62793 3.00671e-08
904.76624 3.00742e-08
904.90454 3.00814e-08
905.04285 3.00887e-08
905.18109 3.00961e-08
905.31940 3.01036e-08
905.45770 3.01112e-08
905.59601 3.01189e-08
905.73431 3.01267e-08
905.87262 3.01346e-08
906.01093 3.01426e-08
906.14923 3.01506e-08
906.28754 3.01587e-08
906.42584 3.01669e-08
906.56415 3.01752e-08
906.70245 3.01834e-08
906.84076 3.01918e-08
906.97900 3.02003e-08
907.11731 3.02091e-08
907.25562 3.02193e-08
907.39392 3.02347e-08
907.53223 3.02673e-08
907.67053 3.03480e-08
907.80884 3.05428e-08
907.94714 3.09623e-08
908.08545 3.17368e-08
908.22376 3.29376e-08
908.36206 3.44718e-08
908.50037 3.60413e-08
908.63867 3.72296e-08
908.77698 3.76775e-08
908.91522 3.72445e-08
909.05353 3.60718e-08
909.19183 3.45194e-08
909.33014 3.30036e-08
909.46845 3.18220e-08
909.60675 3.10669e-08
909.74506 3.06663e-08
909.88336 3.04898e-08
910.02167 3.04271e-08
910.15997 3.04124e-08
910.29828 3.04147e-08
910.43658 3.04223e-08
910.57489 3.04313e-08
910.71314 3.04405e-08
910.85144 3.04498e-08
910.98975 3.04592e-08
911.12805 3.04686e-08
911.26636 3.04781e-08
911.40466 3.04875e-08
911.54297 3.04971e-08
911.68127 3.05066e-08
911.81958 3.05162e-08
911.95789 3.05258e-08
912.09619 3.05355e-08
912.23450 3.05452e-08
912.37280 3.05550e-08
912.51111 3.05647e-08
912.64935 3.05745e-08
912.78766 3.05844e-08
912.92596 3.05942e-08
913.06427 3.06041e-08
913.20258 3.06140e-08
913.34088 3.06240e-08
913.47919 3.06340e-08
913.61749 3.06439e-08
913.75580 3.06540e-08
913.89410 3.06640e-08
914.03241 3.06740e-08
914.17072 3.06841e-08
914.30902 3.06942e-08
914.44727 3.07043e-08
914.58557 3.07143e-08
914.72388 3.07244e-08
914.86218 3.07345e-08
915.00049 3.07445e-08
915.13879 3.07546e-08
915.27710 3.07647e-08
915.41541 3.07747e-08
915.55371 3.07847e-08
915.69202 3.07947e-08
915.83032 3.08047e-08
915.96863 3.08146e-08
916.10693 3.08245e-08
916.24524 3.08343e-08
916.38348 3.08442e-08
916.52179 3.08539e-08
916.66010 3.08637e-08
916.79840 3.08733e-08
916.93671 3.08830e-08
917.07501 3.08926e-08
917.21332 3.09021e-08
917.35162 3.09115e-08
917.48993 3.09209e-08
917.62824 3.09301e-08
917.76654 3.09394e-08
917.90485 3.09485e-08
918.04315 3.09576e-08
918.18146 3.09666e-08
918.31970 3.09755e-08
918.45801 3.09844e-08
918.59631 3.09932e-08
918.73462 3.10019e-08
918.87293 3.10111e-08
919.01123 3.10221e-08
919.14954 3.10406e-08
919.28784 3.10836e-08
919.42615 3.11958e-08
919.56445 3.14722e-08
919.70276 3.20695e-08
919.84106 3.31681e-08
919.97937 3.48553e-08
920.11762 3.69829e-08
920.25592 3.91325e-08
920.39423 4.07434e-08
920.53253 4.13449e-08
920.67084 4.07552e-08
920.80914 3.91572e-08
920.94745 3.70218e-08
921.08575 3.49098e-08
921.22406 3.32403e-08
921.36237 3.21595e-08
921.50067 3.15796e-08
921.63898 3.13197e-08
921.77728 3.12237e-08
921.91559 3.11967e-08
922.05383 3.11943e-08
922.19214 3.11992e-08
922.33044 3.12061e-08
922.46875 3.12135e-08
922.60706 3.12209e-08
922.74536 3.12284e-08
922.88367 3.12359e-08
923.02197 3.12435e-08
923.16028 3.12511e-08
923.29858 3.12587e-08
923.43689 3.12664e-08
923.57520 3.12742e-08
923.71350 3.12820e-08
923.85175 3.12899e-08
923.99005 3.12978e-08
924.12836 3.13059e-08
924.26666 3.13140e-08
924.40497 3.13222e-08
924.54327 3.13306e-08
924.68158 3.13390e-08
924.81989 3.13475e-08
924.95819 3.13562e-08
925.09650 3.13649e-08
925.23480 3.13738e-08
925.37311 3.13829e-08
925.51141 3.13920e-08
925.64972 3.14012e-08
925.78796 3.14106e-08
925.92627 3.14202e-08
926.06458 3.14298e-08
926.20288 3.14396e-08
926.34119 3.14495e-08
926.47949 3.14596e-08
926.61780 3.14698e-08
926.75610 3.14800e-08
926.89441 3.14905e-08
927.03272 3.15010e-08
927.17102 3.15117e-08
927.30933 3.15225e-08
927.44763 3.15334e-08
927.58588 3.15444e-08
927.72418 3.15555e-08
927.86249 3.15667e-08
928.00079 3.15780e-08
928.13910 3.15894e-08
928.27741 3.16008e-08
928.41571 3.16124e-08
928.55402 3.16239e-08
928.69232 3.16356e-08
928.83063 3.16473e-08
928.96893 3.16591e-08
929.10724 3.16708e-08
929.24554 3.16826e-08
929.38385 3.16944e-08
929.52210 3.17062e-08
929.66040 3.17179e-08
929.79871 3.17297e-08
929.93701 3.17415e-08
930.07532 3.17532e-08
930.21362 3.17649e-08
930.35193 3.17765e-08
930.49023 3.17880e-08
930.62854 3.17995e-08
930.76685 3.18109e-08
930.90515 3.18223e-08
931.04346 3.18340e-08
931.18176 3.18472e-08
931.32001 3.18666e-08
931.45831 3.19070e-08
931.59662 3.20063e-08
931.73492 3.22459e-08
931.87323 3.27602e-08
932.01154 3.37071e-08
932.14984 3.51684e-08
932.28815 3.70251e-08
932.42645 3.89137e-08
932.56476 4.03373e-08
932.70306 4.08717e-08
932.84137 4.03522e-08
932.97968 3.89446e-08
933.11798 3.70738e-08
933.25623 3.52375e-08
933.39453 3.37968e-08
933.53284 3.28706e-08
933.67114 3.23765e-08
933.80945 3.21566e-08
933.94775 3.20763e-08
934.08606 3.20549e-08
934.22437 3.20541e-08
934.36267 3.20596e-08
934.50098 3.20665e-08
934.63928 3.20737e-08
934.77759 3.20808e-08
934.91589 3.20878e-08
935.05420 3.20947e-08
935.19244 3.21015e-08
935.33075 3.21082e-08
935.46906 3.21147e-08
935.60736 3.21213e-08
935.74567 3.21277e-08
935.88397 3.21341e-08
936.02228 3.21405e-08
936.16058 3.21469e-08
936.29889 3.21532e-08
936.43720 3.21595e-08
936.57550 3.21659e-08
936.71381 3.21722e-08
936.85211 3.21786e-08
936.99036 3.21851e-08
937.12866 3.21916e-08
937.26697 3.21983e-08
937.40527 3.22050e-08
937.54358 3.22118e-08
937.68189 3.22188e-08
937.82019 3.22259e-08
937.95850 3.22332e-08
938.09680 3.22406e-08
938.23511 3.22482e-08
938.37341 3.22560e-08
938.51172 3.22640e-08
938.65002 3.22722e-08
938.78833 3.22807e-08
938.92658 3.22894e-08
939.06488 3.22984e-08
939.20319 3.23076e-08
939.34149 3.23171e-08
939.47980 3.23269e-08
939.61810 3.23370e-08
939.75641 3.23474e-08
939.89471 3.23581e-08
940.03302 3.23691e-08
940.17133 3.23804e-08
940.30963 3.23920e-08
940.44794 3.24040e-08
940.58624 3.24163e-08
940.72449 3.24289e-08
940.86279 3.24418e-08
941.00110 3.24550e-08
941.13940 3.24686e-08
941.27771 3.24825e-08
941.41602 3.24967e-08
941.55432 3.25112e-08
941.69263 3.25260e-08
941.83093 3.25410e-08
941.96924 3.25563e-08
942.10754 3.25719e-08
942.24585 3.25877e-08
942.38416 3.26038e-08
942.52246 3.26201e-08
942.66071 3.26366e-08
942.79901 3.26537e-08
942.93732 3.26723e-08
943.07562 3.26964e-08
943.21393 3.27387e-08
943.35223 3.28315e-08
943.49054 3.30442e-08
943.62885 3.34924e-08
943.76715 3.43132e-08
943.90546 3.55820e-08
944.04376 3.72018e-08
944.18207 3.88599e-08
944.32037 4.01174e-08
944.45862 4.05950e-08
944.59692 4.01451e-08
944.73523 3.89169e-08
944.87354 3.72913e-08
945.01184 3.57068e-08
945.15015 3.44749e-08
945.28845 3.36907e-08
945.42676 3.32779e-08
945.56506 3.30991e-08
945.70337 3.30391e-08
945.84168 3.30289e-08
945.97998 3.30359e-08
946.11829 3.30480e-08
946.25659 3.30610e-08
946.39484 3.30737e-08
946.53314 3.30861e-08
946.67145 3.30980e-08
946.80975 3.31094e-08
946.94806 3.31201e-08
947.08637 3.31304e-08
947.22467 3.31400e-08
947.36298 3.31490e-08
947.50128 3.31574e-08
947.63959 3.31652e-08
947.77789 3.31723e-08
947.91620 3.31788e-08
948.05450 3.31846e-08
948.19281 3.31898e-08
948.33106 3.31943e-08
948.46936 3.31982e-08
948.60767 3.32013e-08
948.74597 3.32038e-08
948.88428 3.32057e-08
949.02258 3.32068e-08
949.16089 3.32073e-08
949.29919 3.32072e-08
949.43750 3.32065e-08
949.57581 3.32051e-08
949.71411 3.32031e-08
949.85242 3.32005e-08
949.99072 3.31973e-08
950.12897 3.31936e-08
950.26727 3.31893e-08
950.40558 3.31845e-08
950.54388 3.31792e-08
950.68219 3.31734e-08
950.82050 3.31671e-08
950.95880 3.31604e-08
951.09711 3.31533e-08
951.23541 3.31458e-08
951.37372 3.31380e-08
951.51202 3.31299e-08
951.65033 3.31214e-08
951.78864 3.31127e-08
951.92694 3.31037e-08
952.06519 3.30946e-08
952.20349 3.30853e-08
952.34180 3.30759e-08
952.48010 3.30663e-08
952.61841 3.30567e-08
952.75671 3.30471e-08
952.89502 3.30374e-08
953.03333 3.30278e-08
953.17163 3.30183e-08
953.30994 3.30088e-08
953.44824 3.29996e-08
953.58655 3.29904e-08
953.72485 3.29815e-08
953.86310 3.29728e-08
954.00140 3.29644e-08
954.13971 3.29564e-08
954.27802 3.29486e-08
954.41632 3.29414e-08
954.55463 3.29351e-08
954.69293 3.29311e-08
954.83124 3.29356e-08
954.96954 3.29667e-08
955.10785 3.30719e-08
955.24616 3.33518e-08
955.38446 3.39730e-08
955.52277 3.51270e-08
955.66107 3.69069e-08
955.79932 3.91555e-08
955.93762 4.14289e-08
956.07593 4.31317e-08
956.21423 4.37639e-08
956.35254 4.31323e-08
956.49085 4.14304e-08
956.62915 3.91579e-08
956.76746 3.69096e-08
956.90576 3.51314e-08
957.04407 3.39793e-08
957.18237 3.33602e-08
957.32068 3.30824e-08
957.45898 3.29795e-08
957.59723 3.29510e-08
957.73554 3.29495e-08
957.87384 3.29566e-08
958.01215 3.29667e-08
958.15045 3.29781e-08
958.28876 3.29904e-08
958.42706 3.30036e-08
958.56537 3.30176e-08
958.70367 3.30325e-08
958.84198 3.30481e-08
958.98029 3.30646e-08
959.11859 3.30818e-08
959.25690 3.30998e-08
959.39520 3.31185e-08
959.53345 3.31381e-08
959.67175 3.31583e-08
959.81006 3.31792e-08
959.94836 3.32007e-08
960.08667 3.32230e-08
960.22498 3.32458e-08
960.36328 3.32692e-08
960.50159 3.32932e-08
960.63989 3.33176e-08
960.77820 3.33426e-08
960.91650 3.33681e-08
961.05481 3.33940e-08
961.19312 3.34203e-08
961.33136 3.34469e-08
961.46967 3.34738e-08
961.60797 3.35011e-08
961.74628 3.35285e-08
961.88458 3.35562e-08
962.02289 3.35840e-08
962.16119 3.36120e-08
962.29950 3.36400e-08
962.43781 3.36681e-08
962.57611 3.36962e-08
962.71442 3.37242e-08
962.85272 3.37521e-08
962.99103 3.37800e-08
963.12933 3.38076e-08
963.26758 3.38351e-08
963.40588 3.38623e-08
963.54419 3.38893e-08
963.68250 3.39159e-08
963.82080 3.39422e-08
963.95911 3.39681e-08
964.09741 3.39936e-08
964.23572 3.40187e-08
964.37402 3.40433e-08
964.51233 3.40674e-08
964.65064 3.40909e-08
964.78894 3.41139e-08
964.92725 3.41363e-08
965.06555 3.41580e-08
965.20380 3.41792e-08
965.34210 3.41996e-08
965.48041 3.42195e-08
965.61871 3.42386e-08
965.75702 3.42571e-08
965.89533 3.42748e-08
966.03363 3.42918e-08
966.17194 3.43081e-08
966.31024 3.43237e-08
966.44855 3.43386e-08
966.58685 3.43537e-08
966.72516 3.43727e-08
966.86346 3.44156e-08
967.00171 3.45677e-08
967.14002 3.51378e-08
967.27832 3.70299e-08
967.41663 4.22032e-08
967.55493 5.33280e-08
967.69324 7.21859e-08
967.83154 9.85312e-08
967.96985 1.30119e-07
968.10815 1.62985e-07
968.24646 1.92033e-07
968.38477 2.12084e-07
968.52307 2.19250e-07
968.66138 2.12085e-07
968.79968 1.92036e-07
968.93793 1.63004e-07
969.07623 1.30143e-07
969.21454 9.85604e-08
969.35284 7.22230e-08
969.49115 5.33777e-08
969.62946 4.22693e-08
969.76776 3.71137e-08
969.90607 3.52361e-08
970.04437 3.46793e-08
970.18268 3.45399e-08
970.32098 3.45100e-08
970.45929 3.45046e-08
970.59760 3.45037e-08
970.73584 3.45036e-08
970.87415 3.45037e-08
971.01245 3.45037e-08
971.15076 3.45037e-08
971.28906 3.45038e-08
971.42737 3.45040e-08
971.56567 3.45043e-08
971.70398 3.45047e-08
971.84229 3.45054e-08
971.98059 3.45062e-08
972.11890 3.45072e-08
972.25720 3.45086e-08
972.39551 3.45102e-08
972.53381 3.45120e-08
972.67206 3.45142e-08
972.81036 3.45167e-08
972.94867 3.45197e-08
973.08698 3.45229e-08
973.22528 3.45266e-08
973.36359 3.45307e-08
973.50189 3.45352e-08
973.64020 3.45401e-08
973.77850 3.45455e-08
973.91681 3.45513e-08
974.05512 3.45576e-08
974.19342 3.45643e-08
974.33173 3.45716e-08
974.46997 3.45792e-08
974.60828 3.45874e-08
974.74658 3.45960e-08
974.88489 3.46051e-08
975.02319 3.46147e-08
975.16150 3.46248e-08
975.29981 3.46353e-08
975.43811 3.46462e-08
975.57642 3.46577e-08
975.71472 3.46695e-08
975.85303 3.46818e-08
975.99133 3.46945e-08
976.12964 3.47076e-08
976.26794 3.47210e-08
976.40619 3.47349e-08
976.54450 3.47491e-08
976.68280 3.47637e-08
976.82111 3.47786e-08
976.95941 3.47937e-08
977.09772 3.48092e-08
977.23602 3.48250e-08
977.37433 3.48409e-08
977.51263 3.48572e-08
977.65094 3.48736e-08
977.78925 3.48903e-08
977.92755 3.49071e-08
978.06586 3.49240e-08
978.20416 3.49411e-08
978.34241 3.49583e-08
978.48071 3.49756e-08
978.61902 3.49929e-08
978.75732 3.50105e-08
978.89563 3.50287e-08
979.03394 3.50495e-08
979.17224 3.50805e-08
979.31055 3.51454e-08
979.44885 3.53050e-08
979.58716 3.56891e-08
979.72546 3.65092e-08
979.86377 3.80050e-08
980.00208 4.02815e-08
980.14032 4.31252e-08
980.27863 4.59749e-08
980.41693 4.80982e-08
980.55524 4.88912e-08
980.69354 4.81224e-08
980.83185 4.60253e-08
980.97015 4.32059e-08
981.10846 4.03952e-08
981.24677 3.81562e-08
981.38507 3.66983e-08
981.52338 3.59147e-08
981.66168 3.55654e-08
981.79999 3.54391e-08
981.93829 3.54068e-08
982.07654 3.54079e-08
982.21484 3.54190e-08
982.35315 3.54326e-08
982.49146 3.54464e-08
982.62976 3.54603e-08
982.76807 3.54741e-08
982.90637 3.54877e-08
983.04468 3.55012e-08
983.18298 3.55146e-08
983.32129 3.55279e-08
983.45960 3.55411e-08
983.59790 3.55542e-08
983.73621 3.55672e-08
983.87445 3.55802e-08
984.01276 3.55932e-08
984.15106 3.56062e-08
984.28937 3.56192e-08
984.42767 3.56322e-08
984.56598 3.56453e-08
984.70429 3.56585e-08
984.84259 3.56717e-08
984.98090 3.56851e-08
985.11920 3.56986e-08
985.25751 3.57123e-08
985.39581 3.57261e-08
985.53412 3.57402e-08
985.67242 3.57544e-08
985.81067 3.57689e-08
985.94898 3.57837e-08
986.08728 3.57987e-08
986.22559 3.58140e-08
986.36389 3.58297e-08
986.50220 3.58456e-08
986.64050 3.58620e-08
986.77881 3.58787e-08
986.91711 3.58957e-08
987.05542 3.59132e-08
987.19373 3.59311e-08
987.33203 3.59494e-08
987.47034 3.59682e-08
987.60858 3.59874e-08
987.74689 3.60070e-08
987.88519 3.60271e-08
988.02350 3.60477e-08
988.16180 3.60687e-08
988.30011 3.60902e-08
988.43842 3.61122e-08
988.57672 3.61347e-08
988.71503 3.61577e-08
988.85333 3.61811e-08
988.99164 3.62050e-08
989.12994 3.62293e-08
989.26825 3.62541e-08
989.40656 3.62794e-08
989.54480 3.63050e-08
989.68311 3.63311e-08
989.82141 3.63576e-08
989.95972 3.63845e-08
990.09802 3.64118e-08
990.23633 3.64394e-08
990.37463 3.64673e-08
990.51294 3.64957e-08
990.65125 3.65249e-08
990.78955 3.65565e-08
990.92786 3.65968e-08
991.06616 3.66651e-08
991.20447 3.68120e-08
991.34277 3.71441e-08
991.48102 3.78381e-08
991.61932 3.90985e-08
991.75763 4.10256e-08
991.89594 4.34550e-08
992.03424 4.59114e-08
992.17255 4.77580e-08
992.31085 4.84578e-08
992.44916 4.78040e-08
992.58746 4.60070e-08
992.72577 4.36060e-08
992.86408 4.12386e-08
993.00238 3.93773e-08
993.14069 3.81827e-08
993.27893 3.75523e-08
993.41724 3.72809e-08
993.55554 3.71927e-08
993.69385 3.71814e-08
993.83215 3.71973e-08
993.97046 3.72209e-08
994.10877 3.72462e-08
994.24707 3.72715e-08
994.38538 3.72964e-08
994.52368 3.73207e-08
994.66199 3.73446e-08
994.80029 3.73685e-08
994.93860 3.73945e-08
995.07690 3.74310e-08
995.21515 3.75032e-08
995.35346 3.76771e-08
995.49176 3.80920e-08
995.63007 3.89767e-08
995.76837 4.05885e-08
995.90668 4.30405e-08
996.04498 4.61031e-08
996.18329 4.91693e-08
996.32159 5.14524e-08
996.45990 5.23034e-08
996.59821 5.14731e-08
996.73651 4.92127e-08
996.87482 4.61724e-08
997.01306 4.31406e-08
997.15137 4.07205e-08
997.28967 3.91410e-08
997.42798 3.82879e-08
997.56628 3.79031e-08
997.70459 3.77587e-08
997.84290 3.77154e-08
997.98120 3.77078e-08
998.11951 3.77106e-08
998.25781 3.77156e-08
998.39612 3.77207e-08
998.53442 3.77255e-08
998.67273 3.77298e-08
998.81104 3.77338e-08
998.94928 3.77373e-08
999.08759 3.77405e-08
999.22589 3.77433e-08
999.36420 3.77458e-08
999.50250 3.77482e-08
999.64081 3.77503e-08
999.77911 3.77523e-08
999.91742 3.77541e-08
1000.05573 3.77559e-08
1000.19403 3.77577e-08
1000.33234 3.77595e-08
1000.47064 3.77614e-08
1000.60895 3.77634e-08
1000.74719 3.77655e-08
1000.88550 3.77678e-08
1001.02380 3.77703e-08
1001.16211 3.77731e-08
1001.30042 3.77763e-08
1001.43872 3.77798e-08
1001.57703 3.77837e-08
1001.71533 3.77882e-08
1001.85364 3.77931e-08
1001.99194 3.77986e-08
1002.13025 3.78046e-08
1002.26856 3.78113e-08
1002.40686 3.78186e-08
1002.54517 3.78268e-08
1002.68341 3.78361e-08
1002.82172 3.78478e-08
1002.96002 3.78667e-08
1003.09833 3.79078e-08
1003.23663 3.80098e-08
1003.37494 3.82551e-08
1003.51325 3.87813e-08
1003.65155 3.97512e-08
1003.78986 4.12536e-08
1003.92816 4.31726e-08
1004.06647 4.51363e-08
1004.20477 4.66253e-08
1004.34308 4.71911e-08
1004.48132 4.66589e-08
1004.61963 4.52055e-08
1004.75794 4.32806e-08
1004.89624 4.14039e-08
1005.03455 3.99458e-08
1005.17285 3.90205e-08
1005.31116 3.85379e-08
1005.44946 3.83352e-08
1005.58777 3.82752e-08
1005.72607 3.82759e-08
1005.86438 3.82987e-08
1006.00269 3.83289e-08
1006.14099 3.83617e-08
1006.27930 3.83959e-08
1006.41754 3.84311e-08
1006.55585 3.84673e-08
1006.69415 3.85044e-08
1006.83246 3.85424e-08
1006.97076 3.85813e-08
1007.10907 3.86210e-08
1007.24738 3.86616e-08
1007.38568 3.87029e-08
1007.52399 3.87449e-08
1007.66229 3.87877e-08
1007.80060 3.88312e-08
1007.93890 3.88753e-08
1008.07721 3.89200e-08
1008.21552 3.89653e-08
1008.35376 3.90110e-08
1008.49207 3.90574e-08
1008.63037 3.91041e-08
1008.76868 3.91513e-08
1008.90698 3.91989e-08
1009.04529 3.92468e-08
1009.18359 3.92950e-08
1009.32190 3.93435e-08
1009.46021 3.93922e-08
1009.59851 3.94411e-08
1009.73682 3.94901e-08
1009.87512 3.95392e-08
1010.01343 3.95884e-08
1010.15167 3.96376e-08
1010.28998 3.96869e-08
1010.42828 3.97361e-08
1010.56659 3.97852e-08
1010.70490 3.98342e-08
1010.84320 3.98831e-08
1010.98151 3.99319e-08
1011.11981 3.99804e-08
1011.25812 4.00288e-08
1011.39642 4.00769e-08
1011.53473 4.01247e-08
1011.67304 4.01723e-08
1011.81134 4.02196e-08
1011.94965 4.02665e-08
1012.08789 4.03131e-08
1012.22620 4.03594e-08
1012.36450 4.04053e-08
1012.50281 4.04508e-08
1012.64111 4.04959e-08
1012.77942 4.05406e-08
1012.91773 4.05849e-08
1013.05603 4.06288e-08
1013.19434 4.06723e-08
1013.33264 4.07154e-08
1013.47095 4.07580e-08
1013.60925 4.08003e-08
1013.74756 4.08422e-08
1013.88580 4.08837e-08
1014.02411 4.09247e-08
1014.16242 4.09655e-08
1014.30072 4.10058e-08
1014.43903 4.10460e-08
1014.57733 4.10862e-08
1014.71564 4.11285e-08
1014.85394 4.11786e-08
1014.99225 4.12560e-08
1015.13055 4.14103e-08
1015.26886 4.17474e-08
1015.40717 4.24426e-08
1015.54547 4.37007e-08
1015.68378 4.56275e-08
1015.82202 4.80650e-08
1015.96033 5.05432e-08
1016.09863 5.24144e-08
1016.23694 5.31290e-08
1016.37524 5.24739e-08
1016.51355 5.06663e-08
1016.65186 4.82592e-08
1016.79016 4.58991e-08
1016.92847 4.40558e-08
1017.06677 4.28820e-08
1017.20508 4.22691e-08
1017.34338 4.20121e-08
1017.48169 4.19363e-08
1017.61993 4.19370e-08
1017.75824 4.19649e-08
1017.89655 4.20013e-08
1018.03485 4.20401e-08
1018.17316 4.20797e-08
1018.31146 4.21198e-08
1018.44977 4.21603e-08
1018.58807 4.22011e-08
1018.72638 4.22423e-08
1018.86469 4.22839e-08
1019.00299 4.23260e-08
1019.14130 4.23685e-08
1019.27960 4.24114e-08
1019.41791 4.24548e-08
1019.55615 4.24987e-08
1019.69446 4.25429e-08
1019.83276 4.25877e-08
1019.97107 4.26330e-08
1020.10938 4.26787e-08
1020.24768 4.27248e-08
1020.38599 4.27714e-08
1020.52429 4.28185e-08
1020.66260 4.28659e-08
1020.80090 4.29138e-08
1020.93921 4.29621e-08
1021.07752 4.30107e-08
1021.21582 4.30598e-08
1021.35413 4.31092e-08
1021.49237 4.31588e-08
1021.63068 4.32088e-08
1021.76898 4.32591e-08
1021.90729 4.33095e-08
1022.04559 4.33601e-08
1022.18390 4.34110e-08
1022.32221 4.34619e-08
1022.46051 4.35129e-08
1022.59882 4.35640e-08
1022.73712 4.36150e-08
1022.87543 4.36660e-08
1023.01373 4.37169e-08
1023.15204 4.37676e-08
1023.29028 4.38183e-08
1023.42859 4.38687e-08
1023.56690 4.39188e-08
1023.70520 4.39686e-08
1023.84351 4.40181e-08
1023.98181 4.40672e-08
1024.12012 4.41159e-08
1024.25842 4.41640e-08
1024.39673 4.42116e-08
1024.53503 4.42586e-08
1024.67334 4.43049e-08
1024.81165 4.43506e-08
1024.94995 4.43955e-08
1025.08826 4.44397e-08
1025.22656 4.44831e-08
1025.36487 4.45256e-08
1025.50317 4.45672e-08
1025.64148 4.46079e-08
1025.77979 4.46476e-08
1025.91809 4.46864e-08
1026.05627 4.47241e-08
1026.19458 4.47608e-08
1026.33289 4.47964e-08
1026.47119 4.48309e-08
1026.60950 4.48646e-08
1026.74780 4.48976e-08
1026.88611 4.49323e-08
1027.02441 4.49769e-08
1027.16272 4.50560e-08
1027.30103 4.52348e-08
1027.43933 4.56509e-08
1027.57764 4.65318e-08
1027.71594 4.81393e-08
1027.85425 5.06002e-08
1027.99255 5.36999e-08
1028.13086 5.68291e-08
1028.26917 5.91743e-08
1028.40747 6.00529e-08
1028.54578 5.92014e-08
1028.68408 5.68859e-08
1028.82239 5.37901e-08
1028.96069 5.07279e-08
1029.09900 4.83073e-08
1029.23731 4.67406e-08
1029.37561 4.58995e-08
1029.51392 4.55222e-08
1029.65222 4.53815e-08
1029.79053 4.53402e-08
1029.92871 4.53337e-08
1030.06702 4.53373e-08
1030.20532 4.53431e-08
1030.34363 4.53488e-08
1030.48193 4.53540e-08
1030.62024 4.53587e-08
1030.75855 4.53629e-08
1030.89685 4.53667e-08
1031.03516 4.53701e-08
1031.17346 4.53732e-08
1031.31177 4.53760e-08
1031.45007 4.53786e-08
1031.58838 4.53810e-08
1031.72669 4.53833e-08
1031.86499 4.53854e-08
1032.00330 4.53877e-08
1032.14160 4.53906e-08
1032.27991 4.53960e-08
1032.41821 4.54108e-08
1032.55652 4.54563e-08
1032.69482 4.55883e-08
1032.83313 4.59248e-08
1032.97144 4.66620e-08
1033.10974 4.80291e-08
1033.24805 5.01446e-08
1033.38635 5.28334e-08
1033.52466 5.55673e-08
1033.66284 5.76237e-08
1033.80115 5.83931e-08
1033.93945 5.76341e-08
1034.07776 5.55865e-08
1034.21606 5.28651e-08
1034.35437 5.01904e-08
1034.49268 4.80906e-08
1034.63098 4.67395e-08
1034.76929 4.60182e-08
1034.90759 4.56973e-08
1035.04590 4.55810e-08
1035.18420 4.55512e-08
1035.32251 4.55527e-08
1035.46082 4.55642e-08
1035.59912 4.55788e-08
1035.73743 4.55948e-08
1035.87573 4.56116e-08
1036.01404 4.56291e-08
1036.15234 4.56473e-08
1036.29065 4.56662e-08
1036.42896 4.56859e-08
1036.56726 4.57060e-08
1036.70557 4.57269e-08
1036.84387 4.57483e-08
1036.98218 4.57703e-08
1037.12048 4.57927e-08
1037.25879 4.58157e-08
1037.39697 4.58392e-08
1037.53528 4.58630e-08
1037.67358 4.58872e-08
1037.81189 4.59118e-08
1037.95020 4.59365e-08
1038.08850 4.59616e-08
1038.22681 4.59869e-08
1038.36511 4.60128e-08
1038.50342 4.60411e-08
1038.64172 4.60797e-08
1038.78003 4.61580e-08
1038.91834 4.63672e-08
1039.05664 4.69418e-08
1039.19495 4.83627e-08
1039.33325 5.13590e-08
1039.47156 5.66004e-08
1039.60986 6.41155e-08
1039.74817 7.29398e-08
1039.88648 8.13307e-08
1040.02478 8.73621e-08
1040.16309 8.95630e-08
1040.30139 8.73857e-08
1040.43970 8.13804e-08
1040.57800 7.30235e-08
1040.71631 6.42416e-08
1040.85461 5.67778e-08
1040.99292 5.15922e-08
1041.13110 4.86515e-08
1041.26941 4.72783e-08
1041.40772 4.67473e-08
1041.54602 4.65788e-08
1041.68433 4.65394e-08
1041.82263 4.65384e-08
1041.96094 4.65467e-08
1042.09924 4.65561e-08
1042.23755 4.65650e-08
1042.37585 4.65728e-08
1042.51416 4.65795e-08
1042.65247 4.65852e-08
1042.79077 4.65897e-08
1042.92908 4.65932e-08
1043.06738 4.65955e-08
1043.20569 4.65969e-08
1043.34399 4.65971e-08
1043.48230 4.65963e-08
1043.62061 4.65945e-08
1043.75891 4.65917e-08
1043.89722 4.65879e-08
1044.03552 4.65831e-08
1044.17383 4.65775e-08
1044.31213 4.65711e-08
1044.45044 4.65638e-08
1044.58875 4.65556e-08
1044.72705 4.65468e-08
1044.86523 4.65373e-08
1045.00354 4.65272e-08
1045.14185 4.65165e-08
1045.28015 4.65052e-08
1045.41846 4.64935e-08
1045.55676 4.64814e-08
1045.69507 4.64690e-08
1045.83337 4.64562e-08
1045.97168 4.64432e-08
1046.10999 4.64301e-08
1046.24829 4.64169e-08
1046.38660 4.64036e-08
1046.52490 4.63904e-08
1046.66321 4.63773e-08
1046.80151 4.63643e-08
1046.93982 4.63516e-08
1047.07813 4.63391e-08
1047.21643 4.63271e-08
1047.35474 4.63154e-08
1047.49304 4.63043e-08
1047.63135 4.62936e-08
1047.76965 4.62836e-08
1047.90796 4.62742e-08
1048.04627 4.62656e-08
1048.18457 4.62577e-08
1048.32288 4.62507e-08
1048.46118 4.62446e-08
1048.59937 4.62393e-08
1048.73767 4.62350e-08
1048.87598 4.62318e-08
1049.01428 4.62296e-08
1049.15259 4.62285e-08
1049.29089 4.62284e-08
1049.42920 4.62295e-08
1049.56751 4.62318e-08
1049.70581 4.62353e-08
1049.84412 4.62400e-08
1049.98242 4.62459e-08
1050.12073 4.62531e-08
1050.25903 4.62616e-08
1050.39734 4.62721e-08
1050.53565 4.62861e-08
1050.67395 4.63109e-08
1050.81226 4.63679e-08
1050.95056 4.65136e-08
1051.08887 4.68677e-08
1051.22717 4.76291e-08
1051.36548 4.90302e-08
1051.50378 5.11907e-08
1051.64209 5.39339e-08
1051.78040 5.67231e-08
1051.91870 5.88266e-08
1052.05701 5.96213e-08
1052.19531 5.88652e-08
1052.33350 5.68052e-08
1052.47180 5.40622e-08
1052.61011 5.13693e-08
1052.74841 4.92610e-08
1052.88672 4.79122e-08
1053.02502 4.72014e-08
1053.16333 4.68958e-08
1053.30164 4.67969e-08
1053.43994 4.67855e-08
1053.57825 4.68053e-08
1053.71655 4.68348e-08
1053.85486 4.68671e-08
1053.99316 4.69002e-08
1054.13147 4.69337e-08
1054.26978 4.69673e-08
1054.40808 4.70010e-08
1054.54639 4.70346e-08
1054.68469 4.70683e-08
1054.82300 4.71018e-08
1054.96130 4.71350e-08
1055.09961 4.71680e-08
1055.23792 4.72007e-08
1055.37622 4.72330e-08
1055.51453 4.72648e-08
1055.65283 4.72961e-08
1055.79114 4.73268e-08
1055.92944 4.73569e-08
1056.06763 4.73863e-08
1056.20593 4.74148e-08
1056.34424 4.74425e-08
1056.48254 4.74695e-08
1056.62085 4.74954e-08
1056.75916 4.75205e-08
1056.89746 4.75446e-08
1057.03577 4.75677e-08
1057.17407 4.75897e-08
1057.31238 4.76107e-08
1057.45068 4.76306e-08
1057.58899 4.76493e-08
1057.72730 4.76669e-08
1057.86560 4.76833e-08
1058.00391 4.76985e-08
1058.14221 4.77125e-08
1058.28052 4.77254e-08
1058.41882 4.77371e-08
1058.55713 4.77476e-08
1058.69544 4.77571e-08
1058.83374 4.77654e-08
1058.97205 4.77727e-08
1059.11035 4.77788e-08
1059.24866 4.77838e-08
1059.38696 4.77879e-08
1059.52527 4.77909e-08
1059.66357 4.77930e-08
1059.80188 4.77942e-08
1059.94006 4.77946e-08
1060.07837 4.77942e-08
1060.21668 4.77931e-08
1060.35498 4.77912e-08
1060.49329 4.77888e-08
1060.63159 4.77858e-08
1060.76990 4.77823e-08
1060.90820 4.77784e-08
1061.04651 4.77741e-08
1061.18481 4.77696e-08
1061.32312 4.77648e-08
1061.46143 4.77600e-08
1061.59973 4.77551e-08
1061.73804 4.77502e-08
1061.87634 4.77454e-08
1062.01465 4.77408e-08
1062.15295 4.77367e-08
1062.29126 4.77335e-08
1062.42957 4.77336e-08
1062.56787 4.77448e-08
1062.70618 4.77920e-08
1062.84448 4.79394e-08
1062.98279 4.83232e-08
1063.12109 4.91693e-08
1063.25940 5.07395e-08
1063.39771 5.31641e-08
1063.53601 5.62356e-08
1063.67419 5.93452e-08
1063.81250 6.16823e-08
1063.95081 6.25540e-08
1064.08911 6.16926e-08
1064.22742 5.93665e-08
1064.36572 5.62669e-08
1064.50403 5.32098e-08
1064.64233 5.08016e-08
1064.78064 4.92483e-08
1064.91895 4.84191e-08
1065.05725 4.80522e-08
1065.19556 4.79221e-08
1065.33386 4.78927e-08
1065.47217 4.79001e-08
1065.61047 4.79198e-08
1065.74878 4.79438e-08
1065.88709 4.79700e-08
1066.02539 4.79979e-08
1066.16370 4.80273e-08
1066.30200 4.80583e-08
1066.44031 4.80908e-08
1066.57861 4.81247e-08
1066.71692 4.81602e-08
1066.85523 4.81971e-08
1066.99353 4.82354e-08
1067.13184 4.82751e-08
1067.27014 4.83160e-08
1067.40833 4.83582e-08
1067.54663 4.84017e-08
1067.68494 4.84463e-08
1067.82324 4.84920e-08
1067.96155 4.85387e-08
1068.09985 4.85864e-08
1068.23816 4.86351e-08
1068.37647 4.86846e-08
1068.51477 4.87349e-08
1068.65308 4.87859e-08
1068.79138 4.88377e-08
1068.92969 4.88908e-08
1069.06799 4.89475e-08
1069.20630 4.90168e-08
1069.34460 4.91263e-08
1069.48291 4.93489e-08
1069.62122 4.98380e-08
1069.75952 5.08473e-08
1069.89783 5.26670e-08
1070.03613 5.54352e-08
1070.17444 5.89106e-08
1070.31274 6.24137e-08
1070.45105 6.50425e-08
1070.58936 6.60420e-08
1070.72766 6.51222e-08
1070.86597 6.25794e-08
1071.00427 5.91734e-08
1071.14246 5.58088e-08
1071.28076 5.31550e-08
1071.41907 5.14500e-08
1071.55737 5.05512e-08
1071.69568 5.01674e-08
1071.83398 5.00461e-08
1071.97229 5.00347e-08
1072.11060 5.00617e-08
1072.24890 5.00993e-08
1072.38721 5.01387e-08
1072.52551 5.01774e-08
1072.66382 5.02149e-08
1072.80212 5.02510e-08
1072.94043 5.02855e-08
1073.07874 5.03187e-08
1073.21704 5.03502e-08
1073.35535 5.03803e-08
1073.49365 5.04089e-08
1073.63196 5.04358e-08
1073.77026 5.04613e-08
1073.90857 5.04853e-08
1074.04688 5.05078e-08
1074.18518 5.05292e-08
1074.32349 5.05510e-08
1074.46179 5.05799e-08
1074.60010 5.06405e-08
1074.73840 5.08087e-08
1074.87659 5.12803e-08
1075.01489 5.24628e-08
1075.15320 5.49906e-08
1075.29150 5.94895e-08
1075.42981 6.60711e-08
1075.56812 7.39413e-08
1075.70642 8.15268e-08
1075.84473 8.70252e-08
1075.98303 8.90346e-08
1076.12134 8.70305e-08
1076.25964 8.15389e-08
1076.39795 7.39610e-08
1076.53626 6.61015e-08
1076.67456 5.95337e-08
1076.81287 5.50495e-08
1076.95117 5.25377e-08
1077.08948 5.13712e-08
1077.22778 5.09161e-08
1077.36609 5.07656e-08
1077.50440 5.07244e-08
1077.64270 5.07164e-08
1077.78101 5.07175e-08
1077.91931 5.07212e-08
1078.05762 5.07259e-08
1078.19592 5.07317e-08
1078.33423 5.07384e-08
1078.47253 5.07460e-08
1078.61072 5.07548e-08
1078.74902 5.07649e-08
1078.88733 5.07763e-08
1079.02564 5.07893e-08
1079.16394 5.08037e-08
1079.30225 5.08197e-08
1079.44055 5.08376e-08
1079.57886 5.08572e-08
1079.71716 5.08787e-08
1079.85547 5.09022e-08
1079.99377 5.09276e-08
1080.13208 5.09552e-08
1080.27039 5.09849e-08
1080.40869 5.10168e-08
1080.54700 5.10511e-08
1080.68530 5.10876e-08
1080.82361 5.11264e-08
1080.96191 5.11678e-08
1081.10022 5.12115e-08
1081.23853 5.12577e-08
1081.37683 5.13064e-08
1081.51514 5.13574e-08
1081.65344 5.14110e-08
1081.79175 5.14670e-08
1081.93005 5.15253e-08
1082.06836 5.15861e-08
1082.20667 5.16493e-08
1082.34485 5.17148e-08
1082.48315 5.17825e-08
1082.62146 5.18526e-08
1082.75977 5.19253e-08
1082.89807 5.20020e-08
1083.03638 5.20883e-08
1083.17468 5.22010e-08
1083.31299 5.23845e-08
1083.45129 5.27330e-08
1083.58960 5.34046e-08
1083.72791 5.45876e-08
1083.86621 5.63889e-08
1084.00452 5.86811e-08
1084.14282 6.10352e-08
1084.28113 6.28404e-08
1084.41943 6.35632e-08
1084.55774 6.29959e-08
1084.69605 6.13548e-08
1084.83435 5.91784e-08
1084.97266 5.70767e-08
1085.11096 5.54724e-08
1085.24927 5.44851e-08
1085.38757 5.40036e-08
1085.52588 5.38386e-08
1085.66419 5.38337e-08
1085.80249 5.38956e-08
1085.94080 5.39808e-08
1086.07898 5.40726e-08
1086.21729 5.41654e-08
1086.35559 5.42581e-08
1086.49390 5.43519e-08
1086.63220 5.44521e-08
1086.77051 5.45767e-08
1086.90881 5.47723e-08
1087.04712 5.51380e-08
1087.18543 5.58403e-08
1087.32373 5.70777e-08
1087.46204 5.89625e-08
1087.60034 6.13612e-08
1087.73865 6.38223e-08
1087.87695 6.57028e-08
1088.01526 6.64411e-08
1088.15356 6.58172e-08
1088.29187 6.40573e-08
1088.43018 6.17268e-08
1088.56848 5.94683e-08
1088.70679 5.77283e-08
1088.84509 5.66351e-08
1088.98340 5.60723e-08
1089.12170 5.58415e-08
1089.26001 5.57769e-08
1089.39832 5.57803e-08
1089.53662 5.58058e-08
1089.67493 5.58357e-08
1089.81323 5.58643e-08
1089.95142 5.58899e-08
1090.08972 5.59125e-08
1090.22803 5.59321e-08
1090.36633 5.59484e-08
1090.50464 5.59617e-08
1090.64294 5.59722e-08
1090.78125 5.59797e-08
1090.91956 5.59845e-08
1091.05786 5.59866e-08
1091.19617 5.59864e-08
1091.33447 5.59836e-08
1091.47278 5.59786e-08
1091.61108 5.59716e-08
1091.74939 5.59626e-08
1091.88770 5.59519e-08
1092.02600 5.59396e-08
1092.16431 5.59260e-08
1092.30261 5.59111e-08
1092.44092 5.58952e-08
1092.57922 5.58786e-08
1092.71753 5.58613e-08
1092.85584 5.58437e-08
1092.99414 5.58259e-08
1093.13245 5.58082e-08
1093.27075 5.57906e-08
1093.40906 5.57736e-08
1093.54736 5.57571e-08
1093.68555 5.57415e-08
1093.82385 5.57270e-08
1093.96216 5.57137e-08
1094.10046 5.57020e-08
1094.23877 5.56918e-08
1094.37708 5.56833e-08
1094.51538 5.56772e-08
1094.65369 5.56731e-08
1094.79199 5.56712e-08
1094.93030 5.56720e-08
1095.06860 5.56755e-08
1095.20691 5.56817e-08
1095.34522 5.56910e-08
1095.48352 5.57034e-08
1095.62183 5.57188e-08
1095.76013 5.57377e-08
1095.89844 5.57598e-08
1096.03674 5.57855e-08
1096.17505 5.58148e-08
1096.31335 5.58477e-08
1096.45166 5.58843e-08
1096.58997 5.59246e-08
1096.72827 5.59687e-08
1096.86658 5.60166e-08
1097.00488 5.60681e-08
1097.14319 5.61234e-08
1097.28149 5.61825e-08
1097.41968 5.62453e-08
1097.55798 5.63118e-08
1097.69629 5.63818e-08
1097.83460 5.64554e-08
1097.97290 5.65325e-08
1098.11121 5.66132e-08
1098.24951 5.66980e-08
1098.38782 5.67898e-08
1098.52612 5.68993e-08
1098.66443 5.70606e-08
1098.80273 5.73611e-08
1098.94104 5.79870e-08
1099.07935 5.92440e-08
1099.21765 6.14800e-08
1099.35596 6.48569e-08
1099.49426 6.90774e-08
1099.63257 7.33223e-08
1099.77087 7.65114e-08
1099.90918 7.77451e-08
1100.04749 7.66804e-08
1100.18579 7.36744e-08
1100.32410 6.96362e-08
1100.46240 6.56472e-08
1100.60071 6.25167e-08
1100.73901 6.05274e-08
1100.87732 5.95070e-08
1101.01563 5.91054e-08
1101.15381 5.90188e-08
1101.29211 5.90641e-08
1101.43042 5.91554e-08
1101.56873 5.92594e-08
1101.70703 5.93654e-08
1101.84534 5.94702e-08
1101.98364 5.95729e-08
1102.12195 5.96734e-08
1102.26025 5.97711e-08
1102.39856 5.98661e-08
1102.53687 5.99580e-08
1102.67517 6.00467e-08
1102.81348 6.01321e-08
1102.95178 6.02139e-08
1103.09009 6.02922e-08
1103.22839 6.03666e-08
1103.36670 6.04370e-08
1103.50501 6.05033e-08
1103.64331 6.05656e-08
1103.78162 6.06236e-08
1103.91992 6.06773e-08
1104.05823 6.07267e-08
1104.19653 6.07719e-08
1104.33484 6.08126e-08
1104.47315 6.08491e-08
1104.61145 6.08813e-08
1104.74976 6.09094e-08
1104.88794 6.09333e-08
1105.02625 6.09532e-08
1105.16455 6.09691e-08
1105.30286 6.09812e-08
1105.44116 6.09896e-08
1105.57947 6.09945e-08
1105.71777 6.09962e-08
1105.85608 6.09948e-08
1105.99439 6.09906e-08
1106.13269 6.09838e-08
1106.27100 6.09747e-08
1106.40930 6.09635e-08
1106.54761 6.09507e-08
1106.68591 6.09365e-08
1106.82422 6.09211e-08
1106.96252 6.09050e-08
1107.10083 6.08886e-08
1107.23914 6.08722e-08
1107.37744 6.08562e-08
1107.51575 6.08409e-08
1107.65405 6.08267e-08
1107.79236 6.08142e-08
1107.93066 6.08036e-08
1108.06897 6.07954e-08
1108.20728 6.07900e-08
1108.34558 6.07877e-08
1108.48389 6.07891e-08
1108.62207 6.07945e-08
1108.76038 6.08043e-08
1108.89868 6.08188e-08
1109.03699 6.08386e-08
1109.17529 6.08639e-08
1109.31360 6.08953e-08
1109.45190 6.09328e-08
1109.59021 6.09771e-08
1109.72852 6.10284e-08
1109.86682 6.10870e-08
1110.00513 6.11533e-08
1110.14343 6.12275e-08
1110.28174 6.13100e-08
1110.42004 6.14010e-08
1110.55835 6.15008e-08
1110.69666 6.16096e-08
1110.83496 6.17277e-08
1110.97327 6.18552e-08
1111.11157 6.19925e-08
1111.24988 6.21396e-08
1111.38818 6.22967e-08
1111.52649 6.24639e-08
1111.66480 6.26415e-08
1111.80310 6.28294e-08
1111.94141 6.30276e-08
1112.07971 6.32365e-08
1112.21802 6.34558e-08
1112.35620 6.36857e-08
1112.49451 6.39262e-08
1112.63281 6.41772e-08
1112.77112 6.44388e-08
1112.90942 6.47108e-08
1113.04773 6.49932e-08
1113.18604 6.52859e-08
1113.32434 6.55888e-08
1113.46265 6.59018e-08
1113.60095 6.62246e-08
1113.73926 6.65572e-08
1113.87756 6.68994e-08
1114.01587 6.72509e-08
1114.15418 6.76114e-08
1114.29248 6.79809e-08
1114.43079 6.83589e-08
1114.56909 6.87452e-08
1114.70740 6.91396e-08
1114.84570 6.95417e-08
1114.98401 6.99511e-08
1115.12231 7.03675e-08
1115.26062 7.07906e-08
1115.39893 7.12200e-08
1115.53723 7.16552e-08
1115.67554 7.20959e-08
1115.81384 7.25414e-08
1115.95215 7.29913e-08
1116.09033 7.34453e-08
1116.22864 7.39029e-08
1116.36694 7.43635e-08
1116.50525 7.48265e-08
1116.64356 7.52914e-08
1116.78186 7.57575e-08
1116.92017 7.62242e-08
1117.05847 7.66909e-08
1117.19678 7.71570e-08
1117.33508 7.76216e-08
1117.47339 7.80840e-08
1117.61169 7.85436e-08
1117.75000 7.89996e-08
1117.88831 7.94510e-08
1118.02661 7.98972e-08
1118.16492 8.03373e-08
1118.30322 8.07706e-08
1118.44153 8.11960e-08
1118.57983 8.16127e-08
1118.71814 8.20201e-08
1118.85645 8.24171e-08
1118.99475 8.28030e-08
1119.13306 8.31771e-08
1119.27136 8.35385e-08
1119.40967 8.38865e-08
1119.54797 8.42205e-08
1119.68628 8.45398e-08
1119.82459 8.48438e-08
1119.96277 8.51322e-08
1120.10107 8.54042e-08
1120.23938 8.56597e-08
1120.37769 8.58985e-08
1120.51599 8.61204e-08
1120.65430 8.63254e-08
1120.79260 8.65136e-08
1120.93091 8.66849e-08
1121.06921 8.68398e-08
1121.20752 8.69786e-08
1121.34583 8.71019e-08
1121.48413 8.72101e-08
1121.62244 8.73040e-08
1121.76074 8.73843e-08
1121.89905 8.74520e-08
1122.03735 8.75080e-08
1122.17566 8.75530e-08
1122.31397 8.75886e-08
1122.45227 8.76160e-08
1122.59058 8.76360e-08
1122.72888 8.76502e-08
1122.86719 8.76595e-08
1123.00549 8.76654e-08
1123.14380 8.76695e-08
1123.28210 8.76731e-08
1123.42041 8.76774e-08
1123.55872 8.76839e-08
1123.69690 8.76941e-08
1123.83521 8.77092e-08
1123.97351 8.77308e-08
1124.11182 8.77599e-08
1124.25012 8.77983e-08
1124.38843 8.78472e-08
1124.52673 8.79079e-08
1124.66504 8.79818e-08
1124.80335 8.80699e-08
1124.94165 8.81739e-08
1125.07996 8.82946e-08
1125.21826 8.84336e-08
1125.35657 8.85918e-08
1125.49487 8.87706e-08
1125.63318 8.89712e-08
1125.77148 8.91949e-08
1125.90979 8.94426e-08
1126.04810 8.97157e-08
1126.18640 9.00154e-08
1126.32471 9.03427e-08
1126.46301 9.06990e-08
1126.60132 9.10855e-08
1126.73962 9.15031e-08
1126.87793 9.19533e-08
1127.01624 9.24376e-08
1127.15454 9.29570e-08
1127.29285 9.35132e-08
1127.43103 9.41074e-08
1127.56934 9.47413e-08
1127.70764 9.54168e-08
1127.84595 9.61354e-08
1127.98425 9.68997e-08
1128.12256 9.77118e-08
1128.26086 9.85745e-08
1128.39917 9.94905e-08
1128.53748 1.00463e-07
1128.67578 1.01496e-07
1128.81409 1.02594e-07
1128.95239 1.03762e-07
1129.09070 1.05006e-07
1129.22900 1.06335e-07
1129.36731 1.07757e-07
1129.50562 1.09283e-07
1129.64392 1.10928e-07
1129.78223 1.12708e-07
1129.92053 1.14645e-07
1130.05884 1.16768e-07
1130.19714 1.19112e-07
1130.33545 1.21727e-07
1130.47376 1.24676e-07
1130.61206 1.28049e-07
1130.75037 1.31972e-07
1130.88867 1.36627e-07
1131.02698 1.42288e-07
1131.16516 1.49390e-07
1131.30347 1.58655e-07
1131.44177 1.71387e-07
1131.58008 1.90187e-07
1131.71838 2.21090e-07
1131.85669 2.81924e-07
1131.99500 4.58134e-07
1132.13330 6.69405e-06
1132.27161 3.19122e-07
1132.40991 1.11537e-07
1132.54822 4.92405e-08
1132.68652 2.41129e-08
1132.82483 1.69979e-08
