# Spectrum from Mathe et al. 2019
2221
149
 570.00 4.5426e-08
 570.25 6.5115e-08
 570.50 8.1040e-08
 570.75 5.8136e-08
 571.00 5.1124e-08
 571.25 6.7174e-08
 571.50 9.5583e-08
 571.75 1.1120e-07
 572.00 9.7474e-08
 572.25 1.1579e-07
 572.50 1.3128e-07
 572.75 1.1520e-07
 573.00 9.2505e-08
 573.25 5.5316e-08
 573.50 1.3480e-08
 573.75 -1.7666e-07
 574.00 -1.5809e-07
 574.25 3.2653e-08
 574.50 8.8222e-08
 574.75 1.1074e-07
 575.00 8.8196e-08
 575.25 7.0816e-08
 575.50 6.3865e-08
 575.75 6.9689e-08
 576.00 6.4213e-08
 576.25 6.0575e-08
 576.50 5.2771e-08
 576.75 5.9008e-08
 577.00 6.3583e-08
 577.25 5.7509e-08
 577.50 6.1469e-08
 577.75 6.6577e-08
 578.00 6.5396e-08
 578.25 5.5397e-08
 578.50 5.5151e-08
 578.75 6.8707e-08
 579.00 6.8219e-08
 579.25 5.6597e-08
 579.50 6.3183e-08
 579.75 6.4987e-08
 580.00 7.1876e-08
 580.25 6.4354e-08
 580.50 5.3417e-08
 580.75 4.6759e-08
 581.00 4.1897e-08
 581.25 3.8441e-08
 581.50 4.0035e-08
 581.75 4.4922e-08
 582.00 4.5189e-08
 582.25 3.9517e-08
 582.50 4.2856e-08
 582.75 5.8565e-08
 583.00 6.1587e-08
 583.25 5.0484e-08
 583.50 4.0307e-08
 583.75 4.4753e-08
 584.00 5.1670e-08
 584.25 6.0275e-08
 584.50 5.9747e-08
 584.75 5.6802e-08
 585.00 5.4266e-08
 585.25 4.8571e-08
 585.50 4.6622e-08
 585.75 4.6836e-08
 586.00 4.6639e-08
 586.25 5.3312e-08
 586.50 5.2704e-08
 586.75 4.5713e-08
 587.00 4.1464e-08
 587.25 4.0108e-08
 587.50 4.3988e-08
 587.75 4.4628e-08
 588.00 4.6039e-08
 588.25 5.1126e-08
 588.50 5.2332e-08
 588.75 4.7788e-08
 589.00 4.9090e-08
 589.25 4.5480e-08
 589.50 4.6499e-08
 589.75 4.9884e-08
 590.00 4.7331e-08
 590.25 4.4674e-08
 590.50 4.6649e-08
 590.75 5.0641e-08
 591.00 5.0124e-08
 591.25 5.0513e-08
 591.50 5.2711e-08
 591.75 5.5221e-08
 592.00 5.5103e-08
 592.25 5.1632e-08
 592.50 4.7795e-08
 592.75 4.4207e-08
 593.00 4.1694e-08
 593.25 4.9090e-08
 593.50 5.2158e-08
 593.75 4.8916e-08
 594.00 4.7961e-08
 594.25 5.0404e-08
 594.50 5.1702e-08
 594.75 5.0312e-08
 595.00 5.0395e-08
 595.25 5.0841e-08
 595.50 4.9495e-08
 595.75 5.0565e-08
 596.00 5.2609e-08
 596.25 4.7107e-08
 596.50 3.9963e-08
 596.75 4.1393e-08
 597.00 5.0587e-08
 597.25 4.9324e-08
 597.50 5.5016e-08
 597.75 6.2067e-08
 598.00 5.4313e-08
 598.25 4.8665e-08
 598.50 4.8268e-08
 598.75 5.4547e-08
 599.00 5.9820e-08
 599.25 5.5922e-08
 599.50 4.7444e-08
 599.75 4.4521e-08
 600.00 4.8055e-08
 600.25 4.8753e-08
 600.50 4.3148e-08
 600.75 4.3919e-08
 601.00 4.5704e-08
 601.25 4.6005e-08
 601.50 4.5762e-08
 601.75 4.4827e-08
 602.00 4.8785e-08
 602.25 5.0619e-08
 602.50 4.9270e-08
 602.75 4.7246e-08
 603.00 4.7329e-08
 603.25 4.7603e-08
 603.50 4.8504e-08
 603.75 4.6252e-08
 604.00 4.1600e-08
 604.25 4.1144e-08
 604.50 4.5757e-08
 604.75 4.8310e-08
 605.00 4.6891e-08
 605.25 4.3296e-08
 605.50 4.1926e-08
 605.75 4.3240e-08
 606.00 4.2932e-08
 606.25 4.5134e-08
 606.50 4.9218e-08
 606.75 5.2448e-08
 607.00 5.0317e-08
 607.25 4.9260e-08
 607.50 5.1616e-08
 607.75 5.0795e-08
 608.00 4.6093e-08
 608.25 4.4893e-08
 608.50 4.6017e-08
 608.75 4.5797e-08
 609.00 4.6619e-08
 609.25 4.7608e-08
 609.50 5.1031e-08
 609.75 5.4494e-08
 610.00 5.1857e-08
 610.25 4.8412e-08
 610.50 4.7825e-08
 610.75 4.7391e-08
 611.00 5.0289e-08
 611.25 5.3768e-08
 611.50 5.3855e-08
 611.75 4.8865e-08
 612.00 5.1276e-08
 612.25 5.7056e-08
 612.50 5.3069e-08
 612.75 5.3210e-08
 613.00 5.5393e-08
 613.25 5.2812e-08
 613.50 5.3758e-08
 613.75 5.5908e-08
 614.00 5.5015e-08
 614.25 5.3349e-08
 614.50 5.2103e-08
 614.75 5.8672e-08
 615.00 6.3580e-08
 615.25 6.2416e-08
 615.50 6.2411e-08
 615.75 6.2289e-08
 616.00 6.6628e-08
 616.25 6.4739e-08
 616.50 6.2675e-08
 616.75 6.1631e-08
 617.00 6.3295e-08
 617.25 6.3813e-08
 617.50 5.9875e-08
 617.75 6.1269e-08
 618.00 5.9237e-08
 618.25 6.1983e-08
 618.50 6.3239e-08
 618.75 6.7425e-08
 619.00 6.9003e-08
 619.25 6.9798e-08
 619.50 6.7817e-08
 619.75 6.5737e-08
 620.00 7.0636e-08
 620.25 6.8278e-08
 620.50 7.1266e-08
 620.75 6.8054e-08
 621.00 6.7480e-08
 621.25 6.6752e-08
 621.50 6.4651e-08
 621.75 6.6227e-08
 622.00 6.6721e-08
 622.25 7.3266e-08
 622.50 7.4614e-08
 622.75 7.5268e-08
 623.00 7.0093e-08
 623.25 7.1664e-08
 623.50 7.1370e-08
 623.75 6.7814e-08
 624.00 6.9540e-08
 624.25 6.5011e-08
 624.50 7.0663e-08
 624.75 7.4220e-08
 625.00 8.0099e-08
 625.25 7.4969e-08
 625.50 7.4004e-08
 625.75 7.6300e-08
 626.00 7.1841e-08
 626.25 7.1905e-08
 626.50 7.3091e-08
 626.75 9.1275e-08
 627.00 8.9000e-08
 627.25 8.5110e-08
 627.50 9.5691e-08
 627.75 1.8152e-07
 628.00 2.5559e-07
 628.25 1.9011e-07
 628.50 1.1938e-07
 628.75 9.0583e-08
 629.00 8.1074e-08
 629.25 7.6099e-08
 629.50 9.3481e-08
 629.75 9.9881e-08
 630.00 9.3740e-08
 630.25 1.0116e-07
 630.50 9.2887e-08
 630.75 1.0411e-07
 631.00 1.1002e-07
 631.25 1.4170e-07
 631.50 1.4060e-07
 631.75 1.2202e-07
 632.00 1.2555e-07
 632.25 1.2087e-07
 632.50 1.3597e-07
 632.75 1.2828e-07
 633.00 1.5637e-07
 633.25 1.5487e-07
 633.50 1.4158e-07
 633.75 1.2879e-07
 634.00 1.1920e-07
 634.25 1.3074e-07
 634.50 1.2838e-07
 634.75 1.5251e-07
 635.00 1.3327e-07
 635.25 1.2134e-07
 635.50 1.1087e-07
 635.75 1.0212e-07
 636.00 1.0165e-07
 636.25 9.7445e-08
 636.50 9.4162e-08
 636.75 7.7981e-08
 637.00 8.0516e-08
 637.25 7.7336e-08
 637.50 7.7222e-08
 637.75 7.4246e-08
 638.00 7.3694e-08
 638.25 7.2190e-08
 638.50 7.0427e-08
 638.75 7.1436e-08
 639.00 6.8411e-08
 639.25 7.0057e-08
 639.50 6.5293e-08
 639.75 6.9794e-08
 640.00 7.0222e-08
 640.25 6.5340e-08
 640.50 6.8348e-08
 640.75 6.6219e-08
 641.00 7.1558e-08
 641.25 6.9529e-08
 641.50 6.6880e-08
 641.75 6.3470e-08
 642.00 6.3825e-08
 642.25 6.7168e-08
 642.50 6.5724e-08
 642.75 7.3913e-08
 643.00 6.7735e-08
 643.25 6.4681e-08
 643.50 6.7115e-08
 643.75 6.9052e-08
 644.00 7.0472e-08
 644.25 7.0947e-08
 644.50 7.1024e-08
 644.75 6.4297e-08
 645.00 6.7802e-08
 645.25 6.8183e-08
 645.50 6.2736e-08
 645.75 6.2062e-08
 646.00 6.3970e-08
 646.25 6.6295e-08
 646.50 6.2912e-08
 646.75 6.4495e-08
 647.00 6.2366e-08
 647.25 6.4596e-08
 647.50 6.6255e-08
 647.75 6.3518e-08
 648.00 6.2674e-08
 648.25 5.8454e-08
 648.50 6.9668e-08
 648.75 7.1967e-08
 649.00 6.7098e-08
 649.25 5.9676e-08
 649.50 5.3191e-08
 649.75 5.4850e-08
 650.00 5.8539e-08
 650.25 6.5581e-08
 650.50 6.6075e-08
 650.75 5.7256e-08
 651.00 4.5635e-08
 651.25 4.8848e-08
 651.50 5.4562e-08
 651.75 5.4825e-08
 652.00 5.8716e-08
 652.25 5.7151e-08
 652.50 5.3732e-08
 652.75 5.6549e-08
 653.00 5.6039e-08
 653.25 5.4424e-08
 653.50 5.8191e-08
 653.75 5.2675e-08
 654.00 4.4554e-08
 654.25 4.4661e-08
 654.50 4.3538e-08
 654.75 4.7263e-08
 655.00 5.4288e-08
 655.25 5.5876e-08
 655.50 5.1733e-08
 655.75 5.4203e-08
 656.00 5.4263e-08
 656.25 5.0123e-08
 656.50 5.2193e-08
 656.75 5.0778e-08
 657.00 4.5016e-08
 657.25 4.0270e-08
 657.50 3.8562e-08
 657.75 4.6304e-08
 658.00 5.9405e-08
 658.25 5.8694e-08
 658.50 5.8428e-08
 658.75 6.1476e-08
 659.00 5.2504e-08
 659.25 4.6504e-08
 659.50 5.1039e-08
 659.75 5.1041e-08
 660.00 4.6651e-08
 660.25 4.2712e-08
 660.50 4.5041e-08
 660.75 5.3064e-08
 661.00 6.1705e-08
 661.25 5.8463e-08
 661.50 5.3632e-08
 661.75 5.8665e-08
 662.00 5.7553e-08
 662.25 5.4153e-08
 662.50 5.8970e-08
 662.75 6.1301e-08
 663.00 5.7798e-08
 663.25 5.7187e-08
 663.50 5.0469e-08
 663.75 4.6804e-08
 664.00 5.1698e-08
 664.25 5.8084e-08
 664.50 6.2098e-08
 664.75 6.5098e-08
 665.00 5.3120e-08
 665.25 4.5583e-08
 665.50 5.4152e-08
 665.75 5.8809e-08
 666.00 5.0585e-08
 666.25 4.3837e-08
 666.50 4.3459e-08
 666.75 4.4508e-08
 667.00 5.0413e-08
 667.25 9.4512e-08
 667.50 1.6978e-07
 667.75 1.6652e-07
 668.00 1.2242e-07
 668.25 9.1941e-08
 668.50 7.2701e-08
 668.75 6.1768e-08
 669.00 5.3513e-08
 669.25 5.1274e-08
 669.50 5.0002e-08
 669.75 5.2737e-08
 670.00 5.2662e-08
 670.25 6.4150e-08
 670.50 7.3792e-08
 670.75 6.3653e-08
 671.00 5.5709e-08
 671.25 5.5564e-08
 671.50 4.1435e-08
 671.75 3.5586e-08
 672.00 3.9299e-08
 672.25 4.2037e-08
 672.50 4.7026e-08
 672.75 5.5358e-08
 673.00 5.5240e-08
 673.25 5.6745e-08
 673.50 6.4972e-08
 673.75 5.7856e-08
 674.00 4.5206e-08
 674.25 5.1538e-08
 674.50 5.7726e-08
 674.75 5.7059e-08
 675.00 6.7498e-08
 675.25 5.9869e-08
 675.50 4.7888e-08
 675.75 4.9944e-08
 676.00 5.7082e-08
 676.25 6.3163e-08
 676.50 7.5859e-08
 676.75 6.7464e-08
 677.00 5.4141e-08
 677.25 6.5915e-08
 677.50 7.7936e-08
 677.75 8.7522e-08
 678.00 8.7543e-08
 678.25 7.6705e-08
 678.50 6.3635e-08
 678.75 5.9347e-08
 679.00 6.5188e-08
 679.25 8.0522e-08
 679.50 1.0358e-07
 679.75 1.0774e-07
 680.00 7.6342e-08
 680.25 4.9978e-08
 680.50 4.8237e-08
 680.75 5.4605e-08
 681.00 5.6489e-08
 681.25 5.2380e-08
 681.50 5.0493e-08
 681.75 5.9023e-08
 682.00 8.6241e-08
 682.25 1.0924e-07
 682.50 8.3810e-08
 682.75 4.5767e-08
 683.00 4.2613e-08
 683.25 4.9616e-08
 683.50 5.0817e-08
 683.75 5.8661e-08
 684.00 6.9536e-08
 684.25 9.9129e-08
 684.50 1.1306e-07
 684.75 6.7817e-08
 685.00 4.7540e-08
 685.25 7.1267e-08
 685.50 8.2739e-08
 685.75 5.9823e-08
 686.00 4.8651e-08
 686.25 5.5497e-08
 686.50 7.3776e-08
 686.75 9.8908e-08
 687.00 7.9213e-08
 687.25 4.6550e-08
 687.50 3.8562e-08
 687.75 3.8114e-08
 688.00 4.6233e-08
 688.25 7.8292e-08
 688.50 8.7238e-08
 688.75 8.2909e-08
 689.00 1.2464e-07
 689.25 1.2192e-07
 689.50 5.7044e-08
 689.75 4.1546e-08
 690.00 4.9381e-08
 690.25 5.1721e-08
 690.50 4.9641e-08
 690.75 5.4973e-08
 691.00 7.7832e-08
 691.25 1.1958e-07
 691.50 1.3358e-07
 691.75 7.8455e-08
 692.00 4.8918e-08
 692.25 5.2089e-08
 692.50 5.6367e-08
 692.75 5.1084e-08
 693.00 5.3140e-08
 693.25 6.9711e-08
 693.50 1.0925e-07
 693.75 1.7775e-07
 694.00 1.5587e-07
 694.25 8.9472e-08
 694.50 6.9109e-08
 694.75 5.4993e-08
 695.00 5.2582e-08
 695.25 5.5940e-08
 695.50 7.0710e-08
 695.75 8.0629e-08
 696.00 1.1432e-07
 696.25 1.2917e-07
 696.50 8.1025e-08
 696.75 7.2136e-08
 697.00 8.8572e-08
 697.25 8.8657e-08
 697.50 6.4501e-08
 697.75 6.4315e-08
 698.00 7.9026e-08
 698.25 1.2565e-07
 698.50 1.9771e-07
 698.75 1.4550e-07
 699.00 7.1086e-08
 699.25 7.3674e-08
 699.50 7.4539e-08
 699.75 6.5800e-08
 700.00 8.7861e-08
 700.25 1.0769e-07
 700.50 1.0168e-07
 700.75 1.3806e-07
 701.00 1.3436e-07
 701.25 8.2627e-08
 701.50 7.1411e-08
 701.75 6.1374e-08
 702.00 5.4541e-08
 702.25 5.6762e-08
 702.50 7.0988e-08
 702.75 9.8689e-08
 703.00 1.8009e-07
 703.25 2.4132e-07
 703.50 1.5663e-07
 703.75 7.4081e-08
 704.00 5.8803e-08
 704.25 4.7498e-08
 704.50 5.3736e-08
 704.75 6.4866e-08
 705.00 8.2883e-08
 705.25 1.1428e-07
 705.50 1.6026e-07
 705.75 1.6332e-07
 706.00 1.3162e-07
 706.25 1.0582e-07
 706.50 7.3297e-08
 706.75 6.6656e-08
 707.00 6.7812e-08
 707.25 7.9910e-08
 707.50 1.0691e-07
 707.75 1.7693e-07
 708.00 2.2793e-07
 708.25 1.3884e-07
 708.50 5.6400e-08
 708.75 4.9912e-08
 709.00 4.8197e-08
 709.25 5.8832e-08
 709.50 6.5665e-08
 709.75 8.7387e-08
 710.00 1.1795e-07
 710.25 1.6431e-07
 710.50 1.4818e-07
 710.75 7.8614e-08
 711.00 7.6532e-08
 711.25 9.0933e-08
 711.50 9.1634e-08
 711.75 1.2983e-07
 712.00 2.7271e-07
 712.25 3.5302e-07
 712.50 3.5365e-07
 712.75 3.3144e-07
 713.00 2.1119e-07
 713.25 1.3227e-07
 713.50 1.1303e-07
 713.75 1.0241e-07
 714.00 9.7239e-08
 714.25 1.0856e-07
 714.50 1.4627e-07
 714.75 1.8551e-07
 715.00 2.1881e-07
 715.25 1.6616e-07
 715.50 9.2903e-08
 715.75 7.3184e-08
 716.00 1.0191e-07
 716.25 1.7655e-07
 716.50 1.6436e-07
 716.75 1.1333e-07
 717.00 1.1748e-07
 717.25 1.9351e-07
 717.50 2.0909e-07
 717.75 1.1940e-07
 718.00 8.2511e-08
 718.25 6.2824e-08
 718.50 5.4680e-08
 718.75 6.4904e-08
 719.00 8.7022e-08
 719.25 9.8886e-08
 719.50 1.3967e-07
 719.75 2.2550e-07
 720.00 1.9096e-07
 720.25 9.0802e-08
 720.50 7.4135e-08
 720.75 9.8768e-08
 721.00 9.7680e-08
 721.25 8.3769e-08
 721.50 8.2734e-08
 721.75 1.0673e-07
 722.00 1.7673e-07
 722.25 1.6714e-07
 722.50 8.1314e-08
 722.75 5.6678e-08
 723.00 5.6123e-08
 723.25 6.4925e-08
 723.50 8.5334e-08
 723.75 1.1026e-07
 724.00 1.0561e-07
 724.25 1.0845e-07
 724.50 1.1655e-07
 724.75 7.8044e-08
 725.00 5.9396e-08
 725.25 6.5339e-08
 725.50 6.9379e-08
 725.75 7.3989e-08
 726.00 8.0053e-08
 726.25 7.7568e-08
 726.50 8.9854e-08
 726.75 1.0325e-07
 727.00 9.1165e-08
 727.25 8.1231e-08
 727.50 8.5540e-08
 727.75 8.6244e-08
 728.00 1.2986e-07
 728.25 2.6852e-07
 728.50 3.3177e-07
 728.75 3.1475e-07
 729.00 4.8336e-07
 729.25 7.6075e-07
 729.50 8.2409e-07
 729.75 7.0855e-07
 730.00 5.8753e-07
 730.25 4.7979e-07
 730.50 3.8481e-07
 730.75 3.2779e-07
 731.00 3.6356e-07
 731.25 3.7109e-07
 731.50 3.0740e-07
 731.75 2.3422e-07
 732.00 1.6730e-07
 732.25 1.3976e-07
 732.50 1.4560e-07
 732.75 1.5652e-07
 733.00 1.3634e-07
 733.25 1.2021e-07
 733.50 1.4103e-07
 733.75 2.2522e-07
 734.00 2.1764e-07
 734.25 1.0948e-07
 734.50 7.5885e-08
 734.75 8.4480e-08
 735.00 1.0124e-07
 735.25 9.9397e-08
 735.50 1.1188e-07
 735.75 1.3329e-07
 736.00 1.6056e-07
 736.25 1.9169e-07
 736.50 1.3619e-07
 736.75 8.1309e-08
 737.00 7.2018e-08
 737.25 8.9673e-08
 737.50 1.0842e-07
 737.75 9.9495e-08
 738.00 1.1070e-07
 738.25 1.6351e-07
 738.50 2.5383e-07
 738.75 2.1260e-07
 739.00 1.1062e-07
 739.25 9.8469e-08
 739.50 1.0053e-07
 739.75 1.0162e-07
 740.00 7.9688e-08
 740.25 8.7633e-08
 740.50 1.4332e-07
 740.75 2.1321e-07
 741.00 2.2280e-07
 741.25 1.5001e-07
 741.50 1.1301e-07
 741.75 1.0766e-07
 742.00 1.1645e-07
 742.25 1.0459e-07
 742.50 8.1682e-08
 742.75 1.0429e-07
 743.00 1.8164e-07
 743.25 2.7167e-07
 743.50 2.1082e-07
 743.75 1.0713e-07
 744.00 9.5684e-08
 744.25 1.2266e-07
 744.50 1.2674e-07
 744.75 9.4987e-08
 745.00 9.2366e-08
 745.25 1.3547e-07
 745.50 2.0702e-07
 745.75 1.8856e-07
 746.00 1.1000e-07
 746.25 9.4420e-08
 746.50 1.1490e-07
 746.75 1.1308e-07
 747.00 1.0496e-07
 747.25 1.3467e-07
 747.50 1.7463e-07
 747.75 2.5669e-07
 748.00 3.2675e-07
 748.25 2.4974e-07
 748.50 1.4809e-07
 748.75 1.2693e-07
 749.00 1.2333e-07
 749.25 1.0760e-07
 749.50 1.0574e-07
 749.75 1.1584e-07
 750.00 1.5043e-07
 750.25 2.1617e-07
 750.50 1.8619e-07
 750.75 1.1624e-07
 751.00 1.1082e-07
 751.25 1.1059e-07
 751.50 9.1392e-08
 751.75 8.2563e-08
 752.00 9.4989e-08
 752.25 1.1967e-07
 752.50 2.0229e-07
 752.75 2.2787e-07
 753.00 1.3509e-07
 753.25 1.1561e-07
 753.50 1.2625e-07
 753.75 9.4662e-08
 754.00 8.0783e-08
 754.25 8.2212e-08
 754.50 9.9869e-08
 754.75 1.4078e-07
 755.00 1.8754e-07
 755.25 1.4802e-07
 755.50 1.0486e-07
 755.75 1.0878e-07
 756.00 1.0650e-07
 756.25 1.0892e-07
 756.50 9.0624e-08
 756.75 8.5204e-08
 757.00 1.2368e-07
 757.25 2.1292e-07
 757.50 2.1356e-07
 757.75 1.2243e-07
 758.00 9.9351e-08
 758.25 9.0585e-08
 758.50 8.4904e-08
 758.75 9.0983e-08
 759.00 9.6279e-08
 759.25 1.0908e-07
 759.50 1.3926e-07
 759.75 1.5859e-07
 760.00 1.2197e-07
 760.25 1.0756e-07
 760.50 1.0489e-07
 760.75 9.1831e-08
 761.00 9.3381e-08
 761.25 9.9790e-08
 761.50 1.0466e-07
 761.75 1.4488e-07
 762.00 2.1113e-07
 762.25 1.7665e-07
 762.50 1.1456e-07
 762.75 9.8936e-08
 763.00 8.4413e-08
 763.25 8.5986e-08
 763.50 8.9586e-08
 763.75 1.0216e-07
 764.00 1.1893e-07
 764.25 1.5965e-07
 764.50 1.6882e-07
 764.75 1.5711e-07
 765.00 1.2157e-07
 765.25 3.2501e-08
 765.50 4.4593e-08
 765.75 7.9927e-08
 766.00 8.2535e-08
 766.25 9.4841e-08
 766.50 1.3226e-07
 766.75 1.6337e-07
 767.00 1.2757e-07
 767.25 9.8644e-08
 767.50 8.9708e-08
 767.75 8.8095e-08
 768.00 9.2679e-08
 768.25 9.7368e-08
 768.50 9.6224e-08
 768.75 1.0607e-07
 769.00 1.3011e-07
 769.25 1.2266e-07
 769.50 9.4442e-08
 769.75 8.0903e-08
 770.00 7.9743e-08
 770.25 8.7799e-08
 770.50 9.0626e-08
 770.75 9.9216e-08
 771.00 1.1036e-07
 771.25 1.3659e-07
 771.50 1.5170e-07
 771.75 1.1799e-07
 772.00 9.8056e-08
 772.25 9.6047e-08
 772.50 9.2545e-08
 772.75 8.0489e-08
 773.00 7.8723e-08
 773.25 9.0564e-08
 773.50 1.0404e-07
 773.75 1.2206e-07
 774.00 1.1367e-07
 774.25 8.8640e-08
 774.50 8.1468e-08
 774.75 8.2831e-08
 775.00 8.7319e-08
 775.25 8.8261e-08
 775.50 8.8728e-08
 775.75 1.0727e-07
 776.00 1.3666e-07
 776.25 1.3244e-07
 776.50 9.7739e-08
 776.75 8.9864e-08
 777.00 8.9775e-08
 777.25 8.0434e-08
 777.50 8.0417e-08
 777.75 9.1141e-08
 778.00 1.0064e-07
 778.25 1.1523e-07
 778.50 1.1821e-07
 778.75 9.6345e-08
 779.00 8.8816e-08
 779.25 9.4120e-08
 779.50 9.5706e-08
 779.75 9.3398e-08
 780.00 9.1914e-08
 780.25 9.6378e-08
 780.50 1.1464e-07
 780.75 1.3767e-07
 781.00 1.1272e-07
 781.25 8.1989e-08
 781.50 8.8160e-08
 781.75 9.7313e-08
 782.00 1.0029e-07
 782.25 9.3680e-08
 782.50 9.0045e-08
 782.75 9.1858e-08
 783.00 1.0666e-07
 783.25 1.1178e-07
 783.50 1.0551e-07
 783.75 9.9043e-08
 784.00 8.9945e-08
 784.25 9.6290e-08
 784.50 1.0232e-07
 784.75 9.6927e-08
 785.00 9.5999e-08
 785.25 1.0779e-07
 785.50 1.1344e-07
 785.75 1.0915e-07
 786.00 1.0400e-07
 786.25 1.0256e-07
 786.50 1.0579e-07
 786.75 9.6350e-08
 787.00 9.0626e-08
 787.25 9.9672e-08
 787.50 9.7885e-08
 787.75 9.9076e-08
 788.00 9.8687e-08
 788.25 9.5970e-08
 788.50 9.4658e-08
 788.75 8.7033e-08
 789.00 9.6933e-08
 789.25 1.0723e-07
 789.50 9.8484e-08
 789.75 9.3239e-08
 790.00 9.9553e-08
 790.25 1.0740e-07
 790.50 1.0748e-07
 790.75 1.0722e-07
 791.00 1.0855e-07
 791.25 1.1253e-07
 791.50 1.2450e-07
 791.75 1.2459e-07
 792.00 1.1371e-07
 792.25 1.0338e-07
 792.50 9.1776e-08
 792.75 9.3818e-08
 793.00 1.0396e-07
 793.25 1.0356e-07
 793.50 1.0888e-07
 793.75 1.1854e-07
 794.00 1.2692e-07
 794.25 1.2092e-07
 794.50 1.0573e-07
 794.75 1.0761e-07
 795.00 1.0909e-07
 795.25 1.0459e-07
 795.50 1.0927e-07
 795.75 1.1060e-07
 796.00 1.0992e-07
 796.25 1.0973e-07
 796.50 1.0654e-07
 796.75 1.0693e-07
 797.00 1.0563e-07
 797.25 1.1219e-07
 797.50 1.0339e-07
 797.75 9.6699e-08
 798.00 1.1039e-07
 798.25 1.2240e-07
 798.50 1.4258e-07
 798.75 1.6442e-07
 799.00 1.7449e-07
 799.25 1.6093e-07
 799.50 1.2319e-07
 799.75 1.1103e-07
 800.00 1.0262e-07
 800.25 8.1334e-08
 800.50 1.0003e-07
 800.75 1.2140e-07
 801.00 1.4083e-07
 801.25 1.7143e-07
 801.50 1.7569e-07
 801.75 1.4694e-07
 802.00 1.2453e-07
 802.25 1.1856e-07
 802.50 1.1561e-07
 802.75 9.6822e-08
 803.00 7.9908e-08
 803.25 1.0693e-07
 803.50 1.4617e-07
 803.75 1.7611e-07
 804.00 1.9043e-07
 804.25 1.4431e-07
 804.50 9.6211e-08
 804.75 1.1731e-07
 805.00 1.2703e-07
 805.25 1.0572e-07
 805.50 8.9750e-08
 805.75 1.0114e-07
 806.00 1.4238e-07
 806.25 2.0122e-07
 806.50 2.4585e-07
 806.75 1.9954e-07
 807.00 1.0208e-07
 807.25 8.2736e-08
 807.50 1.2351e-07
 807.75 1.3117e-07
 808.00 1.0954e-07
 808.25 9.9557e-08
 808.50 1.1274e-07
 808.75 1.6376e-07
 809.00 2.4372e-07
 809.25 2.2504e-07
 809.50 1.1626e-07
 809.75 7.0955e-08
 810.00 9.6311e-08
 810.25 1.4315e-07
 810.50 1.4352e-07
 810.75 1.0382e-07
 811.00 1.0605e-07
 811.25 1.3760e-07
 811.50 2.2545e-07
 811.75 2.7908e-07
 812.00 1.7635e-07
 812.25 7.7250e-08
 812.50 6.6757e-08
 812.75 9.2746e-08
 813.00 1.4016e-07
 813.25 1.3441e-07
 813.50 1.1936e-07
 813.75 1.4897e-07
 814.00 2.0211e-07
 814.25 2.8654e-07
 814.50 2.5045e-07
 814.75 1.1321e-07
 815.00 6.4460e-08
 815.25 7.6373e-08
 815.50 1.1485e-07
 815.75 1.4668e-07
 816.00 1.2883e-07
 816.25 1.3503e-07
 816.50 1.6625e-07
 816.75 2.3967e-07
 817.00 2.8434e-07
 817.25 1.8674e-07
 817.50 8.2648e-08
 817.75 6.2355e-08
 818.00 7.9977e-08
 818.25 1.2237e-07
 818.50 1.4803e-07
 818.75 1.3893e-07
 819.00 1.3943e-07
 819.25 1.7700e-07
 819.50 2.6529e-07
 819.75 2.6507e-07
 820.00 1.4409e-07
 820.25 6.2967e-08
 820.50 5.5074e-08
 820.75 7.3469e-08
 821.00 1.1128e-07
 821.25 1.2878e-07
 821.50 1.1818e-07
 821.75 9.7978e-08
 822.00 1.7011e-07
 822.25 3.1976e-07
 822.50 2.6034e-07
 822.75 9.5025e-08
 823.00 4.3550e-08
 823.25 5.3734e-08
 823.50 9.9123e-08
 823.75 1.5061e-07
 824.00 1.5695e-07
 824.25 1.5377e-07
 824.50 1.9257e-07
 824.75 2.8428e-07
 825.00 2.9494e-07
 825.25 1.5940e-07
 825.50 6.4056e-08
 825.75 5.1848e-08
 826.00 7.4368e-08
 826.25 1.2455e-07
 826.50 1.4445e-07
 826.75 1.4001e-07
 827.00 1.5917e-07
 827.25 2.1873e-07
 827.50 2.8183e-07
 827.75 2.0613e-07
 828.00 8.4866e-08
 828.25 5.1364e-08
 828.50 5.0207e-08
 828.75 9.0466e-08
 829.00 1.3160e-07
 829.25 1.2645e-07
 829.50 1.3533e-07
 829.75 1.7019e-07
 830.00 2.5102e-07
 830.25 2.7995e-07
 830.50 1.4334e-07
 830.75 5.5352e-08
 831.00 5.5563e-08
 831.25 8.6017e-08
 831.50 1.4070e-07
 831.75 1.2882e-07
 832.00 9.9090e-08
 832.25 1.1655e-07
 832.50 1.8707e-07
 832.75 2.9121e-07
 833.00 2.4790e-07
 833.25 9.5792e-08
 833.50 4.6991e-08
 833.75 6.2808e-08
 834.00 1.1916e-07
 834.25 1.3814e-07
 834.50 9.0685e-08
 834.75 8.2590e-08
 835.00 1.3206e-07
 835.25 2.0576e-07
 835.50 2.4918e-07
 835.75 1.7883e-07
 836.00 8.4770e-08
 836.25 6.5720e-08
 836.50 9.4037e-08
 836.75 1.3605e-07
 837.00 1.1873e-07
 837.25 8.4892e-08
 837.50 8.8634e-08
 837.75 1.5305e-07
 838.00 2.3513e-07
 838.25 2.3402e-07
 838.50 1.4657e-07
 838.75 7.4803e-08
 839.00 7.8095e-08
 839.25 1.1723e-07
 839.50 1.3119e-07
 839.75 9.6891e-08
 840.00 7.9274e-08
 840.25 1.2067e-07
 840.50 1.8633e-07
 840.75 2.1046e-07
 841.00 1.7425e-07
 841.25 1.1277e-07
 841.50 9.4852e-08
 841.75 1.2082e-07
 842.00 1.3424e-07
 842.25 1.0925e-07
 842.50 6.7763e-08
 842.75 7.5753e-08
 843.00 1.2399e-07
 843.25 1.7095e-07
 843.50 1.8439e-07
 843.75 1.5441e-07
 844.00 1.0947e-07
 844.25 9.0668e-08
 844.50 1.1377e-07
 844.75 1.2547e-07
 845.00 9.9655e-08
 845.25 8.2739e-08
 845.50 1.0307e-07
 845.75 1.3895e-07
 846.00 1.6235e-07
 846.25 1.4354e-07
 846.50 1.2683e-07
 846.75 1.2053e-07
 847.00 9.8448e-08
 847.25 1.0346e-07
 847.50 1.0656e-07
 847.75 9.1829e-08
 848.00 8.3514e-08
 848.25 9.6101e-08
 848.50 1.3066e-07
 848.75 1.4305e-07
 849.00 1.2383e-07
 849.25 1.0642e-07
 849.50 9.8968e-08
 849.75 1.0012e-07
 850.00 1.0277e-07
 850.25 9.4771e-08
 850.50 7.9682e-08
 850.75 8.3845e-08
 851.00 1.1520e-07
 851.25 1.3386e-07
 851.50 1.2316e-07
 851.75 1.0645e-07
 852.00 1.0188e-07
 852.25 1.0546e-07
 852.50 1.0428e-07
 852.75 9.9302e-08
 853.00 9.6573e-08
 853.25 8.4286e-08
 853.50 8.2507e-08
 853.75 1.0068e-07
 854.00 1.1276e-07
 854.25 1.0592e-07
 854.50 8.7928e-08
 854.75 8.5287e-08
 855.00 9.8311e-08
 855.25 9.7544e-08
 855.50 8.4504e-08
 855.75 7.7948e-08
 856.00 7.7840e-08
 856.25 9.1288e-08
 856.50 1.0467e-07
 856.75 1.0277e-07
 857.00 9.0830e-08
 857.25 7.7948e-08
 857.50 8.1838e-08
 857.75 9.3501e-08
 858.00 9.1246e-08
 858.25 8.3567e-08
 858.50 7.7040e-08
 858.75 7.7777e-08
 859.00 8.2002e-08
 859.25 7.9252e-08
 859.50 7.5862e-08
 859.75 7.7428e-08
 860.00 8.2438e-08
 860.25 8.2292e-08
 860.50 7.5221e-08
 860.75 6.6748e-08
 861.00 6.7472e-08
 861.25 8.0379e-08
 861.50 8.4666e-08
 861.75 7.7734e-08
 862.00 7.9823e-08
 862.25 8.0818e-08
 862.50 7.7947e-08
 862.75 7.6871e-08
 863.00 7.7041e-08
 863.25 7.8018e-08
 863.50 7.5209e-08
 863.75 7.3061e-08
 864.00 7.7767e-08
 864.25 7.7299e-08
 864.50 6.8764e-08
 864.75 6.4556e-08
 865.00 6.9677e-08
 865.25 7.7135e-08
 865.50 7.1196e-08
 865.75 6.7133e-08
 866.00 6.8861e-08
 866.25 6.6994e-08
 866.50 6.7079e-08
 866.75 6.7013e-08
 867.00 6.5726e-08
 867.25 6.8356e-08
 867.50 6.9534e-08
 867.75 6.7308e-08
 868.00 6.9589e-08
 868.25 7.1691e-08
 868.50 6.6663e-08
 868.75 6.4775e-08
 869.00 6.3998e-08
 869.25 6.3975e-08
 869.50 6.1639e-08
 869.75 5.7170e-08
 870.00 6.6512e-08
 870.25 7.2945e-08
 870.50 6.8650e-08
 870.75 6.3192e-08
 871.00 6.1468e-08
 871.25 5.9738e-08
 871.50 6.2673e-08
 871.75 6.8277e-08
 872.00 6.6827e-08
 872.25 6.5001e-08
 872.50 6.4369e-08
 872.75 5.8592e-08
 873.00 5.5209e-08
 873.25 5.4846e-08
 873.50 5.4686e-08
 873.75 5.5951e-08
 874.00 5.7568e-08
 874.25 5.7208e-08
 874.50 5.5187e-08
 874.75 5.9418e-08
 875.00 5.7540e-08
 875.25 5.6844e-08
 875.50 5.7175e-08
 875.75 5.5730e-08
 876.00 5.3563e-08
 876.25 5.3644e-08
 876.50 6.2241e-08
 876.75 6.6257e-08
 877.00 5.9247e-08
 877.25 4.8759e-08
 877.50 4.6476e-08
 877.75 4.8913e-08
 878.00 5.1667e-08
 878.25 5.0113e-08
 878.50 5.1249e-08
 878.75 5.5491e-08
 879.00 3.9807e-08
 879.25 2.2403e-08
 879.50 3.1456e-08
 879.75 4.0436e-08
 880.00 3.8581e-08
 880.25 3.9267e-08
 880.50 4.8317e-08
 880.75 5.2968e-08
 881.00 4.7254e-08
 881.25 4.7763e-08
 881.50 5.3013e-08
 881.75 5.4286e-08
 882.00 5.0462e-08
 882.25 4.7128e-08
 882.50 4.7220e-08
 882.75 4.7855e-08
 883.00 5.3740e-08
 883.25 5.4933e-08
 883.50 4.6618e-08
 883.75 4.3115e-08
 884.00 4.4359e-08
 884.25 4.1674e-08
 884.50 3.7442e-08
 884.75 4.3619e-08
 885.00 4.4326e-08
 885.25 4.1814e-08
 885.50 4.8446e-08
 885.75 5.7314e-08
 886.00 5.6193e-08
 886.25 5.4275e-08
 886.50 5.5937e-08
 886.75 5.0573e-08
 887.00 4.4419e-08
 887.25 3.7508e-08
 887.50 3.8228e-08
 887.75 4.4552e-08
 888.00 4.7989e-08
 888.25 4.6287e-08
 888.50 4.5982e-08
 888.75 4.5639e-08
 889.00 4.3114e-08
 889.25 3.6028e-08
 889.50 3.1186e-08
 889.75 3.8083e-08
 890.00 4.6066e-08
 890.25 4.3671e-08
 890.50 4.0568e-08
 890.75 4.1725e-08
 891.00 3.7498e-08
 891.25 3.4880e-08
 891.50 3.6814e-08
 891.75 3.9510e-08
 892.00 3.7578e-08
 892.25 3.9263e-08
 892.50 4.6363e-08
 892.75 5.1697e-08
 893.00 5.0602e-08
 893.25 4.7824e-08
 893.50 4.5527e-08
 893.75 4.0567e-08
 894.00 3.5541e-08
 894.25 3.8629e-08
 894.50 4.1490e-08
 894.75 3.3365e-08
 895.00 2.8753e-08
 895.25 3.0821e-08
 895.50 3.5477e-08
 895.75 3.3891e-08
 896.00 3.2770e-08
 896.25 3.9444e-08
 896.50 5.1595e-08
 896.75 5.5074e-08
 897.00 4.8405e-08
 897.25 4.4683e-08
 897.50 4.1916e-08
 897.75 3.9185e-08
 898.00 3.1872e-08
 898.25 3.4245e-08
 898.50 3.7504e-08
 898.75 3.2180e-08
 899.00 3.4613e-08
 899.25 4.4887e-08
 899.50 4.9710e-08
 899.75 4.0410e-08
 900.00 3.3011e-08
 900.25 3.5411e-08
 900.50 4.2345e-08
 900.75 4.2857e-08
 901.00 3.9564e-08
 901.25 3.4120e-08
 901.50 2.7343e-08
 901.75 2.9686e-08
 902.00 4.0254e-08
 902.25 4.5033e-08
 902.50 4.6842e-08
 902.75 4.8697e-08
 903.00 3.9225e-08
 903.25 3.4718e-08
 903.50 3.3460e-08
 903.75 3.4989e-08
 904.00 4.3220e-08
 904.25 4.8364e-08
 904.50 4.4349e-08
 904.75 3.9465e-08
 905.00 3.3512e-08
 905.25 3.0013e-08
 905.50 3.3496e-08
 905.75 3.9111e-08
 906.00 4.6359e-08
 906.25 4.4353e-08
 906.50 4.1715e-08
 906.75 3.3027e-08
 907.00 2.4597e-08
 907.25 2.7526e-08
 907.50 3.4609e-08
 907.75 3.9644e-08
 908.00 3.9821e-08
 908.25 4.1142e-08
 908.50 4.6990e-08
 908.75 5.8665e-08
 909.00 6.4526e-08
 909.25 5.0953e-08
 909.50 4.3839e-08
 909.75 4.7882e-08
 910.00 4.1710e-08
 910.25 3.8790e-08
 910.50 4.2860e-08
 910.75 4.6854e-08
 911.00 4.6662e-08
 911.25 4.2738e-08
 911.50 4.0155e-08
 911.75 4.1050e-08
 912.00 4.5351e-08
 912.25 5.2439e-08
 912.50 4.9613e-08
 912.75 4.3647e-08
 913.00 3.5962e-08
 913.25 3.4572e-08
 913.50 4.0608e-08
 913.75 3.8252e-08
 914.00 4.0757e-08
 914.25 4.8281e-08
 914.50 5.3635e-08
 914.75 5.4521e-08
 915.00 5.4917e-08
 915.25 5.9738e-08
 915.50 7.4785e-08
 915.75 6.6910e-08
 916.00 3.9040e-08
 916.25 3.1909e-08
 916.50 3.3443e-08
 916.75 3.2571e-08
 917.00 3.2240e-08
 917.25 2.9220e-08
 917.50 3.5784e-08
 917.75 4.5680e-08
 918.00 3.7787e-08
 918.25 3.0399e-08
 918.50 3.2029e-08
 918.75 3.0284e-08
 919.00 2.6754e-08
 919.25 2.7017e-08
 919.50 2.8575e-08
 919.75 3.2470e-08
 920.00 3.1649e-08
 920.25 2.9168e-08
 920.50 3.3134e-08
 920.75 3.9697e-08
 921.00 3.3737e-08
 921.25 2.8851e-08
 921.50 4.5277e-08
 921.75 5.9524e-08
 922.00 5.9846e-08
 922.25 7.0141e-08
 922.50 7.3972e-08
 922.75 5.2345e-08
 923.00 4.4838e-08
 923.25 4.7922e-08
 923.50 5.0642e-08
 923.75 4.4343e-08
 924.00 3.8163e-08
 924.25 3.9113e-08
 924.50 3.6282e-08
 924.75 3.2909e-08
 925.00 3.0785e-08
 925.25 3.2081e-08
 925.50 3.5085e-08
 925.75 3.9751e-08
 926.00 3.3647e-08
 926.25 3.3482e-08
 926.50 3.8291e-08
 926.75 3.8795e-08
 927.00 2.9834e-08
 927.25 2.2737e-08
 927.50 2.7871e-08
 927.75 3.4954e-08
 928.00 4.2180e-08
 928.25 3.7458e-08
 928.50 3.1278e-08
 928.75 3.4728e-08
 929.00 4.2189e-08
 929.25 4.3391e-08
 929.50 4.5070e-08
 929.75 4.6210e-08
 930.00 4.4218e-08
 930.25 4.3577e-08
 930.50 4.4302e-08
 930.75 4.2965e-08
 931.00 3.6007e-08
 931.25 2.8672e-08
 931.50 3.0507e-08
 931.75 4.2275e-08
 932.00 3.9971e-08
 932.25 1.5582e-08
 932.50 9.1526e-09
 932.75 2.8866e-08
 933.00 3.8825e-08
 933.25 4.4567e-08
 933.50 4.5452e-08
 933.75 4.6253e-08
 934.00 4.4884e-08
 934.25 3.6504e-08
 934.50 3.6488e-08
 934.75 3.6225e-08
 935.00 2.8628e-08
 935.25 2.3255e-08
 935.50 2.4136e-08
 935.75 2.2631e-08
 936.00 2.8296e-08
 936.25 3.8279e-08
 936.50 4.0184e-08
 936.75 3.5288e-08
 937.00 3.5228e-08
 937.25 4.0598e-08
 937.50 4.2537e-08
 937.75 3.9987e-08
 938.00 3.4799e-08
 938.25 3.2572e-08
 938.50 3.7682e-08
 938.75 4.3340e-08
 939.00 4.0792e-08
 939.25 3.3288e-08
 939.50 2.7628e-08
 939.75 2.9402e-08
 940.00 2.9655e-08
 940.25 2.7950e-08
 940.50 3.0584e-08
 940.75 3.1805e-08
 941.00 2.8124e-08
 941.25 2.5227e-08
 941.50 2.5428e-08
 941.75 2.8298e-08
 942.00 3.0648e-08
 942.25 2.9640e-08
 942.50 2.9460e-08
 942.75 2.8061e-08
 943.00 2.4411e-08
 943.25 2.8342e-08
 943.50 2.9627e-08
 943.75 2.3737e-08
 944.00 2.2238e-08
 944.25 2.1247e-08
 944.50 3.2171e-08
 944.75 4.5217e-08
 945.00 4.3087e-08
 945.25 3.6615e-08
 945.50 3.5735e-08
 945.75 3.2544e-08
 946.00 2.6921e-08
 946.25 3.0226e-08
 946.50 3.2607e-08
 946.75 2.6663e-08
 947.00 2.9319e-08
 947.25 3.9092e-08
 947.50 3.9211e-08
 947.75 4.1795e-08
 948.00 4.1641e-08
 948.25 4.1387e-08
 948.50 4.6285e-08
 948.75 4.7912e-08
 949.00 4.7883e-08
 949.25 5.6660e-08
 949.50 7.0327e-08
 949.75 6.6607e-08
 950.00 5.2840e-08
 950.25 3.9700e-08
 950.50 3.9500e-08
 950.75 3.7430e-08
 951.00 3.1456e-08
 951.25 4.1290e-08
 951.50 4.4615e-08
 951.75 3.2196e-08
 952.00 3.2841e-08
 952.25 3.6441e-08
 952.50 2.7716e-08
 952.75 2.7985e-08
 953.00 2.5426e-08
 953.25 1.9177e-08
 953.50 2.3336e-08
 953.75 3.3320e-08
 954.00 3.0135e-08
 954.25 2.5573e-08
 954.50 2.7718e-08
 954.75 2.5960e-08
 955.00 1.5514e-08
 955.25 -8.5041e-10
 955.50 -7.1231e-09
 955.75 -8.8221e-09
 956.00 -1.4444e-08
 956.25 1.1131e-08
 956.50 8.0873e-08
 956.75 9.4692e-08
 957.00 5.6911e-08
 957.25 3.7881e-08
 957.50 3.7403e-08
 957.75 3.4026e-08
 958.00 2.9952e-08
 958.25 4.0068e-08
 958.50 3.5057e-08
 958.75 2.1836e-08
 959.00 1.6993e-08
 959.25 2.5238e-08
 959.50 3.0889e-08
 959.75 3.2691e-08
 960.00 3.1848e-08
 960.25 3.0962e-08
 960.50 3.6680e-08
 960.75 3.8410e-08
 961.00 3.4402e-08
 961.25 2.7190e-08
 961.50 2.3482e-08
 961.75 1.5801e-08
 962.00 2.1308e-08
 962.25 2.8136e-08
 962.50 2.3013e-08
 962.75 1.9134e-08
 963.00 1.9895e-08
 963.25 2.6497e-08
 963.50 2.4629e-08
 963.75 1.8455e-08
 964.00 1.8142e-08
 964.25 2.1919e-08
 964.50 2.3648e-08
 964.75 2.5986e-08
 965.00 3.4489e-08
 965.25 3.8510e-08
 965.50 3.2840e-08
 965.75 2.7469e-08
 966.00 2.4391e-08
 966.25 2.4339e-08
 966.50 2.1043e-08
 966.75 1.6857e-08
 967.00 2.2723e-08
 967.25 2.6614e-08
 967.50 2.3366e-08
 967.75 2.1995e-08
 968.00 2.7006e-08
 968.25 2.8585e-08
 968.50 2.5892e-08
 968.75 2.4221e-08
 969.00 2.3251e-08
 969.25 2.3051e-08
 969.50 2.5697e-08
 969.75 3.1455e-08
 970.00 3.5116e-08
 970.25 3.3444e-08
 970.50 2.8574e-08
 970.75 2.4601e-08
 971.00 2.8681e-08
 971.25 3.9146e-08
 971.50 2.9907e-08
 971.75 1.5041e-08
 972.00 1.6727e-08
 972.25 2.2439e-08
 972.50 2.4617e-08
 972.75 2.2807e-08
 973.00 1.9184e-08
 973.25 1.6751e-08
 973.50 2.0008e-08
 973.75 2.4328e-08
 974.00 1.7204e-08
 974.25 1.1445e-08
 974.50 1.2521e-08
 974.75 1.4129e-08
 975.00 2.2961e-08
 975.25 2.4859e-08
 975.50 2.3983e-08
 975.75 2.0502e-08
 976.00 1.6153e-08
 976.25 2.3122e-08
 976.50 2.5130e-08
 976.75 1.7362e-08
 977.00 2.3237e-08
 977.25 3.1577e-08
 977.50 2.7603e-08
 977.75 2.7139e-08
 978.00 2.7657e-08
 978.25 3.5160e-08
 978.50 3.9187e-08
 978.75 3.5523e-08
 979.00 2.7112e-08
 979.25 1.5299e-08
 979.50 2.3162e-08
 979.75 2.9012e-08
 980.00 1.9337e-08
 980.25 1.8908e-08
 980.50 2.0616e-08
 980.75 2.4230e-08
 981.00 2.6013e-08
 981.25 1.8945e-08
 981.50 1.4938e-08
 981.75 1.2198e-08
 982.00 7.5002e-09
 982.25 2.4283e-09
 982.50 1.1713e-08
 982.75 3.0080e-08
 983.00 2.6159e-08
 983.25 1.1670e-08
 983.50 5.7576e-09
 983.75 1.1424e-08
 984.00 2.2126e-08
 984.25 1.3404e-08
 984.50 9.4904e-09
 984.75 1.6323e-08
 985.00 2.0324e-08
 985.25 2.1098e-08
 985.50 1.5461e-08
 985.75 1.3595e-08
 986.00 2.0502e-08
 986.25 2.8504e-08
 986.50 2.6139e-08
 986.75 2.0600e-08
 987.00 2.1840e-08
 987.25 3.0652e-08
 987.50 3.5045e-08
 987.75 3.8663e-08
 988.00 3.8176e-08
 988.25 3.1554e-08
 988.50 2.1254e-08
 988.75 1.6565e-08
 989.00 2.2331e-08
 989.25 1.8587e-08
 989.50 1.2444e-08
 989.75 1.0605e-08
 990.00 1.2155e-08
 990.25 1.6836e-08
 990.50 1.8131e-08
 990.75 1.8199e-08
 991.00 1.6456e-08
 991.25 1.2870e-08
 991.50 1.3443e-08
 991.75 1.6209e-08
 992.00 1.6180e-08
 992.25 8.9106e-09
 992.50 5.5449e-09
 992.75 1.1327e-08
 993.00 2.0324e-08
 993.25 2.8852e-08
 993.50 2.3094e-08
 993.75 1.0918e-08
 994.00 1.5184e-08
 994.25 1.9715e-08
 994.50 1.2760e-08
 994.75 1.3127e-08
 995.00 2.2783e-08
 995.25 2.8814e-08
 995.50 2.7057e-08
 995.75 1.6233e-08
 996.00 7.8874e-09
 996.25 1.2949e-08
 996.50 2.2012e-08
 996.75 3.4764e-08
 997.00 3.7707e-08
 997.25 3.2752e-08
 997.50 2.5548e-08
 997.75 2.2751e-08
 998.00 2.6885e-08
 998.25 2.2932e-08
 998.50 1.9582e-08
 998.75 1.8503e-08
 999.00 2.0986e-08
 999.25 2.1499e-08
 999.50 1.7372e-08
 999.75 1.3742e-08
1000.00 1.3188e-08
1000.25 1.5467e-08
1000.50 1.3844e-08
1000.75 1.2513e-08
1001.00 8.7398e-09
1001.25 8.1429e-09
1001.50 1.9282e-08
1001.75 2.5741e-08
1002.00 2.3139e-08
1002.25 1.8729e-08
1002.50 1.7501e-08
1002.75 1.3474e-08
1003.00 3.8467e-09
1003.25 3.6272e-09
1003.50 9.9696e-09
1003.75 1.8203e-08
1004.00 1.5857e-08
1004.25 -1.2079e-09
1004.50 -2.1323e-09
1004.75 9.9614e-09
1005.00 1.6529e-08
1005.25 1.8053e-08
1005.50 1.7500e-08
1005.75 2.2184e-08
1006.00 2.7760e-08
1006.25 2.3515e-08
1006.50 1.7359e-08
1006.75 2.4886e-08
1007.00 3.2329e-08
1007.25 3.0274e-08
1007.50 2.5969e-08
1007.75 2.5318e-08
1008.00 2.2162e-08
1008.25 1.0990e-08
1008.50 3.7671e-09
1008.75 7.6887e-09
1009.00 1.8654e-08
1009.25 1.9149e-08
1009.50 1.6413e-08
1009.75 2.0225e-08
1010.00 1.5925e-08
1010.25 1.2964e-08
1010.50 2.1710e-08
1010.75 2.0065e-08
1011.00 1.1954e-08
1011.25 9.5347e-09
1011.50 9.2843e-09
1011.75 1.3695e-08
1012.00 1.4513e-08
1012.25 1.7381e-08
1012.50 1.8018e-08
1012.75 1.1458e-08
1013.00 4.5750e-09
1013.25 -7.5387e-10
1013.50 3.2546e-09
1013.75 9.8386e-09
1014.00 1.2302e-08
1014.25 1.5713e-08
1014.50 1.6960e-08
1014.75 1.7047e-08
1015.00 1.9511e-08
1015.25 1.6181e-08
1015.50 2.1365e-08
1015.75 2.3815e-08
1016.00 2.0413e-08
1016.25 2.4466e-08
1016.50 1.9541e-08
1016.75 1.1192e-08
1017.00 9.8737e-09
1017.25 1.7659e-08
1017.50 1.8315e-08
1017.75 1.6535e-08
1018.00 1.6445e-08
1018.25 1.3148e-08
1018.50 1.1001e-08
1018.75 1.0679e-08
1019.00 1.3059e-08
1019.25 2.6736e-08
1019.50 3.2547e-08
1019.75 1.9886e-08
1020.00 2.5178e-08
1020.25 2.7248e-08
1020.50 2.0627e-08
1020.75 2.1309e-08
1021.00 2.0425e-08
1021.25 9.1721e-09
1021.50 5.6465e-09
1021.75 1.3124e-08
1022.00 8.7870e-09
1022.25 1.1424e-08
1022.50 1.8328e-08
1022.75 1.3983e-08
1023.00 9.8286e-09
1023.25 1.0732e-08
1023.50 1.6369e-08
1023.75 1.7695e-08
1024.00 1.3293e-08
1024.25 1.4139e-08
1024.50 1.2180e-08
1024.75 1.2973e-08
1025.00 1.4166e-08
1025.25 2.3282e-08
1025.50 2.8981e-08
1025.75 1.4405e-08
1026.00 1.0296e-08
1026.25 1.4142e-08
1026.50 1.7450e-08
1026.75 2.5177e-08
1027.00 2.2685e-08
1027.25 1.8298e-08
1027.50 2.1007e-08
1027.75 1.8091e-08
1028.00 1.6454e-08
1028.25 1.4921e-08
1028.50 1.3048e-08
1028.75 7.3803e-09
1029.00 2.1462e-09
1029.25 7.6469e-09
1029.50 1.0256e-08
1029.75 9.4781e-09
1030.00 8.4728e-09
1030.25 5.4142e-09
1030.50 1.8939e-08
1030.75 3.3377e-08
1031.00 2.8349e-08
1031.25 2.0997e-08
1031.50 1.7335e-08
1031.75 1.3078e-08
1032.00 9.0480e-09
1032.25 1.1540e-08
1032.50 1.5673e-08
1032.75 1.7538e-08
1033.00 3.2369e-08
1033.25 5.6837e-08
1033.50 3.1797e-08
1033.75 -7.9651e-09
1034.00 -8.2718e-09
1034.25 2.2952e-10
1034.50 -1.0407e-09
1034.75 2.2358e-09
1035.00 2.0392e-08
1035.25 2.7835e-08
1035.50 2.8641e-08
1035.75 2.1261e-08
1036.00 1.3634e-08
1036.25 9.6000e-09
1036.50 4.0664e-09
1036.75 4.7154e-09
1037.00 1.2313e-08
1037.25 2.0098e-08
1037.50 1.4139e-08
1037.75 8.6956e-09
1038.00 1.8714e-08
1038.25 2.9720e-08
1038.50 2.6202e-08
1038.75 2.5231e-08
1039.00 2.2024e-08
1039.25 7.6723e-09
1039.50 2.1244e-09
1039.75 3.0650e-09
1040.00 8.2746e-09
1040.25 1.5305e-08
1040.50 1.6149e-08
1040.75 1.9017e-08
1041.00 1.8322e-08
1041.25 1.9690e-08
1041.50 2.2798e-08
1041.75 1.8853e-08
1042.00 1.4779e-08
1042.25 1.3416e-08
1042.50 1.0359e-08
1042.75 8.6677e-09
1043.00 1.5689e-08
1043.25 2.0421e-08
1043.50 1.4946e-08
1043.75 1.1796e-08
1044.00 1.9600e-08
1044.25 1.3283e-08
1044.50 3.2456e-09
1044.75 3.0287e-09
1045.00 7.2677e-09
1045.25 1.6954e-08
1045.50 1.4155e-08
1045.75 7.6395e-09
1046.00 1.2105e-08
1046.25 1.4952e-08
1046.50 8.3188e-09
1046.75 -1.7053e-09
1047.00 -2.7853e-09
1047.25 1.3142e-08
1047.50 2.4078e-08
1047.75 1.3481e-08
1048.00 5.3322e-10
1048.25 2.8735e-09
1048.50 4.8323e-09
1048.75 7.7994e-09
1049.00 2.4623e-08
1049.25 2.4395e-08
1049.50 1.2532e-08
1049.75 5.3933e-09
1050.00 -3.1822e-09
1050.25 2.5454e-09
1050.50 1.0585e-08
1050.75 1.6442e-08
1051.00 1.8300e-08
1051.25 2.1774e-08
1051.50 2.8712e-08
1051.75 2.4600e-08
1052.00 1.4874e-08
1052.25 8.8888e-09
1052.50 1.1780e-08
1052.75 7.6297e-09
1053.00 8.8998e-09
1053.25 2.0516e-08
1053.50 2.5465e-08
1053.75 1.5233e-08
1054.00 1.5319e-08
1054.25 2.1398e-08
1054.50 1.3173e-08
1054.75 1.1642e-08
1055.00 1.3688e-08
1055.25 1.4740e-08
1055.50 6.6638e-09
1055.75 -2.4865e-09
1056.00 -4.3513e-11
1056.25 4.7337e-09
1056.50 3.8721e-09
1056.75 5.0008e-09
1057.00 1.2832e-08
1057.25 1.7887e-08
1057.50 8.7064e-09
1057.75 1.0035e-08
1058.00 2.3874e-08
1058.25 2.3517e-08
1058.50 1.6991e-08
1058.75 7.1467e-09
1059.00 7.2601e-09
1059.25 1.2253e-08
1059.50 1.0697e-08
1059.75 1.2334e-08
1060.00 6.7970e-09
1060.25 6.7244e-09
1060.50 2.2219e-08
1060.75 2.2838e-08
1061.00 1.5956e-08
1061.25 1.7016e-08
1061.50 1.8644e-08
1061.75 1.8062e-08
1062.00 2.4577e-08
1062.25 2.0539e-08
1062.50 6.7452e-09
1062.75 8.0695e-09
1063.00 3.1583e-09
1063.25 -4.9343e-09
1063.50 -4.8509e-10
1063.75 1.5438e-08
1064.00 2.2216e-08
1064.25 1.1389e-08
1064.50 4.9895e-09
1064.75 6.7713e-09
1065.00 7.7276e-09
1065.25 6.8540e-09
1065.50 5.6499e-09
1065.75 8.5940e-09
1066.00 1.1172e-08
1066.25 1.1037e-08
1066.50 1.2607e-08
1066.75 1.5070e-08
1067.00 1.5503e-08
1067.25 1.4454e-08
1067.50 2.1342e-08
1067.75 1.9663e-08
1068.00 9.2341e-09
1068.25 8.1193e-09
1068.50 1.7699e-08
1068.75 3.1238e-08
1069.00 2.7844e-08
1069.25 1.1283e-08
1069.50 6.5859e-09
1069.75 1.0619e-08
1070.00 1.9064e-08
1070.25 5.2525e-09
1070.50 -2.3462e-08
1070.75 -1.1661e-08
1071.00 9.6094e-09
1071.25 1.0823e-08
1071.50 3.1961e-09
1071.75 3.0797e-09
1072.00 1.0438e-08
1072.25 1.0926e-08
1072.50 8.7201e-09
1072.75 4.1492e-09
1073.00 7.5406e-09
1073.25 1.6909e-08
1073.50 2.2204e-08
1073.75 2.5010e-08
1074.00 1.3694e-08
1074.25 1.1441e-10
1074.50 1.4557e-08
1074.75 2.7170e-08
1075.00 1.6557e-08
1075.25 2.0044e-09
1075.50 4.3753e-09
1075.75 1.2532e-08
1076.00 1.3777e-08
1076.25 2.0072e-08
1076.50 1.6367e-08
1076.75 1.3246e-08
1077.00 1.6532e-08
1077.25 9.4662e-09
1077.50 1.9895e-09
1077.75 3.6429e-09
1078.00 8.7776e-10
1078.25 2.8650e-09
1078.50 1.8641e-08
1078.75 1.9024e-08
1079.00 1.0232e-08
1079.25 1.1506e-08
1079.50 1.1936e-08
1079.75 5.6513e-09
1080.00 -2.6475e-09
1080.25 -5.0134e-09
1080.50 -2.3340e-09
1080.75 4.8581e-09
1081.00 1.4707e-08
1081.25 1.5590e-08
1081.50 1.5295e-08
1081.75 1.3151e-08
1082.00 1.1553e-08
1082.25 1.2722e-08
1082.50 7.2714e-09
1082.75 7.7941e-09
1083.00 1.5934e-08
1083.25 1.6970e-08
1083.50 1.3633e-08
1083.75 2.0556e-08
1084.00 2.9453e-08
1084.25 3.3265e-08
1084.50 3.1351e-08
1084.75 1.8730e-08
1085.00 1.2988e-08
1085.25 1.5002e-08
1085.50 1.4350e-08
1085.75 8.9605e-09
1086.00 1.2119e-09
1086.25 -1.5298e-09
1086.50 2.1718e-09
1086.75 5.8189e-09
1087.00 4.6882e-09
1087.25 3.2062e-09
1087.50 7.1622e-10
1087.75 1.0796e-08
1088.00 1.2925e-08
1088.25 6.1726e-09
1088.50 5.2651e-09
1088.75 -2.6753e-09
1089.00 -1.1739e-09
1089.25 1.1829e-08
1089.50 1.4924e-08
1089.75 1.1605e-08
1090.00 1.3594e-08
1090.25 8.5499e-09
1090.50 1.6485e-08
1090.75 2.1997e-08
1091.00 1.2964e-08
1091.25 8.9468e-09
1091.50 1.2141e-08
1091.75 1.8413e-08
1092.00 1.1338e-08
1092.25 1.0666e-08
1092.50 1.4190e-08
1092.75 7.8224e-09
1093.00 3.7998e-09
1093.25 5.4462e-09
1093.50 5.5978e-09
1093.75 5.6638e-09
1094.00 1.3921e-08
1094.25 1.6944e-08
1094.50 7.3092e-09
1094.75 3.5421e-09
1095.00 1.1461e-08
1095.25 2.1916e-08
1095.50 1.1683e-08
1095.75 -1.9438e-09
1096.00 5.1546e-09
1096.25 1.1026e-08
1096.50 6.9456e-09
1096.75 9.9867e-09
1097.00 1.7058e-08
1097.25 8.8012e-09
1097.50 4.6602e-09
1097.75 1.1272e-08
1098.00 8.1650e-09
1098.25 -6.9870e-09
1098.50 -6.3047e-10
1098.75 2.1414e-08
1099.00 2.0439e-08
1099.25 5.1772e-09
1099.50 1.3041e-08
1099.75 1.3378e-08
1100.00 -1.6269e-08
1100.25 -2.1398e-08
1100.50 -5.1185e-09
1100.75 8.4049e-09
1101.00 4.3045e-09
1101.25 2.4939e-09
1101.50 1.6848e-08
1101.75 1.9578e-08
1102.00 1.2659e-08
1102.25 1.4978e-08
1102.50 2.0375e-08
1102.75 1.5480e-08
1103.00 8.0316e-09
1103.25 4.2739e-09
1103.50 6.6912e-09
1103.75 1.1745e-08
1104.00 1.2848e-08
1104.25 1.3018e-08
1104.50 1.9662e-08
1104.75 1.8634e-08
1105.00 2.0625e-08
1105.25 3.2274e-08
1105.50 3.2563e-08
1105.75 1.6509e-08
1106.00 -3.0076e-09
1106.25 -9.0206e-09
1106.50 -1.3631e-08
1106.75 -1.2535e-08
1107.00 9.6678e-09
1107.25 1.8617e-08
1107.50 1.0457e-08
1107.75 1.0930e-08
1108.00 6.4167e-09
1108.25 4.3895e-09
1108.50 7.7174e-09
1108.75 1.1045e-08
1109.00 9.7942e-09
1109.25 9.3622e-09
1109.50 4.7515e-09
1109.75 2.6851e-09
1110.00 1.0674e-08
1110.25 1.5414e-08
1110.50 1.8062e-08
1110.75 1.5550e-08
1111.00 2.0979e-08
1111.25 1.5240e-08
1111.50 1.5971e-08
1111.75 2.5399e-08
1112.00 2.0256e-08
1112.25 7.5357e-09
1112.50 1.9868e-09
1112.75 1.3255e-08
1113.00 1.1675e-08
1113.25 7.8859e-09
1113.50 2.6412e-08
1113.75 2.7222e-08
1114.00 5.2878e-09
1114.25 -3.6417e-09
1114.50 6.0821e-09
1114.75 1.7057e-08
1115.00 5.8543e-09
1115.25 2.4756e-09
1115.50 1.1504e-08
1115.75 1.9241e-08
1116.00 9.1933e-09
1116.25 -6.6902e-09
1116.50 1.7761e-11
1116.75 1.6073e-08
1117.00 7.1109e-09
1117.25 -2.6933e-09
1117.50 -3.7109e-08
1117.75 -6.4904e-08
1118.00 -3.2443e-09
1118.25 2.0730e-08
1118.50 1.8833e-08
1118.75 3.1710e-08
1119.00 2.8281e-08
1119.25 1.8983e-08
1119.50 -7.3007e-09
1119.75 -2.5801e-08
1120.00 -2.9399e-09
1120.25 2.9402e-08
1120.50 3.3503e-08
1120.75 1.7351e-08
1121.00 5.1341e-09
1121.25 1.8311e-08
1121.50 2.4985e-08
1121.75 8.8273e-09
1122.00 -1.2905e-08
1122.25 -8.9982e-10
1122.50 1.4255e-08
1122.75 1.7802e-08
1123.00 2.2531e-08
1123.25 2.2293e-08
1123.50 2.9414e-08
1123.75 3.0404e-08
1124.00 1.7287e-08
1124.25 1.4298e-08
1124.50 2.9594e-08
1124.75 3.8701e-08
1125.00 2.4419e-08
