# Spectrum from Mathe et al. 2019
2221
208
 570.00 -1.0551e-08
 570.25 2.7609e-08
 570.50 6.7106e-08
 570.75 5.3552e-08
 571.00 6.1867e-08
 571.25 7.1195e-08
 571.50 4.8575e-08
 571.75 3.4796e-08
 572.00 9.0191e-09
 572.25 4.8299e-10
 572.50 5.5141e-08
 572.75 6.1645e-08
 573.00 -3.5932e-09
 573.25 -1.5186e-08
 573.50 7.5600e-08
 573.75 2.2307e-07
 574.00 1.9524e-07
 574.25 1.0381e-07
 574.50 6.6398e-08
 574.75 3.9816e-08
 575.00 5.3710e-08
 575.25 3.8658e-08
 575.50 8.3408e-09
 575.75 6.3882e-09
 576.00 2.8918e-08
 576.25 2.0514e-08
 576.50 8.4608e-09
 576.75 1.3730e-08
 577.00 2.1822e-08
 577.25 2.9773e-08
 577.50 3.2996e-08
 577.75 2.3600e-08
 578.00 2.5007e-08
 578.25 4.7713e-08
 578.50 5.9218e-08
 578.75 5.5558e-08
 579.00 5.9049e-08
 579.25 5.2741e-08
 579.50 4.6329e-08
 579.75 4.4960e-08
 580.00 3.3091e-08
 580.25 3.6763e-08
 580.50 3.0915e-08
 580.75 2.5656e-08
 581.00 1.2287e-08
 581.25 6.5858e-09
 581.50 1.4489e-08
 581.75 1.5407e-08
 582.00 3.0661e-08
 582.25 3.9195e-08
 582.50 3.0133e-08
 582.75 2.1833e-08
 583.00 2.1649e-08
 583.25 3.2015e-08
 583.50 4.7333e-08
 583.75 4.6107e-08
 584.00 3.0408e-08
 584.25 2.1711e-08
 584.50 1.7043e-08
 584.75 2.6215e-08
 585.00 3.8256e-08
 585.25 3.4969e-08
 585.50 2.4471e-08
 585.75 2.0047e-08
 586.00 2.8560e-08
 586.25 2.8083e-08
 586.50 3.5296e-08
 586.75 3.8996e-08
 587.00 3.3318e-08
 587.25 3.3594e-08
 587.50 3.5874e-08
 587.75 3.1556e-08
 588.00 2.2049e-08
 588.25 2.3063e-08
 588.50 3.7178e-08
 588.75 4.3941e-08
 589.00 3.4353e-08
 589.25 2.4889e-08
 589.50 1.2160e-08
 589.75 5.1847e-09
 590.00 1.6586e-08
 590.25 3.0432e-08
 590.50 2.6189e-08
 590.75 1.8437e-08
 591.00 2.4287e-08
 591.25 3.7881e-08
 591.50 4.2070e-08
 591.75 3.8130e-08
 592.00 3.2520e-08
 592.25 3.0147e-08
 592.50 2.6105e-08
 592.75 2.2713e-08
 593.00 2.2610e-08
 593.25 3.1813e-08
 593.50 4.0537e-08
 593.75 3.2527e-08
 594.00 2.6859e-08
 594.25 3.2147e-08
 594.50 3.6935e-08
 594.75 3.6881e-08
 595.00 3.9401e-08
 595.25 2.7601e-08
 595.50 2.0821e-08
 595.75 1.6285e-08
 596.00 1.6335e-08
 596.25 3.3619e-08
 596.50 3.6304e-08
 596.75 3.0521e-08
 597.00 2.8268e-08
 597.25 2.9217e-08
 597.50 3.9277e-08
 597.75 5.0303e-08
 598.00 4.4884e-08
 598.25 3.0943e-08
 598.50 3.2296e-08
 598.75 3.1242e-08
 599.00 2.4610e-08
 599.25 2.7376e-08
 599.50 3.3981e-08
 599.75 3.7969e-08
 600.00 2.9434e-08
 600.25 2.2676e-08
 600.50 1.9056e-08
 600.75 2.3029e-08
 601.00 3.0982e-08
 601.25 2.7619e-08
 601.50 2.2472e-08
 601.75 3.1302e-08
 602.00 3.0564e-08
 602.25 2.0016e-08
 602.50 2.2922e-08
 602.75 3.0413e-08
 603.00 3.3185e-08
 603.25 3.2617e-08
 603.50 2.8660e-08
 603.75 2.4944e-08
 604.00 2.9075e-08
 604.25 3.2545e-08
 604.50 3.5309e-08
 604.75 2.9728e-08
 605.00 2.9787e-08
 605.25 2.8918e-08
 605.50 2.2757e-08
 605.75 2.1117e-08
 606.00 2.2074e-08
 606.25 1.7708e-08
 606.50 1.7245e-08
 606.75 3.3093e-08
 607.00 4.0055e-08
 607.25 3.5674e-08
 607.50 3.3275e-08
 607.75 3.4524e-08
 608.00 3.3410e-08
 608.25 3.1535e-08
 608.50 3.3749e-08
 608.75 4.2071e-08
 609.00 3.8287e-08
 609.25 3.1457e-08
 609.50 2.6119e-08
 609.75 1.7759e-08
 610.00 2.0690e-08
 610.25 2.7865e-08
 610.50 2.5672e-08
 610.75 1.8407e-08
 611.00 1.6704e-08
 611.25 1.8862e-08
 611.50 2.6307e-08
 611.75 2.8963e-08
 612.00 2.6962e-08
 612.25 3.0530e-08
 612.50 3.0514e-08
 612.75 3.3916e-08
 613.00 3.9407e-08
 613.25 3.3341e-08
 613.50 2.5493e-08
 613.75 2.7193e-08
 614.00 3.6187e-08
 614.25 3.9856e-08
 614.50 3.8105e-08
 614.75 3.6463e-08
 615.00 3.5816e-08
 615.25 3.2129e-08
 615.50 3.4001e-08
 615.75 3.8093e-08
 616.00 3.7375e-08
 616.25 3.1763e-08
 616.50 3.0166e-08
 616.75 3.1266e-08
 617.00 3.3503e-08
 617.25 3.5885e-08
 617.50 3.7093e-08
 617.75 4.0651e-08
 618.00 4.2949e-08
 618.25 5.2221e-08
 618.50 5.0549e-08
 618.75 4.7226e-08
 619.00 4.1315e-08
 619.25 4.3485e-08
 619.50 4.8263e-08
 619.75 4.7800e-08
 620.00 4.8681e-08
 620.25 4.1153e-08
 620.50 3.9258e-08
 620.75 3.6698e-08
 621.00 4.0912e-08
 621.25 4.7540e-08
 621.50 4.0725e-08
 621.75 2.9250e-08
 622.00 3.3232e-08
 622.25 4.1867e-08
 622.50 4.5028e-08
 622.75 4.3766e-08
 623.00 4.1967e-08
 623.25 4.7671e-08
 623.50 4.9740e-08
 623.75 4.3208e-08
 624.00 3.9230e-08
 624.25 3.8225e-08
 624.50 3.5558e-08
 624.75 3.7574e-08
 625.00 4.7323e-08
 625.25 3.9545e-08
 625.50 3.7631e-08
 625.75 5.2273e-08
 626.00 4.6847e-08
 626.25 4.0055e-08
 626.50 4.0042e-08
 626.75 5.0857e-08
 627.00 5.4376e-08
 627.25 5.6377e-08
 627.50 7.1381e-08
 627.75 1.4035e-07
 628.00 1.9471e-07
 628.25 1.3838e-07
 628.50 7.9744e-08
 628.75 6.2513e-08
 629.00 5.9617e-08
 629.25 5.6694e-08
 629.50 6.4928e-08
 629.75 6.2576e-08
 630.00 5.3106e-08
 630.25 5.1822e-08
 630.50 4.8229e-08
 630.75 6.0396e-08
 631.00 6.0879e-08
 631.25 7.6972e-08
 631.50 8.0968e-08
 631.75 7.0854e-08
 632.00 7.6063e-08
 632.25 8.1580e-08
 632.50 8.6105e-08
 632.75 7.4552e-08
 633.00 8.7004e-08
 633.25 8.7050e-08
 633.50 7.5277e-08
 633.75 6.5955e-08
 634.00 6.4107e-08
 634.25 7.3501e-08
 634.50 7.6525e-08
 634.75 9.5013e-08
 635.00 8.6174e-08
 635.25 7.5885e-08
 635.50 6.7285e-08
 635.75 6.0723e-08
 636.00 6.5533e-08
 636.25 6.2953e-08
 636.50 6.1634e-08
 636.75 5.4063e-08
 637.00 5.0655e-08
 637.25 4.7260e-08
 637.50 5.1972e-08
 637.75 5.5700e-08
 638.00 4.9404e-08
 638.25 3.9814e-08
 638.50 3.8227e-08
 638.75 4.5323e-08
 639.00 4.7191e-08
 639.25 4.7455e-08
 639.50 4.5255e-08
 639.75 4.6198e-08
 640.00 4.1141e-08
 640.25 3.4093e-08
 640.50 3.4632e-08
 640.75 3.5043e-08
 641.00 3.6623e-08
 641.25 3.8637e-08
 641.50 4.7699e-08
 641.75 4.5989e-08
 642.00 3.7398e-08
 642.25 4.1340e-08
 642.50 4.7359e-08
 642.75 4.4897e-08
 643.00 3.7466e-08
 643.25 3.7674e-08
 643.50 2.9962e-08
 643.75 3.3316e-08
 644.00 4.6226e-08
 644.25 3.9630e-08
 644.50 2.9025e-08
 644.75 3.0050e-08
 645.00 3.9201e-08
 645.25 5.4977e-08
 645.50 6.8994e-08
 645.75 5.1594e-08
 646.00 3.5542e-08
 646.25 2.9461e-08
 646.50 2.2440e-08
 646.75 3.7810e-08
 647.00 4.5234e-08
 647.25 3.5076e-08
 647.50 3.1113e-08
 647.75 3.7746e-08
 648.00 4.0298e-08
 648.25 3.5133e-08
 648.50 3.4072e-08
 648.75 4.0595e-08
 649.00 4.3694e-08
 649.25 3.1373e-08
 649.50 2.3018e-08
 649.75 2.8419e-08
 650.00 3.0588e-08
 650.25 3.4119e-08
 650.50 4.1138e-08
 650.75 3.5128e-08
 651.00 2.7164e-08
 651.25 2.9958e-08
 651.50 3.0172e-08
 651.75 3.0188e-08
 652.00 3.2089e-08
 652.25 2.3722e-08
 652.50 2.6130e-08
 652.75 3.5947e-08
 653.00 3.1549e-08
 653.25 2.9439e-08
 653.50 3.1299e-08
 653.75 2.6468e-08
 654.00 2.5027e-08
 654.25 2.4576e-08
 654.50 2.3980e-08
 654.75 3.5102e-08
 655.00 3.5540e-08
 655.25 2.5875e-08
 655.50 2.7605e-08
 655.75 3.6384e-08
 656.00 3.5482e-08
 656.25 2.9490e-08
 656.50 2.7125e-08
 656.75 2.4077e-08
 657.00 2.0213e-08
 657.25 2.1461e-08
 657.50 3.3400e-08
 657.75 4.0143e-08
 658.00 4.5843e-08
 658.25 4.3437e-08
 658.50 3.5612e-08
 658.75 3.6872e-08
 659.00 2.5436e-08
 659.25 1.6991e-08
 659.50 2.8223e-08
 659.75 3.6754e-08
 660.00 3.8277e-08
 660.25 3.6011e-08
 660.50 3.4472e-08
 660.75 4.2584e-08
 661.00 4.4978e-08
 661.25 3.6885e-08
 661.50 4.2253e-08
 661.75 4.9642e-08
 662.00 4.0276e-08
 662.25 3.4262e-08
 662.50 3.7853e-08
 662.75 4.0073e-08
 663.00 4.3078e-08
 663.25 3.9401e-08
 663.50 2.4898e-08
 663.75 2.0822e-08
 664.00 3.0204e-08
 664.25 3.9489e-08
 664.50 4.2884e-08
 664.75 3.8289e-08
 665.00 2.8879e-08
 665.25 2.6450e-08
 665.50 3.2860e-08
 665.75 3.7094e-08
 666.00 2.8305e-08
 666.25 2.0796e-08
 666.50 1.9940e-08
 666.75 2.7023e-08
 667.00 3.6778e-08
 667.25 5.9810e-08
 667.50 9.8358e-08
 667.75 9.9356e-08
 668.00 8.2335e-08
 668.25 6.1867e-08
 668.50 4.6912e-08
 668.75 4.8395e-08
 669.00 4.0795e-08
 669.25 2.1950e-08
 669.50 1.8617e-08
 669.75 3.3905e-08
 670.00 3.6604e-08
 670.25 3.7496e-08
 670.50 4.7152e-08
 670.75 4.3624e-08
 671.00 3.0612e-08
 671.25 3.0814e-08
 671.50 2.8415e-08
 671.75 2.5669e-08
 672.00 2.7026e-08
 672.25 2.5200e-08
 672.50 3.2497e-08
 672.75 4.6747e-08
 673.00 4.0297e-08
 673.25 3.2066e-08
 673.50 3.4546e-08
 673.75 2.6146e-08
 674.00 2.4429e-08
 674.25 3.8504e-08
 674.50 3.7411e-08
 674.75 2.6533e-08
 675.00 3.1194e-08
 675.25 3.3571e-08
 675.50 3.8045e-08
 675.75 3.5653e-08
 676.00 3.7918e-08
 676.25 4.7142e-08
 676.50 5.0671e-08
 676.75 3.5504e-08
 677.00 2.4861e-08
 677.25 4.2832e-08
 677.50 5.0730e-08
 677.75 5.1804e-08
 678.00 4.7962e-08
 678.25 4.3115e-08
 678.50 4.0915e-08
 678.75 4.3847e-08
 679.00 4.8358e-08
 679.25 5.8915e-08
 679.50 7.4944e-08
 679.75 7.0516e-08
 680.00 4.8110e-08
 680.25 2.8801e-08
 680.50 2.4955e-08
 680.75 3.2472e-08
 681.00 3.4616e-08
 681.25 2.8210e-08
 681.50 2.8879e-08
 681.75 3.6827e-08
 682.00 5.2988e-08
 682.25 6.9630e-08
 682.50 5.9976e-08
 682.75 3.4213e-08
 683.00 3.1179e-08
 683.25 4.0340e-08
 683.50 3.6725e-08
 683.75 4.2903e-08
 684.00 5.7445e-08
 684.25 7.1141e-08
 684.50 6.8611e-08
 684.75 3.3216e-08
 685.00 1.4121e-08
 685.25 3.2912e-08
 685.50 5.5564e-08
 685.75 4.9726e-08
 686.00 4.3299e-08
 686.25 3.9782e-08
 686.50 4.6802e-08
 686.75 6.3847e-08
 687.00 4.5621e-08
 687.25 2.6732e-08
 687.50 2.8594e-08
 687.75 3.6032e-08
 688.00 3.8861e-08
 688.25 5.0815e-08
 688.50 5.4670e-08
 688.75 5.3229e-08
 689.00 7.7657e-08
 689.25 7.6796e-08
 689.50 4.9428e-08
 689.75 3.9770e-08
 690.00 3.6652e-08
 690.25 3.6245e-08
 690.50 3.2800e-08
 690.75 3.9316e-08
 691.00 6.2535e-08
 691.25 8.6212e-08
 691.50 8.5456e-08
 691.75 4.7540e-08
 692.00 2.8205e-08
 692.25 3.2252e-08
 692.50 4.0799e-08
 692.75 4.0116e-08
 693.00 4.0142e-08
 693.25 4.2465e-08
 693.50 6.0514e-08
 693.75 1.0618e-07
 694.00 9.2265e-08
 694.25 5.6647e-08
 694.50 5.0624e-08
 694.75 4.2025e-08
 695.00 3.7538e-08
 695.25 3.8395e-08
 695.50 5.1614e-08
 695.75 6.1809e-08
 696.00 7.4931e-08
 696.25 7.4468e-08
 696.50 4.9439e-08
 696.75 4.2952e-08
 697.00 4.7997e-08
 697.25 5.1043e-08
 697.50 4.4613e-08
 697.75 5.0042e-08
 698.00 5.9014e-08
 698.25 7.8099e-08
 698.50 1.0942e-07
 698.75 8.0913e-08
 699.00 4.7258e-08
 699.25 5.5192e-08
 699.50 5.5087e-08
 699.75 4.0827e-08
 700.00 4.8763e-08
 700.25 6.4345e-08
 700.50 6.2515e-08
 700.75 7.9611e-08
 701.00 7.9286e-08
 701.25 6.4475e-08
 701.50 6.6631e-08
 701.75 5.6258e-08
 702.00 4.0592e-08
 702.25 3.6577e-08
 702.50 5.3190e-08
 702.75 6.7824e-08
 703.00 9.6448e-08
 703.25 1.2974e-07
 703.50 9.2613e-08
 703.75 4.5874e-08
 704.00 3.6618e-08
 704.25 2.9841e-08
 704.50 3.2847e-08
 704.75 4.5373e-08
 705.00 6.6974e-08
 705.25 7.6339e-08
 705.50 8.5238e-08
 705.75 9.1341e-08
 706.00 8.7236e-08
 706.25 7.4539e-08
 706.50 5.3219e-08
 706.75 4.7863e-08
 707.00 3.9896e-08
 707.25 4.7238e-08
 707.50 6.9635e-08
 707.75 1.0470e-07
 708.00 1.2637e-07
 708.25 7.8499e-08
 708.50 4.1074e-08
 708.75 4.0633e-08
 709.00 3.8843e-08
 709.25 5.0056e-08
 709.50 5.2333e-08
 709.75 5.8309e-08
 710.00 7.0789e-08
 710.25 9.7893e-08
 710.50 8.9839e-08
 710.75 5.5138e-08
 711.00 6.0956e-08
 711.25 6.2188e-08
 711.50 5.8267e-08
 711.75 8.7895e-08
 712.00 1.7373e-07
 712.25 2.1306e-07
 712.50 2.1875e-07
 712.75 2.0847e-07
 713.00 1.3253e-07
 713.25 8.8780e-08
 713.50 7.5876e-08
 713.75 7.0347e-08
 714.00 7.3632e-08
 714.25 8.1247e-08
 714.50 1.0717e-07
 714.75 1.2537e-07
 715.00 1.3946e-07
 715.25 1.1360e-07
 715.50 6.8190e-08
 715.75 5.0540e-08
 716.00 7.6722e-08
 716.25 1.4462e-07
 716.50 1.3338e-07
 716.75 8.5366e-08
 717.00 8.8911e-08
 717.25 1.2685e-07
 717.50 1.1593e-07
 717.75 6.8191e-08
 718.00 5.6463e-08
 718.25 3.7266e-08
 718.50 2.9019e-08
 718.75 4.3872e-08
 719.00 6.2844e-08
 719.25 6.4465e-08
 719.50 9.5565e-08
 719.75 1.6362e-07
 720.00 1.5053e-07
 720.25 7.3920e-08
 720.50 4.5707e-08
 720.75 5.6969e-08
 721.00 5.4382e-08
 721.25 5.1546e-08
 721.50 6.0259e-08
 721.75 6.8057e-08
 722.00 1.0000e-07
 722.25 9.5885e-08
 722.50 5.1206e-08
 722.75 3.8622e-08
 723.00 3.9386e-08
 723.25 4.5715e-08
 723.50 5.5936e-08
 723.75 6.6047e-08
 724.00 5.3991e-08
 724.25 5.1921e-08
 724.50 5.6714e-08
 724.75 5.1361e-08
 725.00 5.0605e-08
 725.25 4.9858e-08
 725.50 4.7049e-08
 725.75 3.9468e-08
 726.00 4.3092e-08
 726.25 4.6177e-08
 726.50 5.7367e-08
 726.75 6.7989e-08
 727.00 6.3199e-08
 727.25 5.7434e-08
 727.50 6.4230e-08
 727.75 6.7238e-08
 728.00 9.0308e-08
 728.25 1.6004e-07
 728.50 1.9154e-07
 728.75 1.9647e-07
 729.00 3.8895e-07
 729.25 6.8543e-07
 729.50 6.9864e-07
 729.75 5.1236e-07
 730.00 3.6758e-07
 730.25 2.8530e-07
 730.50 2.4173e-07
 730.75 2.2515e-07
 731.00 2.7788e-07
 731.25 2.8101e-07
 731.50 2.1402e-07
 731.75 1.5538e-07
 732.00 1.1413e-07
 732.25 9.8102e-08
 732.50 9.8788e-08
 732.75 1.1031e-07
 733.00 8.8648e-08
 733.25 6.8654e-08
 733.50 8.5566e-08
 733.75 1.3074e-07
 734.00 1.3159e-07
 734.25 8.0247e-08
 734.50 6.3510e-08
 734.75 6.5669e-08
 735.00 7.4418e-08
 735.25 6.8939e-08
 735.50 6.8645e-08
 735.75 7.8401e-08
 736.00 9.3708e-08
 736.25 1.1629e-07
 736.50 8.0915e-08
 736.75 4.9336e-08
 737.00 4.4855e-08
 737.25 5.2801e-08
 737.50 6.8873e-08
 737.75 6.8999e-08
 738.00 7.5528e-08
 738.25 1.0082e-07
 738.50 1.5281e-07
 738.75 1.3638e-07
 739.00 8.6993e-08
 739.25 7.3788e-08
 739.50 5.9127e-08
 739.75 5.4519e-08
 740.00 4.6199e-08
 740.25 6.3361e-08
 740.50 9.5070e-08
 740.75 1.2398e-07
 741.00 1.2194e-07
 741.25 8.6017e-08
 741.50 7.3994e-08
 741.75 6.5696e-08
 742.00 7.1419e-08
 742.25 6.9765e-08
 742.50 6.1322e-08
 742.75 6.7963e-08
 743.00 1.0527e-07
 743.25 1.5399e-07
 743.50 1.1780e-07
 743.75 7.3364e-08
 744.00 7.1719e-08
 744.25 7.1680e-08
 744.50 7.4688e-08
 744.75 6.6966e-08
 745.00 6.9925e-08
 745.25 9.7973e-08
 745.50 1.2857e-07
 745.75 1.1089e-07
 746.00 7.1841e-08
 746.25 6.7747e-08
 746.50 6.6801e-08
 746.75 5.3973e-08
 747.00 5.2532e-08
 747.25 7.7030e-08
 747.50 1.0850e-07
 747.75 1.6966e-07
 748.00 2.1774e-07
 748.25 1.6763e-07
 748.50 1.0891e-07
 748.75 9.5782e-08
 749.00 8.1352e-08
 749.25 6.7330e-08
 749.50 7.3630e-08
 749.75 8.0510e-08
 750.00 1.0317e-07
 750.25 1.4998e-07
 750.50 1.2407e-07
 750.75 7.1903e-08
 751.00 8.0347e-08
 751.25 8.6226e-08
 751.50 7.0264e-08
 751.75 5.5708e-08
 752.00 5.1984e-08
 752.25 6.5471e-08
 752.50 1.2234e-07
 752.75 1.4645e-07
 753.00 1.0989e-07
 753.25 9.7546e-08
 753.50 7.8305e-08
 753.75 5.6300e-08
 754.00 5.0788e-08
 754.25 4.8438e-08
 754.50 6.0765e-08
 754.75 9.2360e-08
 755.00 1.2343e-07
 755.25 9.7345e-08
 755.50 7.1655e-08
 755.75 8.4504e-08
 756.00 9.1518e-08
 756.25 8.5824e-08
 756.50 5.7623e-08
 756.75 5.2322e-08
 757.00 7.7708e-08
 757.25 1.3237e-07
 757.50 1.4126e-07
 757.75 9.2605e-08
 758.00 7.3102e-08
 758.25 6.1213e-08
 758.50 5.9266e-08
 758.75 5.9029e-08
 759.00 6.7615e-08
 759.25 8.7611e-08
 759.50 1.0313e-07
 759.75 1.1157e-07
 760.00 1.0181e-07
 760.25 8.9238e-08
 760.50 7.9604e-08
 760.75 6.4041e-08
 761.00 6.1266e-08
 761.25 6.5157e-08
 761.50 7.3714e-08
 761.75 9.7108e-08
 762.00 1.2718e-07
 762.25 1.0224e-07
 762.50 7.0569e-08
 762.75 6.4682e-08
 763.00 5.0225e-08
 763.25 4.9971e-08
 763.50 4.3359e-08
 763.75 3.9530e-08
 764.00 4.3060e-08
 764.25 6.6075e-08
 764.50 6.2972e-08
 764.75 -6.3060e-10
 765.00 -1.9728e-07
 765.25 -1.8740e-07
 765.50 7.5733e-08
 765.75 1.3387e-07
 766.00 9.7926e-08
 766.25 9.7987e-08
 766.50 1.1858e-07
 766.75 1.2028e-07
 767.00 9.4196e-08
 767.25 7.9729e-08
 767.50 8.8008e-08
 767.75 8.7125e-08
 768.00 7.1919e-08
 768.25 7.0324e-08
 768.50 7.4067e-08
 768.75 7.9493e-08
 769.00 8.7365e-08
 769.25 8.0470e-08
 769.50 5.9158e-08
 769.75 5.9456e-08
 770.00 6.4542e-08
 770.25 6.5265e-08
 770.50 6.1858e-08
 770.75 7.9139e-08
 771.00 9.3860e-08
 771.25 1.0861e-07
 771.50 1.1172e-07
 771.75 8.4582e-08
 772.00 6.2286e-08
 772.25 6.0482e-08
 772.50 6.4801e-08
 772.75 6.0770e-08
 773.00 6.0178e-08
 773.25 6.6415e-08
 773.50 7.4036e-08
 773.75 8.5867e-08
 774.00 8.4612e-08
 774.25 7.4205e-08
 774.50 6.7878e-08
 774.75 5.7387e-08
 775.00 6.3080e-08
 775.25 6.4468e-08
 775.50 6.3202e-08
 775.75 7.1345e-08
 776.00 9.0841e-08
 776.25 9.0342e-08
 776.50 7.6196e-08
 776.75 6.5806e-08
 777.00 6.1072e-08
 777.25 6.4441e-08
 777.50 7.2727e-08
 777.75 7.4957e-08
 778.00 6.3021e-08
 778.25 7.5778e-08
 778.50 8.5938e-08
 778.75 7.8899e-08
 779.00 7.3310e-08
 779.25 7.2670e-08
 779.50 7.5912e-08
 779.75 8.1918e-08
 780.00 8.0430e-08
 780.25 7.3596e-08
 780.50 7.0660e-08
 780.75 8.5035e-08
 781.00 7.8482e-08
 781.25 5.4404e-08
 781.50 5.2982e-08
 781.75 6.5186e-08
 782.00 7.9320e-08
 782.25 7.6713e-08
 782.50 6.4591e-08
 782.75 6.3238e-08
 783.00 8.1644e-08
 783.25 9.0969e-08
 783.50 8.3539e-08
 783.75 6.7076e-08
 784.00 6.2512e-08
 784.25 6.9108e-08
 784.50 6.9829e-08
 784.75 6.5107e-08
 785.00 6.2584e-08
 785.25 7.6209e-08
 785.50 9.2544e-08
 785.75 9.1726e-08
 786.00 8.8721e-08
 786.25 7.6952e-08
 786.50 6.8426e-08
 786.75 7.2052e-08
 787.00 6.9635e-08
 787.25 7.8139e-08
 787.50 8.1133e-08
 787.75 7.7899e-08
 788.00 6.7514e-08
 788.25 5.3995e-08
 788.50 5.8286e-08
 788.75 7.2088e-08
 789.00 7.8208e-08
 789.25 8.4872e-08
 789.50 8.5141e-08
 789.75 7.9030e-08
 790.00 7.5816e-08
 790.25 6.8271e-08
 790.50 6.8687e-08
 790.75 8.1288e-08
 791.00 8.2565e-08
 791.25 8.4798e-08
 791.50 1.0694e-07
 791.75 9.9979e-08
 792.00 7.5428e-08
 792.25 7.1999e-08
 792.50 7.9661e-08
 792.75 8.1101e-08
 793.00 7.7047e-08
 793.25 8.2168e-08
 793.50 8.7963e-08
 793.75 8.8741e-08
 794.00 9.8616e-08
 794.25 9.6123e-08
 794.50 7.6344e-08
 794.75 7.1958e-08
 795.00 7.7301e-08
 795.25 7.9511e-08
 795.50 8.2097e-08
 795.75 8.9100e-08
 796.00 9.6461e-08
 796.25 9.1528e-08
 796.50 9.3157e-08
 796.75 9.5140e-08
 797.00 8.4173e-08
 797.25 7.8385e-08
 797.50 6.4083e-08
 797.75 6.1418e-08
 798.00 7.7176e-08
 798.25 8.9411e-08
 798.50 1.0760e-07
 798.75 1.2768e-07
 799.00 1.3443e-07
 799.25 1.1762e-07
 799.50 8.6187e-08
 799.75 8.4118e-08
 800.00 7.9075e-08
 800.25 6.6290e-08
 800.50 8.9025e-08
 800.75 1.1907e-07
 801.00 1.4377e-07
 801.25 1.5459e-07
 801.50 1.4427e-07
 801.75 1.1472e-07
 802.00 9.0223e-08
 802.25 8.7243e-08
 802.50 9.5030e-08
 802.75 7.9229e-08
 803.00 6.1571e-08
 803.25 8.9852e-08
 803.50 1.2175e-07
 803.75 1.4144e-07
 804.00 1.5766e-07
 804.25 1.2677e-07
 804.50 8.9908e-08
 804.75 1.0159e-07
 805.00 1.0555e-07
 805.25 8.8011e-08
 805.50 7.4407e-08
 805.75 7.8117e-08
 806.00 1.1558e-07
 806.25 1.7509e-07
 806.50 2.1180e-07
 806.75 1.6252e-07
 807.00 6.7884e-08
 807.25 5.2665e-08
 807.50 9.6080e-08
 807.75 1.0751e-07
 808.00 7.9688e-08
 808.25 7.2096e-08
 808.50 9.9984e-08
 808.75 1.4978e-07
 809.00 2.0875e-07
 809.25 1.8517e-07
 809.50 8.8947e-08
 809.75 4.1714e-08
 810.00 5.8895e-08
 810.25 9.7842e-08
 810.50 9.3371e-08
 810.75 6.1800e-08
 811.00 7.3678e-08
 811.25 1.0912e-07
 811.50 1.9264e-07
 811.75 2.3475e-07
 812.00 1.4198e-07
 812.25 5.4640e-08
 812.50 5.6197e-08
 812.75 9.0119e-08
 813.00 1.1594e-07
 813.25 9.0503e-08
 813.50 6.9586e-08
 813.75 9.9046e-08
 814.00 1.5909e-07
 814.25 2.4512e-07
 814.50 2.1414e-07
 814.75 8.9293e-08
 815.00 3.1556e-08
 815.25 3.6005e-08
 815.50 7.9251e-08
 815.75 1.1064e-07
 816.00 8.9193e-08
 816.25 9.4704e-08
 816.50 1.3199e-07
 816.75 2.0082e-07
 817.00 2.4683e-07
 817.25 1.6303e-07
 817.50 6.2143e-08
 817.75 4.4012e-08
 818.00 6.4612e-08
 818.25 1.0672e-07
 818.50 1.2723e-07
 818.75 1.0984e-07
 819.00 1.0998e-07
 819.25 1.5433e-07
 819.50 2.4262e-07
 819.75 2.4012e-07
 820.00 1.2380e-07
 820.25 4.8473e-08
 820.50 4.8272e-08
 820.75 6.3125e-08
 821.00 9.1452e-08
 821.25 1.0009e-07
 821.50 8.0915e-08
 821.75 7.8644e-08
 822.00 1.6716e-07
 822.25 3.0338e-07
 822.50 2.3654e-07
 822.75 8.4073e-08
 823.00 4.0041e-08
 823.25 5.1334e-08
 823.50 8.9714e-08
 823.75 1.2554e-07
 824.00 1.2457e-07
 824.25 1.2170e-07
 824.50 1.6170e-07
 824.75 2.4056e-07
 825.00 2.4153e-07
 825.25 1.0556e-07
 825.50 1.9387e-08
 825.75 2.0729e-08
 826.00 5.2081e-08
 826.25 9.9996e-08
 826.50 1.1555e-07
 826.75 1.2250e-07
 827.00 1.3855e-07
 827.25 1.8474e-07
 827.50 2.4778e-07
 827.75 1.8522e-07
 828.00 7.8332e-08
 828.25 5.0807e-08
 828.50 3.9798e-08
 828.75 7.1706e-08
 829.00 1.0939e-07
 829.25 1.0202e-07
 829.50 1.0533e-07
 829.75 1.3502e-07
 830.00 2.0372e-07
 830.25 2.3452e-07
 830.50 1.2992e-07
 830.75 4.8832e-08
 831.00 4.1442e-08
 831.25 6.2307e-08
 831.50 1.1312e-07
 831.75 1.0719e-07
 832.00 8.6285e-08
 832.25 1.0193e-07
 832.50 1.5481e-07
 832.75 2.5235e-07
 833.00 2.2571e-07
 833.25 8.4038e-08
 833.50 2.8625e-08
 833.75 3.9840e-08
 834.00 1.0082e-07
 834.25 1.1666e-07
 834.50 8.1025e-08
 834.75 9.6913e-08
 835.00 1.3122e-07
 835.25 2.0067e-07
 835.50 2.2777e-07
 835.75 9.9064e-08
 836.00 -1.6536e-08
 836.25 2.3216e-08
 836.50 6.7786e-08
 836.75 7.3424e-08
 837.00 6.2659e-08
 837.25 4.9018e-08
 837.50 9.3943e-08
 837.75 1.7018e-07
 838.00 2.1474e-07
 838.25 2.0038e-07
 838.50 1.1421e-07
 838.75 3.6124e-08
 839.00 5.7897e-08
 839.25 1.0205e-07
 839.50 9.8228e-08
 839.75 7.0109e-08
 840.00 6.7234e-08
 840.25 1.0114e-07
 840.50 1.5073e-07
 840.75 1.7135e-07
 841.00 1.4031e-07
 841.25 8.0589e-08
 841.50 5.6965e-08
 841.75 8.1614e-08
 842.00 9.7157e-08
 842.25 7.7470e-08
 842.50 4.0426e-08
 842.75 5.9448e-08
 843.00 1.1587e-07
 843.25 1.5534e-07
 843.50 1.5269e-07
 843.75 1.2019e-07
 844.00 9.5751e-08
 844.25 8.2540e-08
 844.50 9.0277e-08
 844.75 9.0559e-08
 845.00 6.3357e-08
 845.25 5.3398e-08
 845.50 6.9437e-08
 845.75 9.4962e-08
 846.00 1.2678e-07
 846.25 1.1744e-07
 846.50 1.0445e-07
 846.75 1.0221e-07
 847.00 7.4860e-08
 847.25 6.8352e-08
 847.50 7.0409e-08
 847.75 6.7432e-08
 848.00 6.8262e-08
 848.25 7.6835e-08
 848.50 1.0434e-07
 848.75 1.1389e-07
 849.00 9.5076e-08
 849.25 8.9874e-08
 849.50 8.8362e-08
 849.75 8.1251e-08
 850.00 7.8362e-08
 850.25 7.1423e-08
 850.50 6.0285e-08
 850.75 5.3769e-08
 851.00 7.0167e-08
 851.25 9.0046e-08
 851.50 9.4289e-08
 851.75 8.7541e-08
 852.00 8.3712e-08
 852.25 8.0589e-08
 852.50 8.3269e-08
 852.75 8.6654e-08
 853.00 7.0463e-08
 853.25 5.9362e-08
 853.50 6.6560e-08
 853.75 8.2652e-08
 854.00 9.6851e-08
 854.25 9.3371e-08
 854.50 7.4589e-08
 854.75 7.1938e-08
 855.00 8.4559e-08
 855.25 8.5848e-08
 855.50 6.7823e-08
 855.75 5.8210e-08
 856.00 5.7508e-08
 856.25 6.5136e-08
 856.50 7.5059e-08
 856.75 6.6182e-08
 857.00 6.0146e-08
 857.25 5.6550e-08
 857.50 6.6233e-08
 857.75 7.5072e-08
 858.00 6.7916e-08
 858.25 5.3937e-08
 858.50 4.8165e-08
 858.75 6.0653e-08
 859.00 6.5742e-08
 859.25 6.3806e-08
 859.50 6.2446e-08
 859.75 7.1357e-08
 860.00 7.7853e-08
 860.25 6.4941e-08
 860.50 6.9581e-08
 860.75 7.3368e-08
 861.00 5.8331e-08
 861.25 5.6398e-08
 861.50 5.6614e-08
 861.75 6.6642e-08
 862.00 7.0815e-08
 862.25 5.3030e-08
 862.50 4.8747e-08
 862.75 6.3676e-08
 863.00 7.9418e-08
 863.25 8.4025e-08
 863.50 7.4854e-08
 863.75 6.3990e-08
 864.00 6.4765e-08
 864.25 6.7510e-08
 864.50 6.5298e-08
 864.75 5.7669e-08
 865.00 5.4126e-08
 865.25 6.1579e-08
 865.50 6.3866e-08
 865.75 5.6919e-08
 866.00 5.3420e-08
 866.25 6.1193e-08
 866.50 6.6457e-08
 866.75 6.6376e-08
 867.00 6.7412e-08
 867.25 5.9253e-08
 867.50 5.0432e-08
 867.75 5.1976e-08
 868.00 5.8123e-08
 868.25 5.7548e-08
 868.50 5.0944e-08
 868.75 5.3425e-08
 869.00 6.7959e-08
 869.25 7.2724e-08
 869.50 5.5679e-08
 869.75 3.8924e-08
 870.00 4.8963e-08
 870.25 6.2071e-08
 870.50 5.1052e-08
 870.75 4.5672e-08
 871.00 4.8753e-08
 871.25 4.1395e-08
 871.50 3.2899e-08
 871.75 3.3036e-08
 872.00 3.5629e-08
 872.25 3.8822e-08
 872.50 3.0883e-08
 872.75 2.8706e-08
 873.00 5.1174e-08
 873.25 6.2810e-08
 873.50 5.0910e-08
 873.75 3.1114e-08
 874.00 2.6917e-08
 874.25 2.9875e-08
 874.50 3.8123e-08
 874.75 5.0916e-08
 875.00 5.1326e-08
 875.25 5.6590e-08
 875.50 5.5945e-08
 875.75 4.3520e-08
 876.00 4.2318e-08
 876.25 4.5515e-08
 876.50 3.3101e-08
 876.75 3.0754e-08
 877.00 4.3800e-08
 877.25 4.5131e-08
 877.50 4.2158e-08
 877.75 3.9921e-08
 878.00 4.0592e-08
 878.25 3.6999e-08
 878.50 3.5072e-08
 878.75 3.6278e-08
 879.00 4.2291e-08
 879.25 4.7382e-08
 879.50 3.5514e-08
 879.75 2.7414e-08
 880.00 2.8221e-08
 880.25 3.5762e-08
 880.50 4.5794e-08
 880.75 4.3553e-08
 881.00 3.0931e-08
 881.25 2.8284e-08
 881.50 3.1472e-08
 881.75 3.4739e-08
 882.00 3.5338e-08
 882.25 3.3476e-08
 882.50 3.4272e-08
 882.75 2.9776e-08
 883.00 3.3794e-08
 883.25 3.7598e-08
 883.50 3.7054e-08
 883.75 3.6277e-08
 884.00 2.3954e-08
 884.25 2.7964e-08
 884.50 4.6244e-08
 884.75 4.4375e-08
 885.00 3.4286e-08
 885.25 3.1651e-08
 885.50 3.5507e-08
 885.75 3.4296e-08
 886.00 3.3578e-08
 886.25 2.6604e-08
 886.50 1.7427e-08
 886.75 2.8818e-08
 887.00 3.7578e-08
 887.25 4.2086e-08
 887.50 4.4668e-08
 887.75 3.8950e-08
 888.00 3.5459e-08
 888.25 3.7102e-08
 888.50 3.4459e-08
 888.75 3.7441e-08
 889.00 3.6662e-08
 889.25 2.0991e-08
 889.50 2.3642e-08
 889.75 3.4539e-08
 890.00 3.0380e-08
 890.25 1.9632e-08
 890.50 1.7291e-08
 890.75 2.7220e-08
 891.00 3.7122e-08
 891.25 4.3011e-08
 891.50 3.4000e-08
 891.75 1.4385e-08
 892.00 6.8337e-09
 892.25 4.9881e-09
 892.50 1.2688e-08
 892.75 1.8639e-08
 893.00 1.6131e-08
 893.25 2.4923e-08
 893.50 3.4034e-08
 893.75 3.2754e-08
 894.00 2.4172e-08
 894.25 2.4771e-08
 894.50 3.6200e-08
 894.75 4.3396e-08
 895.00 4.4892e-08
 895.25 3.6507e-08
 895.50 1.9047e-08
 895.75 1.4911e-08
 896.00 1.7955e-08
 896.25 2.3033e-08
 896.50 4.3721e-08
 896.75 5.4052e-08
 897.00 4.4232e-08
 897.25 3.3316e-08
 897.50 2.8385e-08
 897.75 1.8961e-08
 898.00 4.6176e-09
 898.25 1.4251e-08
 898.50 3.1873e-08
 898.75 2.6332e-08
 899.00 2.3772e-08
 899.25 2.6018e-08
 899.50 1.9690e-08
 899.75 1.5277e-08
 900.00 1.5208e-08
 900.25 1.8339e-08
 900.50 2.6470e-08
 900.75 3.4437e-08
 901.00 3.2609e-08
 901.25 2.8535e-08
 901.50 2.6038e-08
 901.75 2.3716e-08
 902.00 3.0208e-08
 902.25 3.9607e-08
 902.50 3.8715e-08
 902.75 2.3434e-08
 903.00 1.4986e-08
 903.25 2.2712e-08
 903.50 2.3936e-08
 903.75 2.5652e-08
 904.00 3.0213e-08
 904.25 3.8281e-08
 904.50 3.8210e-08
 904.75 2.7216e-08
 905.00 2.0387e-08
 905.25 1.7954e-08
 905.50 2.5659e-08
 905.75 3.7081e-08
 906.00 3.7579e-08
 906.25 2.5060e-08
 906.50 3.0782e-08
 906.75 3.3185e-08
 907.00 2.2823e-08
 907.25 2.5069e-08
 907.50 3.3529e-08
 907.75 2.5688e-08
 908.00 1.3952e-08
 908.25 1.4661e-08
 908.50 1.5976e-08
 908.75 3.1295e-08
 909.00 3.5527e-08
 909.25 3.0968e-08
 909.50 2.9586e-08
 909.75 3.1213e-08
 910.00 3.1149e-08
 910.25 2.6981e-08
 910.50 2.6735e-08
 910.75 2.7936e-08
 911.00 3.3653e-08
 911.25 3.5254e-08
 911.50 2.2108e-08
 911.75 6.5365e-09
 912.00 2.0256e-08
 912.25 3.9494e-08
 912.50 4.1445e-08
 912.75 3.0341e-08
 913.00 2.0774e-08
 913.25 1.7372e-08
 913.50 2.2558e-08
 913.75 2.5334e-08
 914.00 1.6088e-08
 914.25 1.9645e-08
 914.50 3.3636e-08
 914.75 4.9316e-08
 915.00 5.6773e-08
 915.25 5.0047e-08
 915.50 2.8829e-08
 915.75 2.2106e-08
 916.00 2.8952e-08
 916.25 2.7267e-08
 916.50 2.9139e-08
 916.75 2.8183e-08
 917.00 2.1326e-08
 917.25 2.1139e-08
 917.50 2.9204e-08
 917.75 2.4464e-08
 918.00 1.4452e-08
 918.25 1.5460e-08
 918.50 1.6615e-08
 918.75 2.2147e-08
 919.00 2.5372e-08
 919.25 2.7386e-08
 919.50 3.0611e-08
 919.75 2.4723e-08
 920.00 1.6448e-08
 920.25 3.7174e-09
 920.50 4.3736e-09
 920.75 1.3690e-08
 921.00 2.7213e-08
 921.25 4.0417e-08
 921.50 3.5948e-08
 921.75 2.9574e-08
 922.00 2.2136e-08
 922.25 2.4234e-08
 922.50 3.2582e-08
 922.75 3.4539e-08
 923.00 2.9055e-08
 923.25 2.3129e-08
 923.50 2.6523e-08
 923.75 3.5049e-08
 924.00 3.9116e-08
 924.25 2.8705e-08
 924.50 1.7449e-08
 924.75 1.8368e-08
 925.00 2.7788e-08
 925.25 3.2418e-08
 925.50 2.5312e-08
 925.75 2.3877e-08
 926.00 2.3501e-08
 926.25 1.8229e-08
 926.50 2.7415e-08
 926.75 3.8030e-08
 927.00 3.1942e-08
 927.25 1.7209e-08
 927.50 1.1295e-08
 927.75 1.6122e-08
 928.00 1.5413e-08
 928.25 1.2707e-08
 928.50 1.1910e-08
 928.75 1.7086e-08
 929.00 3.1683e-08
 929.25 2.9310e-08
 929.50 1.4987e-08
 929.75 9.4377e-09
 930.00 1.6498e-08
 930.25 2.2055e-08
 930.50 2.4782e-08
 930.75 2.2465e-08
 931.00 1.6878e-08
 931.25 2.7672e-08
 931.50 2.9887e-08
 931.75 2.2637e-08
 932.00 1.5701e-08
 932.25 1.6530e-08
 932.50 1.9387e-08
 932.75 2.0995e-08
 933.00 1.8982e-08
 933.25 1.8846e-08
 933.50 2.8563e-08
 933.75 3.5701e-08
 934.00 3.8770e-08
 934.25 3.0790e-08
 934.50 2.4406e-08
 934.75 2.0187e-08
 935.00 1.6238e-08
 935.25 1.6368e-08
 935.50 2.1839e-08
 935.75 2.9253e-08
 936.00 3.1080e-08
 936.25 1.9432e-08
 936.50 9.2107e-09
 936.75 1.3885e-08
 937.00 2.1710e-08
 937.25 2.2030e-08
 937.50 2.4904e-08
 937.75 2.0303e-08
 938.00 1.6153e-08
 938.25 1.7576e-08
 938.50 1.0661e-08
 938.75 1.2835e-08
 939.00 7.2260e-09
 939.25 2.0223e-09
 939.50 3.7033e-09
 939.75 1.4637e-08
 940.00 2.2830e-08
 940.25 1.9155e-08
 940.50 7.6720e-09
 940.75 1.0020e-08
 941.00 2.0602e-08
 941.25 1.5325e-08
 941.50 1.2414e-08
 941.75 1.4953e-08
 942.00 1.8409e-08
 942.25 2.0827e-08
 942.50 2.4109e-08
 942.75 2.6311e-08
 943.00 2.1922e-08
 943.25 5.4452e-09
 943.50 9.8841e-09
 943.75 1.6896e-08
 944.00 1.1838e-08
 944.25 -1.1645e-08
 944.50 -3.5721e-09
 944.75 3.0440e-08
 945.00 3.2017e-08
 945.25 3.6410e-08
 945.50 2.6291e-08
 945.75 1.7365e-08
 946.00 2.0108e-08
 946.25 2.2579e-08
 946.50 2.3591e-08
 946.75 3.3495e-08
 947.00 3.3804e-08
 947.25 2.2516e-08
 947.50 2.0579e-08
 947.75 1.8727e-08
 948.00 1.5433e-08
 948.25 1.6058e-08
 948.50 2.0111e-08
 948.75 2.9700e-08
 949.00 3.5616e-08
 949.25 2.7534e-08
 949.50 2.7729e-08
 949.75 2.8365e-08
 950.00 2.4321e-08
 950.25 1.9802e-08
 950.50 2.7207e-08
 950.75 2.7210e-08
 951.00 1.8323e-08
 951.25 1.1194e-08
 951.50 1.2647e-08
 951.75 2.0907e-08
 952.00 1.1453e-08
 952.25 3.5176e-09
 952.50 2.9860e-09
 952.75 1.2160e-08
 953.00 1.9339e-08
 953.25 2.0837e-08
 953.50 2.4495e-08
 953.75 2.3465e-08
 954.00 7.3458e-09
 954.25 -7.0617e-09
 954.50 3.0014e-09
 954.75 1.9202e-08
 955.00 2.0951e-08
 955.25 1.3824e-08
 955.50 1.6863e-08
 955.75 2.7425e-08
 956.00 1.8347e-08
 956.25 -3.7521e-08
 956.50 -4.7333e-08
 956.75 1.5313e-08
 957.00 3.0987e-08
 957.25 2.2019e-08
 957.50 3.2841e-08
 957.75 4.6539e-08
 958.00 4.7354e-08
 958.25 2.6479e-08
 958.50 1.5423e-08
 958.75 1.9717e-08
 959.00 2.0239e-08
 959.25 2.4687e-08
 959.50 2.5765e-08
 959.75 1.7867e-08
 960.00 1.8999e-08
 960.25 7.6155e-09
 960.50 -1.5284e-08
 960.75 -1.8554e-08
 961.00 -6.4819e-09
 961.25 5.1112e-09
 961.50 1.4709e-08
 961.75 1.5331e-08
 962.00 1.2014e-08
 962.25 1.8104e-08
 962.50 1.7403e-08
 962.75 1.6463e-08
 963.00 2.6830e-08
 963.25 1.5905e-08
 963.50 -1.0548e-09
 963.75 7.5299e-09
 964.00 1.5963e-08
 964.25 1.3064e-08
 964.50 1.1248e-08
 964.75 1.6776e-08
 965.00 1.8540e-08
 965.25 1.0682e-08
 965.50 8.2172e-09
 965.75 2.2914e-08
 966.00 2.9853e-08
 966.25 2.6348e-08
 966.50 2.9797e-08
 966.75 1.4102e-08
 967.00 -6.0420e-09
 967.25 -2.9532e-09
 967.50 4.2861e-09
 967.75 1.6129e-08
 968.00 3.4323e-08
 968.25 3.3701e-08
 968.50 2.7325e-08
 968.75 3.1456e-08
 969.00 2.3010e-08
 969.25 1.4808e-08
 969.50 1.9574e-08
 969.75 2.0125e-08
 970.00 2.5381e-08
 970.25 3.3634e-08
 970.50 2.5418e-08
 970.75 1.4346e-08
 971.00 9.5944e-09
 971.25 5.7257e-09
 971.50 4.4689e-09
 971.75 1.1699e-08
 972.00 1.8264e-08
 972.25 3.8296e-09
 972.50 -5.7401e-09
 972.75 7.1124e-09
 973.00 2.5418e-08
 973.25 2.0490e-08
 973.50 9.3327e-09
 973.75 1.8807e-08
 974.00 2.2618e-08
 974.25 1.9090e-08
 974.50 1.7620e-08
 974.75 1.9025e-08
 975.00 2.7429e-08
 975.25 3.3226e-08
 975.50 2.7533e-08
 975.75 1.9734e-08
 976.00 2.4086e-08
 976.25 2.8517e-08
 976.50 1.7108e-08
 976.75 1.2333e-08
 977.00 1.5649e-08
 977.25 2.8513e-08
 977.50 2.8864e-08
 977.75 1.5713e-08
 978.00 1.2352e-08
 978.25 9.3949e-09
 978.50 9.9252e-09
 978.75 2.0217e-08
 979.00 4.1176e-08
 979.25 3.5952e-08
 979.50 1.7929e-08
 979.75 1.0878e-08
 980.00 8.2440e-09
 980.25 -7.7621e-10
 980.50 1.5903e-09
 980.75 1.7726e-08
 981.00 1.5926e-08
 981.25 1.1158e-08
 981.50 1.2897e-08
 981.75 9.9632e-09
 982.00 -3.6200e-09
 982.25 -3.1655e-09
 982.50 5.9223e-09
 982.75 8.0966e-09
 983.00 5.0867e-09
 983.25 1.6687e-09
 983.50 7.9649e-09
 983.75 9.7274e-09
 984.00 1.9643e-09
 984.25 -3.9765e-09
 984.50 9.8211e-10
 984.75 1.3325e-08
 985.00 1.9902e-08
 985.25 2.0088e-08
 985.50 1.6799e-08
 985.75 1.1845e-08
 986.00 7.2095e-10
 986.25 -2.6078e-09
 986.50 7.7165e-09
 986.75 1.7024e-08
 987.00 2.1418e-08
 987.25 2.4138e-08
 987.50 3.5277e-08
 987.75 3.7219e-08
 988.00 3.6494e-08
 988.25 3.2614e-08
 988.50 2.4307e-08
 988.75 2.1225e-08
 989.00 1.4763e-08
 989.25 1.0211e-08
 989.50 1.3908e-08
 989.75 2.7741e-08
 990.00 2.4677e-08
 990.25 1.3475e-08
 990.50 1.6293e-08
 990.75 1.0265e-08
 991.00 4.9324e-09
 991.25 2.2776e-08
 991.50 2.9362e-08
 991.75 1.0199e-08
 992.00 -1.1251e-08
 992.25 -1.0234e-08
 992.50 1.9436e-08
 992.75 3.5617e-08
 993.00 2.1850e-08
 993.25 8.1234e-09
 993.50 5.1124e-09
 993.75 4.9587e-09
 994.00 1.3098e-08
 994.25 1.9079e-08
 994.50 1.8707e-08
 994.75 1.6546e-08
 995.00 1.4821e-08
 995.25 1.7488e-08
 995.50 1.2864e-08
 995.75 7.9428e-09
 996.00 5.6956e-09
 996.25 5.0593e-10
 996.50 1.3965e-08
 996.75 2.9873e-08
 997.00 2.8275e-08
 997.25 2.2664e-08
 997.50 4.9613e-09
 997.75 2.0786e-10
 998.00 1.3755e-08
 998.25 1.8671e-08
 998.50 1.1501e-08
 998.75 1.0253e-08
 999.00 7.6670e-09
 999.25 -5.6999e-09
 999.50 -6.7324e-09
 999.75 1.6901e-09
1000.00 2.8706e-08
1000.25 3.7611e-08
1000.50 2.1738e-08
1000.75 2.2639e-08
1001.00 1.9369e-08
1001.25 5.5361e-09
1001.50 -2.8184e-09
1001.75 3.3490e-09
1002.00 7.4870e-09
1002.25 1.4224e-08
1002.50 2.6563e-08
1002.75 1.7587e-08
1003.00 1.4835e-08
1003.25 1.8069e-08
1003.50 1.4737e-08
1003.75 1.6329e-08
1004.00 1.6712e-08
1004.25 1.7602e-08
1004.50 1.5498e-08
1004.75 1.2403e-08
1005.00 8.6390e-09
1005.25 -6.7791e-09
1005.50 -7.1216e-09
1005.75 1.5113e-08
1006.00 1.7216e-08
1006.25 1.7210e-08
1006.50 1.1266e-08
1006.75 4.0778e-09
1007.00 1.5316e-08
1007.25 1.9620e-08
1007.50 1.2656e-08
1007.75 1.3882e-08
1008.00 2.8020e-08
1008.25 2.9137e-08
1008.50 1.8533e-08
1008.75 1.0637e-08
1009.00 1.3538e-08
1009.25 2.3102e-08
1009.50 1.9393e-08
1009.75 2.6490e-09
1010.00 5.4792e-09
1010.25 7.4918e-09
1010.50 1.0310e-08
1010.75 1.3438e-08
1011.00 1.4220e-08
1011.25 3.0716e-08
1011.50 2.7848e-08
1011.75 1.1959e-08
1012.00 1.8714e-08
1012.25 3.3022e-08
1012.50 2.4341e-08
1012.75 1.0121e-08
1013.00 2.6140e-09
1013.25 -1.1308e-09
1013.50 -8.3349e-09
1013.75 -4.8205e-09
1014.00 7.5967e-09
1014.25 2.1613e-08
1014.50 2.5563e-08
1014.75 2.2863e-08
1015.00 2.0533e-08
1015.25 1.4577e-08
1015.50 1.0670e-08
1015.75 1.2889e-08
1016.00 1.5238e-08
1016.25 -1.8609e-10
1016.50 -1.2263e-08
1016.75 -1.3045e-08
1017.00 -4.4039e-09
1017.25 -6.6417e-09
1017.50 -5.2865e-09
1017.75 1.0207e-08
1018.00 1.4761e-08
1018.25 9.3125e-09
1018.50 1.6106e-08
1018.75 1.0587e-08
1019.00 4.1760e-09
1019.25 1.6811e-08
1019.50 2.0152e-08
1019.75 1.6937e-08
1020.00 1.0923e-08
1020.25 8.4232e-09
1020.50 1.2845e-08
1020.75 1.9394e-08
1021.00 3.1855e-09
1021.25 -4.4388e-09
1021.50 -4.2703e-09
1021.75 4.8408e-09
1022.00 9.3070e-09
1022.25 1.1085e-08
1022.50 2.3153e-08
1022.75 2.2551e-08
1023.00 1.8913e-08
1023.25 9.4959e-09
1023.50 9.8128e-09
1023.75 1.6288e-08
1024.00 1.7339e-08
1024.25 9.7007e-09
1024.50 1.2784e-08
1024.75 1.6130e-08
1025.00 1.2660e-08
1025.25 6.0047e-09
1025.50 -7.5818e-09
1025.75 -2.0443e-08
1026.00 -2.9015e-10
1026.25 2.2478e-08
1026.50 2.1817e-08
1026.75 1.6036e-08
1027.00 -4.3128e-09
1027.25 -8.6448e-09
1027.50 1.0714e-08
1027.75 2.6276e-08
1028.00 1.4262e-08
1028.25 -5.7134e-09
1028.50 -1.4823e-08
1028.75 -8.7754e-10
1029.00 1.8581e-09
1029.25 7.0144e-09
1029.50 1.8088e-08
1029.75 6.7103e-09
1030.00 4.3459e-09
1030.25 3.8785e-09
1030.50 4.3920e-09
1030.75 7.1779e-09
1031.00 1.6026e-08
1031.25 3.4531e-08
1031.50 3.2489e-08
1031.75 2.6489e-09
1032.00 -8.0962e-09
1032.25 9.1199e-09
1032.50 2.2615e-08
1032.75 1.2061e-08
1033.00 -9.0666e-09
1033.25 -5.8494e-09
1033.50 3.4893e-08
1033.75 4.0607e-08
1034.00 2.3893e-08
1034.25 3.3730e-08
1034.50 1.8915e-08
1034.75 4.7303e-10
1035.00 2.6692e-09
1035.25 1.1101e-08
1035.50 -1.0754e-09
1035.75 -1.9629e-08
1036.00 -9.4885e-10
1036.25 1.4850e-08
1036.50 1.0524e-08
1036.75 2.2660e-08
1037.00 2.4775e-08
1037.25 1.1060e-08
1037.50 -4.1395e-09
1037.75 -6.2139e-09
1038.00 1.2384e-09
1038.25 3.5104e-09
1038.50 1.9077e-09
1038.75 -6.8996e-09
1039.00 -3.9516e-09
1039.25 -1.6311e-09
1039.50 -2.5963e-09
1039.75 -2.1812e-09
1040.00 1.0510e-08
1040.25 2.5242e-08
1040.50 2.8674e-08
1040.75 3.0212e-08
1041.00 2.3019e-08
1041.25 1.8163e-08
1041.50 1.3565e-08
1041.75 1.3072e-08
1042.00 2.7274e-08
1042.25 3.6922e-08
1042.50 1.9583e-08
1042.75 7.1701e-09
1043.00 3.6923e-08
1043.25 4.2061e-08
1043.50 5.1917e-09
1043.75 -8.3634e-09
1044.00 -3.1892e-09
1044.25 -1.5124e-09
1044.50 4.3190e-09
1044.75 -8.1294e-09
1045.00 -2.0530e-08
1045.25 -1.1429e-08
1045.50 -9.8417e-09
1045.75 3.7454e-09
1046.00 1.6154e-08
1046.25 1.8351e-08
1046.50 1.3548e-08
1046.75 8.2314e-09
1047.00 -1.2455e-09
1047.25 -1.7104e-09
1047.50 9.3372e-09
1047.75 -9.7983e-09
1048.00 -2.9919e-08
1048.25 -2.6513e-08
1048.50 -8.4849e-09
1048.75 1.0022e-08
1049.00 1.8771e-08
1049.25 1.5735e-08
1049.50 1.8534e-08
1049.75 2.1085e-08
1050.00 2.4148e-08
1050.25 1.5203e-08
1050.50 2.1804e-09
1050.75 -5.0425e-09
1051.00 -2.4014e-09
1051.25 1.5646e-08
1051.50 1.6192e-08
1051.75 -4.8364e-09
1052.00 -2.3525e-08
1052.25 2.9001e-09
1052.50 2.6847e-08
1052.75 2.4109e-08
1053.00 2.6402e-08
1053.25 2.5287e-08
1053.50 1.9555e-09
1053.75 -1.0127e-08
1054.00 -7.7981e-09
1054.25 -9.5060e-09
1054.50 -9.5878e-09
1054.75 -9.8195e-09
1055.00 8.5786e-10
1055.25 5.0915e-09
1055.50 1.7689e-08
1055.75 1.7397e-08
1056.00 1.5527e-08
1056.25 2.8988e-08
1056.50 2.8770e-08
1056.75 2.5596e-08
1057.00 1.8029e-08
1057.25 6.7388e-09
1057.50 -5.6566e-09
1057.75 5.6401e-10
1058.00 1.9356e-08
1058.25 2.7591e-09
1058.50 -1.2838e-08
1058.75 9.8891e-09
1059.00 2.3348e-08
1059.25 2.6457e-08
1059.50 2.8820e-08
1059.75 2.6458e-08
1060.00 3.8469e-08
1060.25 5.9131e-08
1060.50 5.1524e-08
1060.75 3.1398e-08
1061.00 2.4528e-08
1061.25 6.3518e-10
1061.50 -1.1224e-08
1061.75 -1.5027e-08
1062.00 -1.6667e-08
1062.25 7.4096e-09
1062.50 1.7102e-08
1062.75 6.9560e-09
1063.00 1.1670e-08
1063.25 2.0328e-08
1063.50 1.9673e-09
1063.75 -1.3426e-08
1064.00 -2.1036e-08
1064.25 -1.1054e-08
1064.50 9.8239e-09
1064.75 2.7735e-12
1065.00 -5.0553e-09
1065.25 1.8755e-08
1065.50 2.0004e-08
1065.75 4.6509e-09
1066.00 1.0160e-08
1066.25 1.2718e-08
1066.50 5.7363e-09
1066.75 5.3391e-09
1067.00 2.4761e-08
1067.25 3.0220e-08
1067.50 1.4411e-09
1067.75 -6.8350e-09
1068.00 1.7605e-08
1068.25 2.0179e-08
1068.50 1.6466e-08
1068.75 1.5653e-08
1069.00 2.3993e-09
1069.25 -9.4739e-09
1069.50 2.1819e-09
1069.75 3.0940e-08
1070.00 2.3319e-08
1070.25 5.1196e-09
1070.50 8.0252e-09
1070.75 5.0342e-09
1071.00 1.1821e-09
1071.25 5.8646e-09
1071.50 8.2606e-09
1071.75 1.0247e-08
1072.00 6.7013e-09
1072.25 7.7428e-09
1072.50 -4.1557e-09
1072.75 -9.0769e-09
1073.00 8.3194e-09
1073.25 5.6024e-09
1073.50 2.9736e-09
1073.75 3.4603e-08
1074.00 4.6526e-08
1074.25 2.6471e-08
1074.50 1.8821e-08
1074.75 8.6567e-09
1075.00 2.9619e-08
1075.25 3.1449e-08
1075.50 -8.4846e-09
1075.75 -3.4121e-08
1076.00 -2.8538e-08
1076.25 8.7178e-09
1076.50 1.2213e-08
1076.75 -4.3247e-09
1077.00 -7.0731e-10
1077.25 3.0817e-09
1077.50 -6.8029e-09
1077.75 6.1264e-10
1078.00 2.0994e-08
1078.25 4.9558e-09
1078.50 2.0553e-09
1078.75 8.9400e-09
1079.00 3.7468e-09
1079.25 2.0398e-08
1079.50 2.4462e-08
1079.75 8.9825e-09
1080.00 -8.8351e-09
1080.25 -2.3708e-08
1080.50 -1.8280e-08
1080.75 1.4412e-08
1081.00 2.5854e-08
1081.25 7.4361e-09
1081.50 6.0059e-09
1081.75 1.2625e-08
1082.00 1.4276e-09
1082.25 -4.3619e-09
1082.50 4.0042e-09
1082.75 -1.3816e-09
1083.00 -1.3693e-08
1083.25 -4.3002e-09
1083.50 -1.9426e-09
1083.75 -1.8138e-08
1084.00 -1.0715e-08
1084.25 -3.0443e-08
1084.50 -3.5636e-08
1084.75 -5.2321e-09
1085.00 -3.7320e-09
1085.25 -3.6508e-09
1085.50 -1.9637e-10
1085.75 8.9404e-09
1086.00 1.0311e-08
1086.25 1.5191e-08
1086.50 2.0606e-08
1086.75 1.7860e-08
1087.00 1.7694e-08
1087.25 8.3405e-09
1087.50 2.1501e-08
1087.75 5.6816e-08
1088.00 7.0746e-08
1088.25 5.6464e-08
1088.50 3.0543e-08
1088.75 8.4978e-09
1089.00 2.3860e-08
1089.25 4.9883e-08
1089.50 2.8506e-08
1089.75 6.3132e-09
1090.00 1.1906e-08
1090.25 7.6552e-09
1090.50 1.4724e-08
1090.75 8.7425e-09
1091.00 -9.8718e-09
1091.25 5.1281e-09
1091.50 1.7666e-08
1091.75 2.1328e-08
1092.00 2.1966e-08
1092.25 6.8468e-09
1092.50 3.6950e-09
1092.75 1.5075e-08
1093.00 6.3796e-09
1093.25 1.5380e-08
1093.50 2.2482e-08
1093.75 9.8695e-09
1094.00 1.3656e-08
1094.25 1.3129e-08
1094.50 5.9085e-09
1094.75 1.1014e-08
1095.00 1.7248e-08
1095.25 2.2619e-08
1095.50 4.2247e-08
1095.75 6.0085e-08
1096.00 6.3052e-08
1096.25 4.3913e-08
1096.50 3.0798e-08
1096.75 1.5659e-08
1097.00 -1.1954e-08
1097.25 -1.8671e-08
1097.50 9.1876e-09
1097.75 1.6707e-08
1098.00 -1.3154e-09
1098.25 2.0446e-08
1098.50 2.5481e-08
1098.75 -1.1115e-08
1099.00 -3.0939e-09
1099.25 2.6490e-08
1099.50 3.0953e-08
1099.75 1.6322e-08
1100.00 -2.6716e-09
1100.25 1.8718e-08
1100.50 1.5785e-08
1100.75 -1.0353e-08
1101.00 -2.6290e-09
1101.25 5.8380e-09
1101.50 -6.8574e-09
1101.75 -1.3075e-08
1102.00 9.7692e-09
1102.25 1.8902e-08
1102.50 -1.4001e-08
1102.75 -3.6988e-08
1103.00 -7.5306e-09
1103.25 1.9538e-08
1103.50 1.0803e-08
1103.75 2.3804e-08
1104.00 3.8681e-08
1104.25 3.5340e-08
1104.50 5.1647e-08
1104.75 5.6722e-08
1105.00 3.5438e-08
1105.25 7.2190e-09
1105.50 1.0206e-08
1105.75 1.6491e-08
1106.00 1.9817e-08
1106.25 3.2601e-08
1106.50 2.6921e-08
1106.75 -1.5371e-08
1107.00 -4.4239e-08
1107.25 -2.2459e-08
1107.50 -6.7013e-09
1107.75 -5.6952e-09
1108.00 -9.3044e-09
1108.25 7.9306e-09
1108.50 1.8809e-08
1108.75 -4.3996e-09
1109.00 -2.3053e-08
1109.25 -1.8452e-08
1109.50 1.4005e-08
1109.75 2.3650e-08
1110.00 4.3783e-09
1110.25 -2.9501e-11
1110.50 1.7060e-09
1110.75 1.9887e-08
1111.00 3.0062e-08
1111.25 3.6724e-08
1111.50 3.1279e-08
1111.75 1.6406e-08
1112.00 8.6071e-09
1112.25 7.9508e-09
1112.50 2.0950e-08
1112.75 2.7125e-08
1113.00 3.2326e-08
1113.25 1.1754e-08
1113.50 2.1663e-09
1113.75 3.3690e-09
1114.00 -8.7647e-09
1114.25 1.2951e-08
1114.50 3.5107e-08
1114.75 2.1501e-08
1115.00 -6.0045e-09
1115.25 -5.7366e-09
1115.50 2.2350e-08
1115.75 3.2901e-09
1116.00 -1.4417e-08
1116.25 1.7286e-09
1116.50 2.9794e-08
1116.75 3.0515e-08
1117.00 2.2133e-08
1117.25 1.9386e-08
1117.50 2.7569e-09
1117.75 -3.2059e-08
1118.00 -8.1465e-08
1118.25 -5.2686e-08
1118.50 -1.1124e-08
1118.75 1.7893e-08
1119.00 5.3898e-09
1119.25 -3.4726e-08
1119.50 -1.8928e-08
1119.75 1.2494e-08
1120.00 2.2906e-08
1120.25 2.1978e-08
1120.50 2.3825e-08
1120.75 1.4123e-08
1121.00 -2.3537e-08
1121.25 -2.0866e-08
1121.50 9.8731e-09
1121.75 3.2489e-08
1122.00 2.1120e-08
1122.25 -8.9998e-09
1122.50 1.5696e-08
1122.75 1.9150e-08
1123.00 1.8541e-08
1123.25 1.7365e-08
1123.50 2.8731e-08
1123.75 3.6424e-08
1124.00 4.6897e-08
1124.25 2.8617e-08
1124.50 -3.5373e-08
1124.75 -5.8061e-08
1125.00 -2.5906e-08
