# Spectrum from Mathe et al. 2019
2221
169
 570.00 7.2793e-08
 570.25 8.5462e-08
 570.50 7.0422e-08
 570.75 3.9820e-08
 571.00 4.4368e-08
 571.25 6.5239e-08
 571.50 7.1755e-08
 571.75 6.5414e-08
 572.00 4.6362e-08
 572.25 5.4325e-08
 572.50 8.6853e-08
 572.75 1.0290e-07
 573.00 1.1516e-07
 573.25 1.0490e-07
 573.50 1.1166e-07
 573.75 1.1501e-08
 574.00 -8.1749e-08
 574.25 -2.7466e-08
 574.50 1.9278e-08
 574.75 6.4795e-08
 575.00 7.9872e-08
 575.25 5.5807e-08
 575.50 5.1600e-08
 575.75 7.2708e-08
 576.00 7.6966e-08
 576.25 6.8001e-08
 576.50 4.9642e-08
 576.75 4.6921e-08
 577.00 4.9547e-08
 577.25 4.4440e-08
 577.50 4.7304e-08
 577.75 4.7524e-08
 578.00 5.2097e-08
 578.25 4.7026e-08
 578.50 4.4482e-08
 578.75 5.2274e-08
 579.00 5.7238e-08
 579.25 4.9954e-08
 579.50 4.8152e-08
 579.75 5.3187e-08
 580.00 5.6799e-08
 580.25 5.1478e-08
 580.50 4.4895e-08
 580.75 4.5568e-08
 581.00 4.9008e-08
 581.25 4.5164e-08
 581.50 4.1763e-08
 581.75 4.7355e-08
 582.00 4.9597e-08
 582.25 5.0050e-08
 582.50 5.1547e-08
 582.75 6.1446e-08
 583.00 6.9479e-08
 583.25 6.4334e-08
 583.50 5.2750e-08
 583.75 5.0533e-08
 584.00 4.9801e-08
 584.25 4.7423e-08
 584.50 4.5879e-08
 584.75 4.1884e-08
 585.00 4.0394e-08
 585.25 3.8936e-08
 585.50 4.0323e-08
 585.75 4.0192e-08
 586.00 3.7880e-08
 586.25 4.0847e-08
 586.50 4.3193e-08
 586.75 4.2750e-08
 587.00 4.2001e-08
 587.25 3.9195e-08
 587.50 3.5523e-08
 587.75 3.6025e-08
 588.00 3.7691e-08
 588.25 3.7428e-08
 588.50 3.6830e-08
 588.75 3.4568e-08
 589.00 3.6736e-08
 589.25 3.9894e-08
 589.50 4.1123e-08
 589.75 4.1728e-08
 590.00 4.4424e-08
 590.25 4.6977e-08
 590.50 4.3745e-08
 590.75 3.8464e-08
 591.00 4.1132e-08
 591.25 4.7108e-08
 591.50 4.7168e-08
 591.75 4.6099e-08
 592.00 3.9624e-08
 592.25 3.5049e-08
 592.50 3.9195e-08
 592.75 4.3568e-08
 593.00 4.3982e-08
 593.25 4.6917e-08
 593.50 5.0362e-08
 593.75 4.6521e-08
 594.00 4.3677e-08
 594.25 4.7809e-08
 594.50 5.0264e-08
 594.75 4.5115e-08
 595.00 3.7546e-08
 595.25 4.0506e-08
 595.50 4.8540e-08
 595.75 4.8243e-08
 596.00 4.8581e-08
 596.25 4.5495e-08
 596.50 3.9736e-08
 596.75 4.2407e-08
 597.00 4.4715e-08
 597.25 3.7518e-08
 597.50 3.6222e-08
 597.75 4.7905e-08
 598.00 5.1932e-08
 598.25 5.1392e-08
 598.50 5.0899e-08
 598.75 4.4578e-08
 599.00 4.4353e-08
 599.25 4.4937e-08
 599.50 3.9727e-08
 599.75 4.1530e-08
 600.00 4.6503e-08
 600.25 4.4984e-08
 600.50 4.0835e-08
 600.75 3.7506e-08
 601.00 3.8701e-08
 601.25 4.0957e-08
 601.50 3.8872e-08
 601.75 3.6148e-08
 602.00 3.6249e-08
 602.25 4.1402e-08
 602.50 4.6704e-08
 602.75 4.5285e-08
 603.00 4.1176e-08
 603.25 4.1090e-08
 603.50 3.7784e-08
 603.75 3.5568e-08
 604.00 3.4323e-08
 604.25 3.5453e-08
 604.50 3.7411e-08
 604.75 3.4706e-08
 605.00 3.5424e-08
 605.25 3.2072e-08
 605.50 3.5930e-08
 605.75 4.3781e-08
 606.00 4.4568e-08
 606.25 4.4229e-08
 606.50 4.4671e-08
 606.75 4.3373e-08
 607.00 4.1477e-08
 607.25 4.4050e-08
 607.50 4.6202e-08
 607.75 4.4554e-08
 608.00 4.3101e-08
 608.25 4.5062e-08
 608.50 4.2431e-08
 608.75 3.7564e-08
 609.00 3.6877e-08
 609.25 3.7981e-08
 609.50 3.8206e-08
 609.75 4.1180e-08
 610.00 4.4789e-08
 610.25 4.3347e-08
 610.50 4.4538e-08
 610.75 4.6668e-08
 611.00 4.4359e-08
 611.25 4.5944e-08
 611.50 4.9723e-08
 611.75 5.3426e-08
 612.00 5.6176e-08
 612.25 5.6482e-08
 612.50 5.1976e-08
 612.75 4.9318e-08
 613.00 4.9174e-08
 613.25 4.6539e-08
 613.50 4.8956e-08
 613.75 4.9970e-08
 614.00 5.1820e-08
 614.25 5.6179e-08
 614.50 5.7638e-08
 614.75 5.5065e-08
 615.00 5.3317e-08
 615.25 5.2427e-08
 615.50 5.1424e-08
 615.75 5.2540e-08
 616.00 5.4471e-08
 616.25 5.1583e-08
 616.50 5.0459e-08
 616.75 5.1656e-08
 617.00 5.4838e-08
 617.25 5.8323e-08
 617.50 5.9827e-08
 617.75 6.2547e-08
 618.00 5.8530e-08
 618.25 5.7204e-08
 618.50 5.5936e-08
 618.75 5.9754e-08
 619.00 5.9577e-08
 619.25 6.0142e-08
 619.50 5.9448e-08
 619.75 5.6476e-08
 620.00 5.8967e-08
 620.25 5.9146e-08
 620.50 6.4400e-08
 620.75 6.1419e-08
 621.00 6.2450e-08
 621.25 6.0623e-08
 621.50 5.9187e-08
 621.75 6.0420e-08
 622.00 5.7748e-08
 622.25 6.3506e-08
 622.50 6.5862e-08
 622.75 6.9795e-08
 623.00 6.6496e-08
 623.25 6.4425e-08
 623.50 6.4275e-08
 623.75 5.8969e-08
 624.00 6.1721e-08
 624.25 6.0372e-08
 624.50 6.1085e-08
 624.75 6.1206e-08
 625.00 6.9002e-08
 625.25 7.0168e-08
 625.50 6.8741e-08
 625.75 7.1230e-08
 626.00 6.6203e-08
 626.25 6.5137e-08
 626.50 6.6145e-08
 626.75 8.2198e-08
 627.00 8.1519e-08
 627.25 7.5776e-08
 627.50 8.6725e-08
 627.75 1.7414e-07
 628.00 2.5371e-07
 628.25 1.8675e-07
 628.50 1.0800e-07
 628.75 8.2200e-08
 629.00 8.0707e-08
 629.25 7.8502e-08
 629.50 8.7106e-08
 629.75 9.3626e-08
 630.00 8.7007e-08
 630.25 8.6605e-08
 630.50 8.1508e-08
 630.75 9.6737e-08
 631.00 1.0052e-07
 631.25 1.2113e-07
 631.50 1.1988e-07
 631.75 1.0669e-07
 632.00 1.1118e-07
 632.25 1.1205e-07
 632.50 1.2827e-07
 632.75 1.1978e-07
 633.00 1.4531e-07
 633.25 1.4380e-07
 633.50 1.2897e-07
 633.75 1.1957e-07
 634.00 1.1403e-07
 634.25 1.2373e-07
 634.50 1.1541e-07
 634.75 1.3080e-07
 635.00 1.1171e-07
 635.25 1.0222e-07
 635.50 9.5396e-08
 635.75 8.8731e-08
 636.00 9.2014e-08
 636.25 8.7664e-08
 636.50 8.5109e-08
 636.75 7.0583e-08
 637.00 6.7268e-08
 637.25 6.5112e-08
 637.50 6.9770e-08
 637.75 6.8748e-08
 638.00 6.9624e-08
 638.25 6.7499e-08
 638.50 5.8225e-08
 638.75 5.7216e-08
 639.00 5.8506e-08
 639.25 6.3663e-08
 639.50 6.4255e-08
 639.75 6.6641e-08
 640.00 6.3128e-08
 640.25 6.0229e-08
 640.50 6.6525e-08
 640.75 6.4203e-08
 641.00 6.4870e-08
 641.25 6.1769e-08
 641.50 6.1072e-08
 641.75 5.9195e-08
 642.00 5.8704e-08
 642.25 6.0732e-08
 642.50 5.8957e-08
 642.75 6.5435e-08
 643.00 6.1733e-08
 643.25 5.9438e-08
 643.50 5.8507e-08
 643.75 6.1248e-08
 644.00 6.3142e-08
 644.25 6.4187e-08
 644.50 6.5639e-08
 644.75 5.6747e-08
 645.00 5.5009e-08
 645.25 5.6970e-08
 645.50 6.0263e-08
 645.75 5.9279e-08
 646.00 5.4499e-08
 646.25 5.1497e-08
 646.50 4.7647e-08
 646.75 5.4458e-08
 647.00 5.7205e-08
 647.25 5.7269e-08
 647.50 5.8583e-08
 647.75 5.5205e-08
 648.00 5.2850e-08
 648.25 5.0780e-08
 648.50 5.9065e-08
 648.75 6.4787e-08
 649.00 6.1025e-08
 649.25 4.9366e-08
 649.50 4.5065e-08
 649.75 5.0979e-08
 650.00 5.3957e-08
 650.25 5.2607e-08
 650.50 5.0427e-08
 650.75 5.2871e-08
 651.00 4.6638e-08
 651.25 4.0732e-08
 651.50 4.7690e-08
 651.75 5.6489e-08
 652.00 5.3735e-08
 652.25 4.1977e-08
 652.50 4.3869e-08
 652.75 5.4204e-08
 653.00 5.3909e-08
 653.25 5.1044e-08
 653.50 5.0191e-08
 653.75 4.7835e-08
 654.00 4.6145e-08
 654.25 4.5703e-08
 654.50 4.1461e-08
 654.75 4.2745e-08
 655.00 4.7855e-08
 655.25 4.2611e-08
 655.50 3.9294e-08
 655.75 4.3876e-08
 656.00 4.3107e-08
 656.25 4.5199e-08
 656.50 5.0523e-08
 656.75 4.6023e-08
 657.00 3.7843e-08
 657.25 3.4792e-08
 657.50 3.4708e-08
 657.75 4.3409e-08
 658.00 5.5053e-08
 658.25 5.2698e-08
 658.50 5.3123e-08
 658.75 5.8217e-08
 659.00 4.9712e-08
 659.25 3.7616e-08
 659.50 4.2588e-08
 659.75 4.7268e-08
 660.00 4.1006e-08
 660.25 3.5228e-08
 660.50 3.6379e-08
 660.75 4.6060e-08
 661.00 5.5697e-08
 661.25 5.1215e-08
 661.50 4.7313e-08
 661.75 5.3711e-08
 662.00 4.7333e-08
 662.25 4.1451e-08
 662.50 5.2354e-08
 662.75 5.2637e-08
 663.00 4.3232e-08
 663.25 4.8499e-08
 663.50 4.9781e-08
 663.75 4.5306e-08
 664.00 4.5228e-08
 664.25 4.8370e-08
 664.50 5.3026e-08
 664.75 5.6072e-08
 665.00 4.8707e-08
 665.25 4.5128e-08
 665.50 5.5293e-08
 665.75 5.5454e-08
 666.00 4.1936e-08
 666.25 3.5820e-08
 666.50 3.7768e-08
 666.75 4.3242e-08
 667.00 4.9062e-08
 667.25 8.6206e-08
 667.50 1.5092e-07
 667.75 1.4666e-07
 668.00 1.0232e-07
 668.25 7.4838e-08
 668.50 6.1277e-08
 668.75 5.1244e-08
 669.00 4.2095e-08
 669.25 3.9406e-08
 669.50 3.9085e-08
 669.75 4.1229e-08
 670.00 4.4535e-08
 670.25 5.6582e-08
 670.50 6.3891e-08
 670.75 5.3386e-08
 671.00 4.2710e-08
 671.25 4.6468e-08
 671.50 4.2407e-08
 671.75 3.7547e-08
 672.00 3.9087e-08
 672.25 3.8099e-08
 672.50 4.2841e-08
 672.75 5.4918e-08
 673.00 5.4455e-08
 673.25 5.7948e-08
 673.50 6.7270e-08
 673.75 5.3959e-08
 674.00 4.0305e-08
 674.25 4.6011e-08
 674.50 4.7880e-08
 674.75 5.0322e-08
 675.00 6.1675e-08
 675.25 5.5364e-08
 675.50 4.4482e-08
 675.75 3.8721e-08
 676.00 4.1157e-08
 676.25 5.2802e-08
 676.50 6.5162e-08
 676.75 5.4916e-08
 677.00 4.6084e-08
 677.25 5.9492e-08
 677.50 6.8132e-08
 677.75 7.2354e-08
 678.00 7.1987e-08
 678.25 6.4861e-08
 678.50 5.5703e-08
 678.75 5.2220e-08
 679.00 5.4894e-08
 679.25 6.6437e-08
 679.50 8.8439e-08
 679.75 9.2001e-08
 680.00 6.3446e-08
 680.25 4.1348e-08
 680.50 4.3987e-08
 680.75 5.0639e-08
 681.00 4.2457e-08
 681.25 4.0088e-08
 681.50 4.3209e-08
 681.75 4.9294e-08
 682.00 7.7328e-08
 682.25 9.7652e-08
 682.50 7.5905e-08
 682.75 4.7032e-08
 683.00 4.2263e-08
 683.25 4.2614e-08
 683.50 4.0831e-08
 683.75 4.9228e-08
 684.00 6.2333e-08
 684.25 8.8003e-08
 684.50 1.0401e-07
 684.75 6.8241e-08
 685.00 4.7961e-08
 685.25 6.3102e-08
 685.50 7.0251e-08
 685.75 5.2039e-08
 686.00 3.9422e-08
 686.25 4.5356e-08
 686.50 6.7033e-08
 686.75 8.9572e-08
 687.00 6.8642e-08
 687.25 3.9190e-08
 687.50 3.6619e-08
 687.75 3.8864e-08
 688.00 3.7047e-08
 688.25 6.0783e-08
 688.50 7.1918e-08
 688.75 6.8629e-08
 689.00 1.0321e-07
 689.25 1.0100e-07
 689.50 4.9004e-08
 689.75 4.0663e-08
 690.00 4.5667e-08
 690.25 4.3562e-08
 690.50 4.4074e-08
 690.75 5.2509e-08
 691.00 7.4395e-08
 691.25 1.0788e-07
 691.50 1.2208e-07
 691.75 6.9328e-08
 692.00 4.0022e-08
 692.25 4.6591e-08
 692.50 4.7970e-08
 692.75 4.5014e-08
 693.00 5.0185e-08
 693.25 6.4401e-08
 693.50 9.1146e-08
 693.75 1.4558e-07
 694.00 1.3113e-07
 694.25 7.8181e-08
 694.50 6.1590e-08
 694.75 5.1478e-08
 695.00 4.9977e-08
 695.25 5.0860e-08
 695.50 6.5084e-08
 695.75 7.3814e-08
 696.00 1.0116e-07
 696.25 1.1685e-07
 696.50 7.6672e-08
 696.75 6.9532e-08
 697.00 8.3953e-08
 697.25 8.4077e-08
 697.50 6.3417e-08
 697.75 6.2644e-08
 698.00 7.4833e-08
 698.25 1.0873e-07
 698.50 1.6939e-07
 698.75 1.2655e-07
 699.00 6.0588e-08
 699.25 6.8208e-08
 699.50 7.6904e-08
 699.75 6.7369e-08
 700.00 8.4013e-08
 700.25 1.0055e-07
 700.50 8.9541e-08
 700.75 1.1512e-07
 701.00 1.1419e-07
 701.25 7.5805e-08
 701.50 6.7307e-08
 701.75 5.7179e-08
 702.00 5.1245e-08
 702.25 5.2233e-08
 702.50 6.2428e-08
 702.75 8.1566e-08
 703.00 1.4959e-07
 703.25 2.0338e-07
 703.50 1.2731e-07
 703.75 5.6379e-08
 704.00 4.7147e-08
 704.25 4.0982e-08
 704.50 4.9284e-08
 704.75 6.1597e-08
 705.00 7.4220e-08
 705.25 9.9345e-08
 705.50 1.3771e-07
 705.75 1.3719e-07
 706.00 1.1385e-07
 706.25 9.4016e-08
 706.50 6.4711e-08
 706.75 5.9351e-08
 707.00 6.5105e-08
 707.25 7.8587e-08
 707.50 9.5703e-08
 707.75 1.5104e-07
 708.00 1.9793e-07
 708.25 1.2001e-07
 708.50 4.6504e-08
 708.75 4.4186e-08
 709.00 4.5852e-08
 709.25 5.6513e-08
 709.50 6.3341e-08
 709.75 7.9214e-08
 710.00 1.0478e-07
 710.25 1.4845e-07
 710.50 1.3192e-07
 710.75 6.9402e-08
 711.00 6.8413e-08
 711.25 7.8598e-08
 711.50 8.1335e-08
 711.75 1.2208e-07
 712.00 2.5149e-07
 712.25 3.1620e-07
 712.50 3.1021e-07
 712.75 2.9497e-07
 713.00 1.8712e-07
 713.25 1.1538e-07
 713.50 9.9703e-08
 713.75 9.0800e-08
 714.00 9.2400e-08
 714.25 1.0510e-07
 714.50 1.3606e-07
 714.75 1.6132e-07
 715.00 1.8817e-07
 715.25 1.4706e-07
 715.50 8.3862e-08
 715.75 6.9491e-08
 716.00 9.5300e-08
 716.25 1.6355e-07
 716.50 1.5232e-07
 716.75 9.8235e-08
 717.00 9.9489e-08
 717.25 1.6871e-07
 717.50 1.8375e-07
 717.75 1.0024e-07
 718.00 6.4055e-08
 718.25 4.8048e-08
 718.50 4.2515e-08
 718.75 5.7036e-08
 719.00 8.0366e-08
 719.25 9.5379e-08
 719.50 1.2970e-07
 719.75 2.0557e-07
 720.00 1.7990e-07
 720.25 8.1912e-08
 720.50 5.8393e-08
 720.75 7.9736e-08
 721.00 8.1325e-08
 721.25 7.0038e-08
 721.50 6.9798e-08
 721.75 9.3281e-08
 722.00 1.4887e-07
 722.25 1.3592e-07
 722.50 7.0023e-08
 722.75 5.6948e-08
 723.00 5.6627e-08
 723.25 6.3636e-08
 723.50 8.0786e-08
 723.75 1.0268e-07
 724.00 9.5251e-08
 724.25 9.3478e-08
 724.50 1.0013e-07
 724.75 7.1387e-08
 725.00 5.5343e-08
 725.25 5.8465e-08
 725.50 6.4008e-08
 725.75 6.4973e-08
 726.00 6.9668e-08
 726.25 6.6470e-08
 726.50 7.4206e-08
 726.75 8.9199e-08
 727.00 8.3630e-08
 727.25 7.5091e-08
 727.50 7.5862e-08
 727.75 7.7137e-08
 728.00 1.2073e-07
 728.25 2.3502e-07
 728.50 2.8159e-07
 728.75 2.7167e-07
 729.00 4.5811e-07
 729.25 7.7031e-07
 729.50 8.4086e-07
 729.75 6.9052e-07
 730.00 5.3545e-07
 730.25 4.2544e-07
 730.50 3.4557e-07
 730.75 2.9966e-07
 731.00 3.3909e-07
 731.25 3.4542e-07
 731.50 2.7853e-07
 731.75 2.0791e-07
 732.00 1.5098e-07
 732.25 1.2879e-07
 732.50 1.3418e-07
 732.75 1.4121e-07
 733.00 1.2165e-07
 733.25 1.0877e-07
 733.50 1.2133e-07
 733.75 1.8986e-07
 734.00 1.8893e-07
 734.25 9.4972e-08
 734.50 6.4554e-08
 734.75 7.3380e-08
 735.00 9.0811e-08
 735.25 9.4648e-08
 735.50 1.0408e-07
 735.75 1.1792e-07
 736.00 1.3798e-07
 736.25 1.5919e-07
 736.50 1.0611e-07
 736.75 6.7747e-08
 737.00 6.4911e-08
 737.25 7.6502e-08
 737.50 9.3664e-08
 737.75 8.6485e-08
 738.00 9.5230e-08
 738.25 1.3783e-07
 738.50 2.1542e-07
 738.75 1.8147e-07
 739.00 9.5714e-08
 739.25 8.7145e-08
 739.50 8.7919e-08
 739.75 8.9354e-08
 740.00 7.4567e-08
 740.25 8.2377e-08
 740.50 1.2477e-07
 740.75 1.7268e-07
 741.00 1.8151e-07
 741.25 1.3329e-07
 741.50 1.0764e-07
 741.75 9.7878e-08
 742.00 1.0032e-07
 742.25 9.1857e-08
 742.50 7.2802e-08
 742.75 9.0922e-08
 743.00 1.5431e-07
 743.25 2.3837e-07
 743.50 1.8787e-07
 743.75 9.6165e-08
 744.00 8.7071e-08
 744.25 1.0551e-07
 744.50 1.0629e-07
 744.75 8.2778e-08
 745.00 9.1527e-08
 745.25 1.2848e-07
 745.50 1.8192e-07
 745.75 1.6236e-07
 746.00 9.7081e-08
 746.25 8.4480e-08
 746.50 1.0286e-07
 746.75 1.0488e-07
 747.00 9.9138e-08
 747.25 1.2425e-07
 747.50 1.6407e-07
 747.75 2.4238e-07
 748.00 3.0401e-07
 748.25 2.3437e-07
 748.50 1.3798e-07
 748.75 1.1466e-07
 749.00 1.0947e-07
 749.25 9.5038e-08
 749.50 9.4019e-08
 749.75 1.0564e-07
 750.00 1.3472e-07
 750.25 1.8736e-07
 750.50 1.6325e-07
 750.75 1.0663e-07
 751.00 1.0296e-07
 751.25 1.0417e-07
 751.50 8.8287e-08
 751.75 7.6499e-08
 752.00 8.4413e-08
 752.25 1.0681e-07
 752.50 1.8140e-07
 752.75 2.0307e-07
 753.00 1.1680e-07
 753.25 1.0221e-07
 753.50 1.1378e-07
 753.75 7.8965e-08
 754.00 6.7022e-08
 754.25 7.0819e-08
 754.50 9.3775e-08
 754.75 1.3325e-07
 755.00 1.6557e-07
 755.25 1.2335e-07
 755.50 8.8150e-08
 755.75 1.0011e-07
 756.00 9.2873e-08
 756.25 9.3143e-08
 756.50 8.0929e-08
 756.75 8.3192e-08
 757.00 1.2047e-07
 757.25 1.8929e-07
 757.50 1.8624e-07
 757.75 1.0439e-07
 758.00 8.7432e-08
 758.25 8.4900e-08
 758.50 7.5806e-08
 758.75 7.8610e-08
 759.00 8.6983e-08
 759.25 1.0258e-07
 759.50 1.2952e-07
 759.75 1.4690e-07
 760.00 1.1925e-07
 760.25 1.0582e-07
 760.50 9.2619e-08
 760.75 7.8008e-08
 761.00 8.2550e-08
 761.25 8.3816e-08
 761.50 8.6662e-08
 761.75 1.2630e-07
 762.00 1.8602e-07
 762.25 1.5567e-07
 762.50 9.7915e-08
 762.75 8.8864e-08
 763.00 8.2832e-08
 763.25 8.6925e-08
 763.50 8.3571e-08
 763.75 8.8204e-08
 764.00 1.0484e-07
 764.25 1.3568e-07
 764.50 1.4470e-07
 764.75 1.3579e-07
 765.00 1.4152e-07
 765.25 6.9308e-08
 765.50 3.8634e-08
 765.75 7.3875e-08
 766.00 8.7225e-08
 766.25 9.8867e-08
 766.50 1.2366e-07
 766.75 1.4813e-07
 767.00 1.1846e-07
 767.25 8.9433e-08
 767.50 8.3573e-08
 767.75 8.7314e-08
 768.00 8.9665e-08
 768.25 8.8192e-08
 768.50 9.0518e-08
 768.75 1.0065e-07
 769.00 1.2075e-07
 769.25 1.1427e-07
 769.50 8.9141e-08
 769.75 8.2560e-08
 770.00 8.7645e-08
 770.25 8.7594e-08
 770.50 8.6056e-08
 770.75 9.4361e-08
 771.00 9.8784e-08
 771.25 1.1834e-07
 771.50 1.3649e-07
 771.75 1.0952e-07
 772.00 9.1036e-08
 772.25 8.6726e-08
 772.50 7.3420e-08
 772.75 6.3307e-08
 773.00 7.1635e-08
 773.25 8.4652e-08
 773.50 9.7486e-08
 773.75 1.1221e-07
 774.00 1.0348e-07
 774.25 8.3508e-08
 774.50 7.8110e-08
 774.75 7.8936e-08
 775.00 8.4386e-08
 775.25 9.1896e-08
 775.50 9.4800e-08
 775.75 1.0810e-07
 776.00 1.2333e-07
 776.25 1.1547e-07
 776.50 9.0282e-08
 776.75 8.4864e-08
 777.00 9.0297e-08
 777.25 8.0593e-08
 777.50 7.4157e-08
 777.75 8.8750e-08
 778.00 1.0447e-07
 778.25 1.1072e-07
 778.50 1.0233e-07
 778.75 8.0897e-08
 779.00 8.1231e-08
 779.25 9.6887e-08
 779.50 1.0292e-07
 779.75 9.8211e-08
 780.00 9.1346e-08
 780.25 9.1945e-08
 780.50 1.0092e-07
 780.75 1.1639e-07
 781.00 9.9526e-08
 781.25 7.9951e-08
 781.50 9.3102e-08
 781.75 9.7467e-08
 782.00 9.3756e-08
 782.25 8.4855e-08
 782.50 8.1699e-08
 782.75 8.5597e-08
 783.00 9.5034e-08
 783.25 9.7889e-08
 783.50 9.0846e-08
 783.75 8.2861e-08
 784.00 7.6784e-08
 784.25 8.1035e-08
 784.50 8.5275e-08
 784.75 8.3637e-08
 785.00 8.3139e-08
 785.25 1.0172e-07
 785.50 1.1093e-07
 785.75 9.7663e-08
 786.00 8.8639e-08
 786.25 8.7178e-08
 786.50 8.9345e-08
 786.75 9.0392e-08
 787.00 8.7338e-08
 787.25 8.6497e-08
 787.50 8.6621e-08
 787.75 9.3109e-08
 788.00 9.6277e-08
 788.25 9.3538e-08
 788.50 9.0202e-08
 788.75 8.1841e-08
 789.00 8.7798e-08
 789.25 9.5425e-08
 789.50 8.9303e-08
 789.75 8.9439e-08
 790.00 1.0204e-07
 790.25 1.0290e-07
 790.50 9.0180e-08
 790.75 8.7544e-08
 791.00 9.4416e-08
 791.25 1.0432e-07
 791.50 1.1936e-07
 791.75 1.1567e-07
 792.00 9.5463e-08
 792.25 9.0563e-08
 792.50 8.6097e-08
 792.75 8.6378e-08
 793.00 9.5603e-08
 793.25 9.6264e-08
 793.50 1.0332e-07
 793.75 1.1212e-07
 794.00 1.2359e-07
 794.25 1.2149e-07
 794.50 1.0310e-07
 794.75 1.0201e-07
 795.00 1.0487e-07
 795.25 1.0172e-07
 795.50 1.0309e-07
 795.75 1.1142e-07
 796.00 1.1930e-07
 796.25 1.1906e-07
 796.50 1.1155e-07
 796.75 9.9679e-08
 797.00 9.1236e-08
 797.25 9.6582e-08
 797.50 9.6016e-08
 797.75 9.6319e-08
 798.00 1.0434e-07
 798.25 1.0881e-07
 798.50 1.2667e-07
 798.75 1.5129e-07
 799.00 1.6246e-07
 799.25 1.4873e-07
 799.50 1.1306e-07
 799.75 9.8938e-08
 800.00 8.8599e-08
 800.25 6.5872e-08
 800.50 8.8134e-08
 800.75 1.1528e-07
 801.00 1.3096e-07
 801.25 1.5976e-07
 801.50 1.6853e-07
 801.75 1.3848e-07
 802.00 1.0986e-07
 802.25 1.0828e-07
 802.50 1.0810e-07
 802.75 8.8882e-08
 803.00 7.5665e-08
 803.25 1.0872e-07
 803.50 1.4334e-07
 803.75 1.6216e-07
 804.00 1.7150e-07
 804.25 1.2693e-07
 804.50 8.5007e-08
 804.75 1.0879e-07
 805.00 1.2054e-07
 805.25 9.6092e-08
 805.50 7.8409e-08
 805.75 9.4546e-08
 806.00 1.4505e-07
 806.25 1.9886e-07
 806.50 2.3337e-07
 806.75 1.8836e-07
 807.00 8.9521e-08
 807.25 7.0541e-08
 807.50 1.1022e-07
 807.75 1.1427e-07
 808.00 8.8454e-08
 808.25 8.4599e-08
 808.50 1.1459e-07
 808.75 1.6363e-07
 809.00 2.2440e-07
 809.25 2.0602e-07
 809.50 1.1280e-07
 809.75 6.7120e-08
 810.00 8.8225e-08
 810.25 1.2719e-07
 810.50 1.2556e-07
 810.75 9.4041e-08
 811.00 1.0250e-07
 811.25 1.4154e-07
 811.50 2.2195e-07
 811.75 2.6789e-07
 812.00 1.6280e-07
 812.25 6.8050e-08
 812.50 6.7852e-08
 812.75 9.3664e-08
 813.00 1.3675e-07
 813.25 1.3059e-07
 813.50 1.0919e-07
 813.75 1.2817e-07
 814.00 1.7910e-07
 814.25 2.6691e-07
 814.50 2.3690e-07
 814.75 9.6924e-08
 815.00 4.4968e-08
 815.25 6.0234e-08
 815.50 9.8199e-08
 815.75 1.2908e-07
 816.00 1.1377e-07
 816.25 1.2753e-07
 816.50 1.6299e-07
 816.75 2.3344e-07
 817.00 2.8407e-07
 817.25 1.8530e-07
 817.50 7.3536e-08
 817.75 5.4905e-08
 818.00 7.5292e-08
 818.25 1.2223e-07
 818.50 1.4828e-07
 818.75 1.3484e-07
 819.00 1.3314e-07
 819.25 1.7035e-07
 819.50 2.5928e-07
 819.75 2.6066e-07
 820.00 1.3489e-07
 820.25 5.1210e-08
 820.50 4.8850e-08
 820.75 7.1849e-08
 821.00 1.1069e-07
 821.25 1.2593e-07
 821.50 1.1248e-07
 821.75 9.7084e-08
 822.00 1.7044e-07
 822.25 3.1804e-07
 822.50 2.6116e-07
 822.75 9.3744e-08
 823.00 3.9748e-08
 823.25 5.0605e-08
 823.50 9.7334e-08
 823.75 1.4377e-07
 824.00 1.4469e-07
 824.25 1.4545e-07
 824.50 1.8679e-07
 824.75 2.7442e-07
 825.00 2.8641e-07
 825.25 1.4949e-07
 825.50 5.6122e-08
 825.75 5.2449e-08
 826.00 7.7861e-08
 826.25 1.2600e-07
 826.50 1.3731e-07
 826.75 1.2501e-07
 827.00 1.4843e-07
 827.25 2.1112e-07
 827.50 2.6838e-07
 827.75 1.9370e-07
 828.00 7.7071e-08
 828.25 5.5907e-08
 828.50 6.3429e-08
 828.75 9.4521e-08
 829.00 1.3080e-07
 829.25 1.3059e-07
 829.50 1.3456e-07
 829.75 1.6441e-07
 830.00 2.3907e-07
 830.25 2.6464e-07
 830.50 1.3515e-07
 830.75 4.5910e-08
 831.00 4.8721e-08
 831.25 8.0386e-08
 831.50 1.3324e-07
 831.75 1.2334e-07
 832.00 9.5771e-08
 832.25 1.1802e-07
 832.50 1.8645e-07
 832.75 2.8672e-07
 833.00 2.3964e-07
 833.25 8.0925e-08
 833.50 3.9013e-08
 833.75 6.5415e-08
 834.00 1.2406e-07
 834.25 1.4295e-07
 834.50 1.0292e-07
 834.75 9.9494e-08
 835.00 1.4258e-07
 835.25 2.1510e-07
 835.50 2.5020e-07
 835.75 1.6934e-07
 836.00 6.9777e-08
 836.25 6.0038e-08
 836.50 1.0199e-07
 836.75 1.3227e-07
 837.00 1.0587e-07
 837.25 8.1953e-08
 837.50 1.0324e-07
 837.75 1.6426e-07
 838.00 2.2760e-07
 838.25 2.2614e-07
 838.50 1.4099e-07
 838.75 6.5571e-08
 839.00 7.4146e-08
 839.25 1.1928e-07
 839.50 1.2538e-07
 839.75 8.8041e-08
 840.00 7.2880e-08
 840.25 1.1206e-07
 840.50 1.7717e-07
 840.75 2.0259e-07
 841.00 1.6924e-07
 841.25 1.0512e-07
 841.50 8.1587e-08
 841.75 1.0424e-07
 842.00 1.1612e-07
 842.25 9.8368e-08
 842.50 7.1844e-08
 842.75 8.3724e-08
 843.00 1.2691e-07
 843.25 1.6891e-07
 843.50 1.7713e-07
 843.75 1.4805e-07
 844.00 1.0979e-07
 844.25 9.1779e-08
 844.50 1.0984e-07
 844.75 1.1831e-07
 845.00 9.2360e-08
 845.25 8.0628e-08
 845.50 1.0352e-07
 845.75 1.3157e-07
 846.00 1.4927e-07
 846.25 1.3506e-07
 846.50 1.1581e-07
 846.75 1.0770e-07
 847.00 9.2078e-08
 847.25 9.8148e-08
 847.50 9.7631e-08
 847.75 8.5349e-08
 848.00 8.4734e-08
 848.25 1.0433e-07
 848.50 1.3790e-07
 848.75 1.4210e-07
 849.00 1.2616e-07
 849.25 1.1305e-07
 849.50 1.0176e-07
 849.75 1.0004e-07
 850.00 1.0526e-07
 850.25 9.6929e-08
 850.50 7.8701e-08
 850.75 8.0017e-08
 851.00 1.0382e-07
 851.25 1.1635e-07
 851.50 1.0954e-07
 851.75 1.0090e-07
 852.00 9.1283e-08
 852.25 9.0226e-08
 852.50 9.4013e-08
 852.75 8.8816e-08
 853.00 7.9588e-08
 853.25 6.8991e-08
 853.50 7.7440e-08
 853.75 1.0196e-07
 854.00 1.1195e-07
 854.25 1.0224e-07
 854.50 9.0403e-08
 854.75 8.7978e-08
 855.00 9.7572e-08
 855.25 9.6861e-08
 855.50 8.4451e-08
 855.75 7.9293e-08
 856.00 6.9349e-08
 856.25 7.2710e-08
 856.50 8.1518e-08
 856.75 8.3594e-08
 857.00 8.3231e-08
 857.25 8.0318e-08
 857.50 8.7649e-08
 857.75 9.5783e-08
 858.00 8.9677e-08
 858.25 7.3585e-08
 858.50 6.7682e-08
 858.75 7.4228e-08
 859.00 8.2906e-08
 859.25 8.2979e-08
 859.50 7.6688e-08
 859.75 7.5296e-08
 860.00 7.5796e-08
 860.25 7.8641e-08
 860.50 8.0310e-08
 860.75 6.9305e-08
 861.00 6.0856e-08
 861.25 6.7405e-08
 861.50 7.1615e-08
 861.75 6.9684e-08
 862.00 7.5729e-08
 862.25 8.2215e-08
 862.50 7.8617e-08
 862.75 7.2162e-08
 863.00 7.1019e-08
 863.25 7.7814e-08
 863.50 7.9082e-08
 863.75 7.7692e-08
 864.00 7.5482e-08
 864.25 6.5428e-08
 864.50 6.0829e-08
 864.75 6.1390e-08
 865.00 6.8158e-08
 865.25 7.2600e-08
 865.50 6.7211e-08
 865.75 6.3570e-08
 866.00 5.9289e-08
 866.25 5.9226e-08
 866.50 6.6096e-08
 866.75 6.8133e-08
 867.00 6.6685e-08
 867.25 6.6074e-08
 867.50 6.6237e-08
 867.75 7.0425e-08
 868.00 7.4672e-08
 868.25 6.9786e-08
 868.50 5.8770e-08
 868.75 5.9792e-08
 869.00 6.1424e-08
 869.25 5.8196e-08
 869.50 6.1169e-08
 869.75 5.8606e-08
 870.00 5.9101e-08
 870.25 6.7511e-08
 870.50 6.5271e-08
 870.75 5.6989e-08
 871.00 5.0053e-08
 871.25 5.1075e-08
 871.50 5.9593e-08
 871.75 6.1762e-08
 872.00 6.0860e-08
 872.25 5.8686e-08
 872.50 5.8316e-08
 872.75 5.4775e-08
 873.00 5.2912e-08
 873.25 5.4480e-08
 873.50 5.3671e-08
 873.75 4.9639e-08
 874.00 4.6924e-08
 874.25 5.4724e-08
 874.50 6.3477e-08
 874.75 6.6632e-08
 875.00 6.3958e-08
 875.25 5.6018e-08
 875.50 5.2050e-08
 875.75 5.3978e-08
 876.00 5.3150e-08
 876.25 5.6407e-08
 876.50 5.7557e-08
 876.75 5.9044e-08
 877.00 5.6740e-08
 877.25 4.8957e-08
 877.50 4.6795e-08
 877.75 4.4174e-08
 878.00 4.7601e-08
 878.25 5.7994e-08
 878.50 6.4417e-08
 878.75 6.0871e-08
 879.00 4.4167e-08
 879.25 2.5574e-08
 879.50 2.9620e-08
 879.75 3.8374e-08
 880.00 4.0904e-08
 880.25 4.4898e-08
 880.50 4.7540e-08
 880.75 4.8063e-08
 881.00 4.4757e-08
 881.25 4.6610e-08
 881.50 4.8231e-08
 881.75 4.4167e-08
 882.00 4.2439e-08
 882.25 4.7042e-08
 882.50 5.0729e-08
 882.75 4.9174e-08
 883.00 5.0707e-08
 883.25 4.8001e-08
 883.50 4.1109e-08
 883.75 3.9844e-08
 884.00 3.8477e-08
 884.25 3.6953e-08
 884.50 3.9338e-08
 884.75 4.7686e-08
 885.00 5.2720e-08
 885.25 4.7103e-08
 885.50 4.3203e-08
 885.75 4.7543e-08
 886.00 5.3071e-08
 886.25 5.5145e-08
 886.50 5.0849e-08
 886.75 4.4429e-08
 887.00 3.8411e-08
 887.25 3.1992e-08
 887.50 2.9984e-08
 887.75 3.4183e-08
 888.00 3.4209e-08
 888.25 3.2994e-08
 888.50 4.0463e-08
 888.75 4.8770e-08
 889.00 4.3557e-08
 889.25 3.1971e-08
 889.50 3.4465e-08
 889.75 3.6122e-08
 890.00 3.1973e-08
 890.25 3.2867e-08
 890.50 4.3933e-08
 890.75 5.4541e-08
 891.00 4.8945e-08
 891.25 3.9076e-08
 891.50 3.9323e-08
 891.75 3.9086e-08
 892.00 4.1625e-08
 892.25 4.4814e-08
 892.50 4.4351e-08
 892.75 5.0684e-08
 893.00 4.8703e-08
 893.25 4.8326e-08
 893.50 4.6948e-08
 893.75 3.9856e-08
 894.00 3.1000e-08
 894.25 2.5431e-08
 894.50 3.2373e-08
 894.75 3.8762e-08
 895.00 3.9106e-08
 895.25 3.7810e-08
 895.50 3.8732e-08
 895.75 3.9144e-08
 896.00 4.4317e-08
 896.25 4.5531e-08
 896.50 3.7620e-08
 896.75 3.5956e-08
 897.00 4.0349e-08
 897.25 3.6722e-08
 897.50 3.3311e-08
 897.75 3.3630e-08
 898.00 3.1344e-08
 898.25 3.2063e-08
 898.50 2.9493e-08
 898.75 3.1128e-08
 899.00 3.5494e-08
 899.25 3.5554e-08
 899.50 3.2311e-08
 899.75 2.9019e-08
 900.00 3.5638e-08
 900.25 4.1190e-08
 900.50 4.0633e-08
 900.75 3.6153e-08
 901.00 3.0708e-08
 901.25 2.9837e-08
 901.50 3.3167e-08
 901.75 3.5811e-08
 902.00 4.0110e-08
 902.25 4.1805e-08
 902.50 3.7989e-08
 902.75 3.8494e-08
 903.00 3.2178e-08
 903.25 2.7869e-08
 903.50 3.3014e-08
 903.75 3.7914e-08
 904.00 4.6321e-08
 904.25 4.7381e-08
 904.50 3.8696e-08
 904.75 3.5098e-08
 905.00 3.1340e-08
 905.25 2.8828e-08
 905.50 3.4266e-08
 905.75 3.7418e-08
 906.00 3.8275e-08
 906.25 3.9391e-08
 906.50 4.0491e-08
 906.75 4.1558e-08
 907.00 4.0276e-08
 907.25 3.8169e-08
 907.50 3.7014e-08
 907.75 3.4899e-08
 908.00 2.8548e-08
 908.25 3.1097e-08
 908.50 4.4669e-08
 908.75 5.7320e-08
 909.00 6.7043e-08
 909.25 5.4590e-08
 909.50 3.9231e-08
 909.75 3.6842e-08
 910.00 3.0517e-08
 910.25 3.0663e-08
 910.50 3.5015e-08
 910.75 3.5037e-08
 911.00 3.4040e-08
 911.25 3.9025e-08
 911.50 4.6359e-08
 911.75 4.5966e-08
 912.00 4.2752e-08
 912.25 4.1396e-08
 912.50 3.9925e-08
 912.75 4.2029e-08
 913.00 3.9852e-08
 913.25 3.8493e-08
 913.50 3.6201e-08
 913.75 2.9715e-08
 914.00 3.2266e-08
 914.25 3.4834e-08
 914.50 3.9326e-08
 914.75 4.0557e-08
 915.00 3.5812e-08
 915.25 4.4050e-08
 915.50 6.2977e-08
 915.75 5.7582e-08
 916.00 3.4673e-08
 916.25 3.4886e-08
 916.50 4.8431e-08
 916.75 5.0378e-08
 917.00 4.0344e-08
 917.25 3.3349e-08
 917.50 3.3588e-08
 917.75 3.4875e-08
 918.00 3.5687e-08
 918.25 3.7886e-08
 918.50 3.9772e-08
 918.75 4.0776e-08
 919.00 3.7435e-08
 919.25 2.8890e-08
 919.50 2.3111e-08
 919.75 2.2027e-08
 920.00 2.4698e-08
 920.25 2.6830e-08
 920.50 2.2686e-08
 920.75 2.0312e-08
 921.00 2.3720e-08
 921.25 2.8680e-08
 921.50 4.2403e-08
 921.75 5.0723e-08
 922.00 4.6978e-08
 922.25 5.9013e-08
 922.50 7.4472e-08
 922.75 5.7820e-08
 923.00 3.0491e-08
 923.25 2.4690e-08
 923.50 3.5720e-08
 923.75 4.3175e-08
 924.00 3.9617e-08
 924.25 3.3396e-08
 924.50 3.2595e-08
 924.75 3.7710e-08
 925.00 3.9289e-08
 925.25 3.0282e-08
 925.50 2.4399e-08
 925.75 2.9549e-08
 926.00 2.4780e-08
 926.25 2.7817e-08
 926.50 4.2109e-08
 926.75 4.5588e-08
 927.00 3.9109e-08
 927.25 3.2553e-08
 927.50 3.3571e-08
 927.75 3.7028e-08
 928.00 3.9460e-08
 928.25 3.1738e-08
 928.50 2.3220e-08
 928.75 2.5123e-08
 929.00 3.6126e-08
 929.25 4.3955e-08
 929.50 4.3814e-08
 929.75 4.5215e-08
 930.00 4.4623e-08
 930.25 3.8460e-08
 930.50 3.2735e-08
 930.75 2.7565e-08
 931.00 2.8552e-08
 931.25 3.3482e-08
 931.50 3.5427e-08
 931.75 3.5963e-08
 932.00 3.3667e-08
 932.25 1.7231e-08
 932.50 9.5995e-09
 932.75 2.7596e-08
 933.00 3.3635e-08
 933.25 3.4337e-08
 933.50 3.1259e-08
 933.75 3.1146e-08
 934.00 3.5502e-08
 934.25 3.6339e-08
 934.50 3.6006e-08
 934.75 3.6518e-08
 935.00 3.4770e-08
 935.25 2.8993e-08
 935.50 2.9613e-08
 935.75 2.1606e-08
 936.00 1.9813e-08
 936.25 2.6600e-08
 936.50 3.1877e-08
 936.75 3.2334e-08
 937.00 3.2181e-08
 937.25 2.9455e-08
 937.50 3.2447e-08
 937.75 3.4990e-08
 938.00 2.7661e-08
 938.25 2.6399e-08
 938.50 2.5889e-08
 938.75 2.9935e-08
 939.00 3.2338e-08
 939.25 2.6102e-08
 939.50 2.5150e-08
 939.75 3.4724e-08
 940.00 3.7715e-08
 940.25 3.0725e-08
 940.50 2.6292e-08
 940.75 3.1123e-08
 941.00 2.8446e-08
 941.25 2.1248e-08
 941.50 1.6334e-08
 941.75 2.3587e-08
 942.00 3.2616e-08
 942.25 2.5277e-08
 942.50 2.0530e-08
 942.75 2.4667e-08
 943.00 2.4852e-08
 943.25 2.3321e-08
 943.50 2.8144e-08
 943.75 2.5381e-08
 944.00 2.5434e-08
 944.25 1.5068e-08
 944.50 1.9833e-08
 944.75 4.0598e-08
 945.00 4.0456e-08
 945.25 3.4408e-08
 945.50 2.8039e-08
 945.75 2.6315e-08
 946.00 3.0226e-08
 946.25 3.4152e-08
 946.50 2.9913e-08
 946.75 2.3378e-08
 947.00 2.5060e-08
 947.25 3.0111e-08
 947.50 3.2236e-08
 947.75 3.8432e-08
 948.00 4.3309e-08
 948.25 4.1147e-08
 948.50 3.6848e-08
 948.75 3.9277e-08
 949.00 4.2753e-08
 949.25 5.7385e-08
 949.50 6.4800e-08
 949.75 5.0039e-08
 950.00 3.8950e-08
 950.25 3.3213e-08
 950.50 3.0238e-08
 950.75 2.6180e-08
 951.00 2.8220e-08
 951.25 3.5810e-08
 951.50 3.9218e-08
 951.75 2.6229e-08
 952.00 2.3047e-08
 952.25 2.6941e-08
 952.50 2.3599e-08
 952.75 1.8616e-08
 953.00 1.0096e-08
 953.25 7.9195e-09
 953.50 1.0172e-08
 953.75 1.4555e-08
 954.00 1.9479e-08
 954.25 2.4361e-08
 954.50 1.9859e-08
 954.75 1.9319e-08
 955.00 2.4698e-08
 955.25 1.8453e-08
 955.50 4.6836e-09
 955.75 -6.4941e-09
 956.00 -2.3174e-08
 956.25 -1.4369e-08
 956.50 3.6297e-08
 956.75 6.2886e-08
 957.00 4.5172e-08
 957.25 2.8891e-08
 957.50 3.0794e-08
 957.75 3.3815e-08
 958.00 2.8565e-08
 958.25 2.7085e-08
 958.50 3.1763e-08
 958.75 2.7801e-08
 959.00 2.9118e-08
 959.25 3.4223e-08
 959.50 3.1969e-08
 959.75 2.9329e-08
 960.00 2.7652e-08
 960.25 2.6225e-08
 960.50 3.0078e-08
 960.75 3.3729e-08
 961.00 2.9547e-08
 961.25 2.0399e-08
 961.50 1.4261e-08
 961.75 1.3787e-08
 962.00 1.5092e-08
 962.25 1.6467e-08
 962.50 1.6564e-08
 962.75 1.3773e-08
 963.00 1.4853e-08
 963.25 2.8694e-08
 963.50 2.8278e-08
 963.75 1.5958e-08
 964.00 1.2902e-08
 964.25 1.4596e-08
 964.50 1.8865e-08
 964.75 2.6437e-08
 965.00 2.8817e-08
 965.25 2.3791e-08
 965.50 2.3710e-08
 965.75 1.8855e-08
 966.00 1.6381e-08
 966.25 2.4601e-08
 966.50 2.5103e-08
 966.75 1.5881e-08
 967.00 1.0200e-08
 967.25 1.8156e-08
 967.50 2.6870e-08
 967.75 2.5797e-08
 968.00 1.7468e-08
 968.25 1.6685e-08
 968.50 2.2837e-08
 968.75 1.7189e-08
 969.00 1.8430e-08
 969.25 2.8612e-08
 969.50 3.3033e-08
 969.75 3.2316e-08
 970.00 2.8453e-08
 970.25 2.1509e-08
 970.50 1.8705e-08
 970.75 2.2908e-08
 971.00 2.9251e-08
 971.25 3.3034e-08
 971.50 2.8086e-08
 971.75 2.1333e-08
 972.00 2.3951e-08
 972.25 2.4332e-08
 972.50 1.6160e-08
 972.75 1.8105e-08
 973.00 1.6705e-08
 973.25 1.6491e-08
 973.50 2.4561e-08
 973.75 2.5837e-08
 974.00 1.8948e-08
 974.25 1.9458e-08
 974.50 2.8571e-08
 974.75 2.6392e-08
 975.00 2.8269e-08
 975.25 3.5551e-08
 975.50 3.2904e-08
 975.75 2.2973e-08
 976.00 1.5988e-08
 976.25 1.7576e-08
 976.50 1.5448e-08
 976.75 7.6887e-09
 977.00 1.3012e-08
 977.25 2.4504e-08
 977.50 2.2156e-08
 977.75 1.4677e-08
 978.00 1.7747e-08
 978.25 3.0193e-08
 978.50 3.9977e-08
 978.75 4.3092e-08
 979.00 3.7465e-08
 979.25 1.9283e-08
 979.50 1.2542e-08
 979.75 1.6764e-08
 980.00 1.4622e-08
 980.25 1.7234e-08
 980.50 1.7201e-08
 980.75 1.3214e-08
 981.00 1.9388e-08
 981.25 2.0192e-08
 981.50 1.3558e-08
 981.75 1.9686e-08
 982.00 2.4842e-08
 982.25 2.3125e-08
 982.50 2.5721e-08
 982.75 2.4393e-08
 983.00 1.1777e-08
 983.25 8.8416e-09
 983.50 1.1744e-08
 983.75 1.2392e-08
 984.00 1.3610e-08
 984.25 1.1347e-08
 984.50 1.6013e-08
 984.75 1.7021e-08
 985.00 1.0962e-08
 985.25 1.4917e-08
 985.50 2.7646e-08
 985.75 2.1977e-08
 986.00 1.9643e-08
 986.25 2.5442e-08
 986.50 1.8712e-08
 986.75 1.5760e-08
 987.00 1.8208e-08
 987.25 2.5812e-08
 987.50 2.7451e-08
 987.75 3.2068e-08
 988.00 3.8767e-08
 988.25 2.9345e-08
 988.50 1.9223e-08
 988.75 1.7820e-08
 989.00 1.8802e-08
 989.25 1.3882e-08
 989.50 6.3164e-09
 989.75 1.2699e-08
 990.00 1.6711e-08
 990.25 1.1676e-08
 990.50 1.9764e-08
 990.75 2.2598e-08
 991.00 2.1202e-08
 991.25 2.2094e-08
 991.50 2.0183e-08
 991.75 2.3765e-08
 992.00 2.0161e-08
 992.25 8.9292e-09
 992.50 8.7472e-09
 992.75 1.4575e-08
 993.00 1.0963e-08
 993.25 1.6766e-08
 993.50 2.6966e-08
 993.75 2.2612e-08
 994.00 1.5833e-08
 994.25 1.9043e-08
 994.50 2.1941e-08
 994.75 1.9065e-08
 995.00 2.1402e-08
 995.25 2.3382e-08
 995.50 3.2790e-08
 995.75 3.8982e-08
 996.00 2.4659e-08
 996.25 1.4264e-08
 996.50 1.6078e-08
 996.75 2.2510e-08
 997.00 2.6986e-08
 997.25 2.6854e-08
 997.50 2.4033e-08
 997.75 1.8347e-08
 998.00 2.1172e-08
 998.25 1.6023e-08
 998.50 9.0822e-09
 998.75 1.2179e-08
 999.00 1.8291e-08
 999.25 1.9794e-08
 999.50 7.5357e-09
 999.75 3.5296e-09
1000.00 8.4317e-09
1000.25 1.5565e-08
1000.50 1.3373e-08
1000.75 1.5280e-08
1001.00 2.2849e-08
1001.25 1.8235e-08
1001.50 1.5162e-08
1001.75 1.2538e-08
1002.00 8.5932e-09
1002.25 1.2853e-08
1002.50 1.7680e-08
1002.75 1.6742e-08
1003.00 2.2455e-08
1003.25 1.7156e-08
1003.50 6.9714e-09
1003.75 1.5987e-08
1004.00 2.7939e-08
1004.25 2.4062e-08
1004.50 7.2278e-09
1004.75 2.7722e-09
1005.00 1.8073e-08
1005.25 2.7827e-08
1005.50 2.2215e-08
1005.75 1.9204e-08
1006.00 2.3652e-08
1006.25 2.7304e-08
1006.50 2.6903e-08
1006.75 1.9013e-08
1007.00 1.0454e-08
1007.25 7.0438e-09
1007.50 9.3380e-09
1007.75 1.3990e-08
1008.00 1.5787e-08
1008.25 1.3856e-08
1008.50 1.1758e-08
1008.75 1.6909e-08
1009.00 1.9871e-08
1009.25 1.7260e-08
1009.50 1.7813e-08
1009.75 2.2200e-08
1010.00 2.1150e-08
1010.25 2.2197e-08
1010.50 2.6640e-08
1010.75 2.2954e-08
1011.00 1.7273e-08
1011.25 1.6294e-08
1011.50 1.6274e-08
1011.75 1.5360e-08
1012.00 1.8902e-08
1012.25 1.1187e-08
1012.50 -4.4473e-09
1012.75 -4.5309e-09
1013.00 4.7744e-09
1013.25 4.2404e-09
1013.50 4.5394e-09
1013.75 6.7754e-09
1014.00 8.3170e-09
1014.25 1.7496e-08
1014.50 2.7312e-08
1014.75 3.1197e-08
1015.00 1.9047e-08
1015.25 8.2611e-09
1015.50 9.3783e-09
1015.75 1.4339e-08
1016.00 1.5606e-08
1016.25 1.5539e-08
1016.50 1.7440e-08
1016.75 1.9100e-08
1017.00 1.3777e-08
1017.25 6.7172e-09
1017.50 1.5245e-08
1017.75 1.9653e-08
1018.00 1.1068e-08
1018.25 8.7049e-09
1018.50 1.1433e-08
1018.75 7.3692e-09
1019.00 1.6047e-08
1019.25 2.9058e-08
1019.50 2.6478e-08
1019.75 1.9371e-08
1020.00 1.1757e-08
1020.25 8.7722e-09
1020.50 1.4847e-08
1020.75 2.0101e-08
1021.00 1.7970e-08
1021.25 8.5294e-09
1021.50 5.3079e-09
1021.75 1.8335e-08
1022.00 1.7787e-08
1022.25 2.2066e-09
1022.50 6.9912e-10
1022.75 3.8483e-09
1023.00 4.8297e-10
1023.25 3.6104e-09
1023.50 7.3835e-09
1023.75 9.1310e-09
1024.00 3.3318e-09
1024.25 3.3484e-09
1024.50 6.1392e-09
1024.75 1.9598e-09
1025.00 2.5509e-09
1025.25 6.9838e-09
1025.50 1.4522e-08
1025.75 1.8931e-08
1026.00 2.4508e-08
1026.25 1.6270e-08
1026.50 4.4848e-09
1026.75 -3.3901e-09
1027.00 2.3325e-09
1027.25 2.1057e-08
1027.50 2.9490e-08
1027.75 2.3315e-08
1028.00 7.9400e-09
1028.25 -5.6959e-09
1028.50 4.1822e-10
1028.75 1.3943e-08
1029.00 6.8327e-09
1029.25 9.4530e-09
1029.50 1.5869e-08
1029.75 1.3316e-08
1030.00 6.7963e-09
1030.25 -7.7228e-10
1030.50 2.0064e-09
1030.75 1.6068e-08
1031.00 2.5802e-08
1031.25 2.6034e-08
1031.50 2.0422e-08
1031.75 1.7446e-08
1032.00 2.0154e-08
1032.25 2.4322e-08
1032.50 2.6075e-08
1032.75 1.7809e-08
1033.00 1.5291e-08
1033.25 3.1458e-08
1033.50 4.8304e-08
1033.75 2.5829e-08
1034.00 3.0201e-09
1034.25 1.5080e-09
1034.50 1.3486e-09
1034.75 -3.0441e-09
1035.00 -1.1727e-09
1035.25 1.4545e-08
1035.50 2.4852e-08
1035.75 2.3702e-08
1036.00 1.6738e-08
1036.25 2.0540e-08
1036.50 2.0610e-08
1036.75 1.3452e-08
1037.00 -5.7863e-09
1037.25 -1.0573e-08
1037.50 5.0033e-09
1037.75 1.5622e-08
1038.00 2.5216e-08
1038.25 2.1914e-08
1038.50 1.0874e-08
1038.75 7.7657e-09
1039.00 1.1829e-08
1039.25 1.3627e-08
1039.50 2.2155e-08
1039.75 2.4599e-08
1040.00 1.3857e-08
1040.25 1.0144e-08
1040.50 1.3703e-08
1040.75 1.6328e-08
1041.00 1.3091e-08
1041.25 7.8872e-09
1041.50 1.1525e-08
1041.75 1.6329e-08
1042.00 1.8659e-08
1042.25 2.1281e-08
1042.50 1.6490e-08
1042.75 7.2315e-09
1043.00 3.2959e-09
1043.25 8.7346e-09
1043.50 1.3473e-08
1043.75 1.6597e-08
1044.00 1.5025e-08
1044.25 1.3682e-08
1044.50 1.2713e-08
1044.75 3.9134e-09
1045.00 6.5946e-09
1045.25 1.8266e-08
1045.50 1.9681e-08
1045.75 1.2055e-08
1046.00 7.6544e-09
1046.25 9.9319e-09
1046.50 8.4234e-09
1046.75 5.4291e-09
1047.00 4.4951e-09
1047.25 5.3534e-09
1047.50 9.3398e-09
1047.75 1.5949e-08
1048.00 1.6327e-08
1048.25 4.8214e-09
1048.50 -3.9130e-09
1048.75 -3.2143e-09
1049.00 1.3994e-08
1049.25 1.7223e-08
1049.50 1.3076e-08
1049.75 2.3079e-08
1050.00 1.8035e-08
1050.25 9.6099e-09
1050.50 1.2975e-08
1050.75 1.5097e-08
1051.00 1.0465e-08
1051.25 1.3495e-08
1051.50 1.6022e-08
1051.75 1.9824e-08
1052.00 1.6918e-08
1052.25 3.5005e-09
1052.50 1.7539e-09
1052.75 1.3410e-08
1053.00 2.1831e-08
1053.25 2.3022e-08
1053.50 2.0779e-08
1053.75 1.3535e-08
1054.00 1.1857e-08
1054.25 9.7611e-09
1054.50 5.6288e-09
1054.75 3.4808e-09
1055.00 9.3856e-09
1055.25 1.3622e-08
1055.50 1.6285e-08
1055.75 1.8042e-08
1056.00 2.0170e-08
1056.25 2.3603e-08
1056.50 1.6120e-08
1056.75 7.7919e-09
1057.00 8.0615e-09
1057.25 8.6508e-09
1057.50 5.4584e-09
1057.75 8.1177e-09
1058.00 1.2153e-08
1058.25 8.9420e-09
1058.50 1.5442e-09
1058.75 5.1531e-09
1059.00 4.6317e-09
1059.25 1.0693e-09
1059.50 8.4170e-09
1059.75 1.2792e-08
1060.00 8.8529e-09
1060.25 1.5188e-08
1060.50 2.6205e-08
1060.75 1.5144e-08
1061.00 4.9493e-09
1061.25 4.4163e-09
1061.50 1.2044e-08
1061.75 1.1940e-08
1062.00 8.8620e-09
1062.25 2.0201e-08
1062.50 1.9163e-08
1062.75 2.4445e-08
1063.00 1.9752e-08
1063.25 1.7877e-09
1063.50 4.1982e-09
1063.75 2.0501e-08
1064.00 3.4289e-08
1064.25 1.6226e-08
1064.50 4.4729e-09
1064.75 1.2183e-08
1065.00 1.1648e-08
1065.25 8.9771e-09
1065.50 1.3768e-08
1065.75 1.5827e-08
1066.00 1.4048e-09
1066.25 -9.9584e-10
1066.50 1.5965e-08
1066.75 1.9257e-08
1067.00 5.7997e-10
1067.25 -1.0685e-09
1067.50 1.0675e-08
1067.75 7.1578e-09
1068.00 8.5417e-09
1068.25 9.9106e-09
1068.50 1.4694e-08
1068.75 2.6640e-08
1069.00 1.6211e-08
1069.25 4.9069e-09
1069.50 1.2874e-08
1069.75 1.3500e-08
1070.00 1.8109e-08
1070.25 3.4603e-08
1070.50 1.7325e-08
1070.75 -1.0653e-08
1071.00 -1.0845e-08
1071.25 9.8987e-09
1071.50 1.9062e-08
1071.75 1.4384e-08
1072.00 1.5018e-08
1072.25 9.2236e-09
1072.50 5.1754e-09
1072.75 5.4467e-09
1073.00 1.3650e-09
1073.25 -7.9685e-10
1073.50 9.5137e-09
1073.75 1.2845e-08
1074.00 1.1128e-08
1074.25 8.5300e-09
1074.50 5.7140e-09
1074.75 1.2263e-08
1075.00 2.3921e-08
1075.25 2.2915e-08
1075.50 1.4164e-08
1075.75 1.0352e-08
1076.00 9.9529e-09
1076.25 1.9787e-08
1076.50 2.7869e-08
1076.75 2.8797e-08
1077.00 3.0017e-08
1077.25 2.6997e-08
1077.50 1.5468e-08
1077.75 5.1764e-09
1078.00 -1.2056e-09
1078.25 3.0932e-09
1078.50 7.9496e-09
1078.75 7.0075e-09
1079.00 8.6659e-09
1079.25 2.0938e-08
1079.50 2.2342e-08
1079.75 1.5272e-08
1080.00 1.8085e-08
1080.25 1.9673e-08
1080.50 1.0762e-08
1080.75 1.2433e-09
1081.00 8.4523e-09
1081.25 1.1460e-08
1081.50 4.3363e-09
1081.75 -5.1467e-09
1082.00 -6.0504e-09
1082.25 5.5988e-09
1082.50 1.4493e-08
1082.75 5.3121e-09
1083.00 2.1443e-09
1083.25 1.1476e-08
1083.50 6.0963e-09
1083.75 -4.7607e-10
1084.00 1.1554e-08
1084.25 2.2835e-08
1084.50 3.0209e-08
1084.75 2.2760e-08
1085.00 1.3468e-08
1085.25 1.9848e-08
1085.50 3.1609e-08
1085.75 3.1159e-08
1086.00 7.2362e-09
1086.25 3.8361e-09
1086.50 3.2230e-09
1086.75 2.1057e-09
1087.00 1.8155e-09
1087.25 4.9918e-09
1087.50 1.5486e-08
1087.75 1.6051e-08
1088.00 7.8033e-09
1088.25 -3.4292e-09
1088.50 3.0200e-09
1088.75 1.1995e-08
1089.00 1.2400e-08
1089.25 1.1256e-08
1089.50 1.1177e-08
1089.75 1.5590e-08
1090.00 2.0122e-08
1090.25 1.7442e-08
1090.50 1.5231e-08
1090.75 1.0256e-08
1091.00 8.6281e-09
1091.25 1.2453e-08
1091.50 1.0374e-08
1091.75 1.1548e-08
1092.00 7.8193e-09
1092.25 -5.7017e-09
1092.50 -4.2023e-10
1092.75 3.6250e-09
1093.00 -1.5288e-09
1093.25 -3.7535e-09
1093.50 -8.5609e-09
1093.75 2.3834e-09
1094.00 1.2316e-08
1094.25 5.5102e-09
1094.50 2.3447e-09
1094.75 4.5728e-10
1095.00 6.8028e-09
1095.25 2.5141e-08
1095.50 1.7681e-08
1095.75 -1.5784e-09
1096.00 3.7427e-09
1096.25 2.0090e-08
1096.50 2.6726e-08
1096.75 2.7833e-08
1097.00 1.5402e-08
1097.25 8.7431e-09
1097.50 1.0130e-08
1097.75 1.2219e-08
1098.00 1.4108e-08
1098.25 3.7352e-09
1098.50 4.3089e-09
1098.75 7.6284e-09
1099.00 5.4557e-09
1099.25 4.6056e-09
1099.50 8.1869e-09
1099.75 1.3600e-08
1100.00 1.1574e-08
1100.25 5.9837e-09
1100.50 6.9912e-09
1100.75 8.5531e-09
1101.00 8.5926e-09
1101.25 9.8118e-09
1101.50 -8.6250e-10
1101.75 -1.3571e-08
1102.00 -8.9210e-09
1102.25 4.9189e-09
1102.50 9.6542e-09
1102.75 1.8030e-09
1103.00 4.4679e-10
1103.25 3.8773e-10
1103.50 4.8821e-12
1103.75 -3.1906e-09
1104.00 -6.8716e-09
1104.25 5.6647e-10
1104.50 2.6874e-10
1104.75 -5.1913e-09
1105.00 -2.5762e-10
1105.25 1.0477e-08
1105.50 1.7898e-08
1105.75 2.0787e-08
1106.00 1.0986e-08
1106.25 9.3532e-09
1106.50 1.7545e-08
1106.75 1.5409e-08
1107.00 9.6710e-09
1107.25 1.2695e-08
1107.50 1.1522e-08
1107.75 3.8483e-09
1108.00 2.8330e-10
1108.25 2.7684e-09
1108.50 1.2043e-08
1108.75 1.8699e-08
1109.00 8.2976e-09
1109.25 -2.4498e-09
1109.50 -1.9122e-09
1109.75 -2.1569e-09
1110.00 7.9505e-09
1110.25 1.2812e-08
1110.50 1.1690e-08
1110.75 7.4503e-09
1111.00 9.9306e-09
1111.25 1.1959e-08
1111.50 1.0427e-08
1111.75 3.0569e-09
1112.00 -4.2816e-09
1112.25 2.4879e-09
1112.50 6.8646e-09
1112.75 2.9200e-09
1113.00 -7.9880e-09
1113.25 -4.9816e-09
1113.50 8.6041e-09
1113.75 2.2626e-08
1114.00 2.3094e-08
1114.25 7.8650e-09
1114.50 6.5122e-09
1114.75 1.5542e-08
1115.00 5.7690e-09
1115.25 2.8098e-09
1115.50 1.4407e-08
1115.75 1.0032e-08
1116.00 -2.3091e-09
1116.25 6.4263e-09
1116.50 2.0216e-08
1116.75 8.4781e-09
1117.00 -1.1895e-08
1117.25 -1.2640e-08
1117.50 -2.3613e-08
1117.75 5.9218e-10
1118.00 6.2571e-08
1118.25 4.2178e-08
1118.50 1.8191e-08
1118.75 2.8770e-08
1119.00 2.0915e-08
1119.25 1.5628e-08
1119.50 8.1087e-09
1119.75 8.3609e-09
1120.00 1.7788e-08
1120.25 1.7909e-08
1120.50 1.5486e-08
1120.75 7.5994e-09
1121.00 -1.1251e-08
1121.25 -8.7993e-09
1121.50 1.4362e-08
1121.75 2.7471e-08
1122.00 2.4854e-08
1122.25 2.2401e-08
1122.50 2.5496e-08
1122.75 2.0292e-08
1123.00 2.5715e-08
1123.25 1.1263e-08
1123.50 -9.3901e-09
1123.75 -2.2413e-08
1124.00 -9.6989e-09
1124.25 1.7760e-08
1124.50 9.3037e-09
1124.75 1.3686e-08
1125.00 2.9241e-08
