# Spectrum from Mathe et al. 2019
2221
305
 570.00 2.3150e-08
 570.25 5.0899e-08
 570.50 -8.3878e-09
 570.75 -2.0621e-08
 571.00 3.0996e-08
 571.25 6.4352e-08
 571.50 5.9946e-08
 571.75 6.6166e-08
 572.00 4.4772e-08
 572.25 -6.2987e-09
 572.50 -1.5188e-09
 572.75 4.8236e-08
 573.00 3.9892e-08
 573.25 -7.4927e-08
 573.50 -1.7462e-07
 573.75 -1.5998e-07
 574.00 -5.0640e-08
 574.25 -2.8893e-08
 574.50 -5.0315e-08
 574.75 -2.1797e-08
 575.00 9.6080e-09
 575.25 4.1924e-09
 575.50 -1.5801e-08
 575.75 -2.9636e-08
 576.00 -2.3908e-08
 576.25 -7.5191e-09
 576.50 -1.7593e-08
 576.75 -1.2799e-08
 577.00 -1.4463e-08
 577.25 -2.6742e-09
 577.50 1.4942e-08
 577.75 3.6607e-08
 578.00 2.6839e-08
 578.25 -2.2208e-09
 578.50 -1.1286e-08
 578.75 -1.5148e-08
 579.00 -4.0754e-09
 579.25 2.7569e-08
 579.50 5.2381e-08
 579.75 5.5806e-08
 580.00 4.3319e-08
 580.25 1.6975e-08
 580.50 1.5287e-09
 580.75 -9.7454e-10
 581.00 1.3720e-08
 581.25 3.9288e-09
 581.50 2.6017e-09
 581.75 1.8448e-08
 582.00 3.5031e-08
 582.25 4.4780e-08
 582.50 2.3664e-08
 582.75 6.1392e-09
 583.00 1.4144e-08
 583.25 2.7409e-08
 583.50 3.4265e-08
 583.75 3.0187e-08
 584.00 4.0971e-09
 584.25 -1.4639e-08
 584.50 -1.2264e-08
 584.75 -1.0452e-08
 585.00 -1.1733e-08
 585.25 -5.3427e-09
 585.50 -1.0665e-08
 585.75 -1.6450e-08
 586.00 1.8959e-09
 586.25 1.7946e-08
 586.50 7.2952e-09
 586.75 -4.5640e-09
 587.00 -8.1747e-09
 587.25 -7.9592e-09
 587.50 4.2981e-10
 587.75 -8.7762e-10
 588.00 -1.9325e-09
 588.25 2.0217e-08
 588.50 2.2591e-08
 588.75 7.1903e-09
 589.00 -5.7079e-09
 589.25 -5.0617e-09
 589.50 1.0104e-08
 589.75 1.6927e-08
 590.00 1.7964e-08
 590.25 6.0508e-09
 590.50 1.5139e-09
 590.75 -1.1595e-08
 591.00 -1.9226e-08
 591.25 -1.0123e-08
 591.50 -5.4125e-09
 591.75 1.4052e-09
 592.00 2.0314e-08
 592.25 3.1964e-08
 592.50 2.0993e-08
 592.75 2.2939e-09
 593.00 -7.9050e-09
 593.25 7.0740e-09
 593.50 1.1314e-08
 593.75 3.6603e-09
 594.00 5.3869e-09
 594.25 1.3526e-08
 594.50 2.0228e-08
 594.75 2.2379e-08
 595.00 2.2763e-08
 595.25 1.4969e-08
 595.50 1.0011e-08
 595.75 1.1023e-08
 596.00 1.2254e-08
 596.25 1.0065e-08
 596.50 -1.4617e-09
 596.75 -1.7043e-08
 597.00 -2.4275e-08
 597.25 -1.4197e-08
 597.50 -4.2011e-09
 597.75 -3.2953e-09
 598.00 -5.0106e-09
 598.25 -4.5742e-09
 598.50 -4.9876e-09
 598.75 -1.0441e-09
 599.00 1.1385e-08
 599.25 1.5472e-08
 599.50 1.0122e-08
 599.75 1.1133e-08
 600.00 1.6263e-08
 600.25 9.8206e-09
 600.50 1.8171e-09
 600.75 -1.8029e-09
 601.00 -3.5134e-09
 601.25 -2.2747e-09
 601.50 3.8375e-09
 601.75 -2.2914e-09
 602.00 -6.8646e-09
 602.25 -3.4126e-09
 602.50 -3.4542e-10
 602.75 7.4770e-09
 603.00 1.4505e-08
 603.25 1.2119e-08
 603.50 -2.4385e-09
 603.75 -6.5016e-09
 604.00 -1.0965e-08
 604.25 -1.0647e-08
 604.50 -1.3024e-09
 604.75 6.1350e-09
 605.00 1.5925e-08
 605.25 1.7900e-08
 605.50 6.7060e-09
 605.75 5.6127e-09
 606.00 6.1615e-09
 606.25 5.1530e-09
 606.50 8.2763e-09
 606.75 2.1430e-09
 607.00 6.9852e-09
 607.25 6.6447e-09
 607.50 -4.6494e-09
 607.75 -1.8931e-09
 608.00 4.5880e-09
 608.25 -5.8266e-09
 608.50 -7.7903e-09
 608.75 2.4943e-09
 609.00 1.0247e-09
 609.25 -1.5867e-09
 609.50 6.4198e-09
 609.75 6.0928e-09
 610.00 -5.5110e-09
 610.25 -4.3261e-09
 610.50 3.8251e-10
 610.75 1.9404e-09
 611.00 -2.5847e-09
 611.25 -1.6000e-09
 611.50 6.6289e-09
 611.75 1.0661e-09
 612.00 -1.1556e-08
 612.25 -1.0922e-08
 612.50 1.2343e-09
 612.75 1.1723e-08
 613.00 9.5625e-09
 613.25 8.2503e-09
 613.50 1.1777e-08
 613.75 1.0906e-08
 614.00 2.1700e-08
 614.25 2.2349e-08
 614.50 1.7059e-08
 614.75 1.5213e-08
 615.00 5.6544e-09
 615.25 -5.1550e-09
 615.50 -1.5852e-09
 615.75 9.3699e-09
 616.00 9.5054e-09
 616.25 7.3992e-09
 616.50 9.1710e-10
 616.75 1.5583e-09
 617.00 1.7486e-09
 617.25 4.0109e-09
 617.50 1.2899e-08
 617.75 1.0529e-08
 618.00 -6.2935e-10
 618.25 -6.8893e-09
 618.50 8.2344e-10
 618.75 1.1255e-08
 619.00 1.1350e-08
 619.25 2.4758e-09
 619.50 3.2038e-09
 619.75 1.9945e-08
 620.00 2.4348e-08
 620.25 2.0215e-08
 620.50 1.6119e-08
 620.75 6.5196e-09
 621.00 7.6100e-09
 621.25 4.9943e-09
 621.50 1.3374e-08
 621.75 2.6021e-08
 622.00 2.0237e-08
 622.25 1.7799e-08
 622.50 1.0417e-08
 622.75 -1.9672e-09
 623.00 6.9234e-10
 623.25 1.1981e-08
 623.50 1.0552e-08
 623.75 4.3730e-09
 624.00 1.1226e-08
 624.25 1.2521e-08
 624.50 5.7718e-09
 624.75 5.5130e-09
 625.00 5.5305e-09
 625.25 -6.0888e-09
 625.50 -7.5014e-09
 625.75 4.0276e-09
 626.00 -4.8298e-09
 626.25 -8.5917e-09
 626.50 -4.8367e-09
 626.75 1.7463e-09
 627.00 9.0831e-09
 627.25 1.7408e-08
 627.50 2.5769e-08
 627.75 4.0294e-08
 628.00 5.4573e-08
 628.25 3.8849e-08
 628.50 2.3307e-08
 628.75 1.0985e-08
 629.00 1.5420e-09
 629.25 3.4147e-10
 629.50 1.1970e-08
 629.75 1.9373e-08
 630.00 2.0140e-08
 630.25 1.6787e-08
 630.50 1.0102e-08
 630.75 1.1391e-08
 631.00 7.5451e-09
 631.25 1.2020e-08
 631.50 1.0541e-08
 631.75 4.3382e-09
 632.00 8.2222e-09
 632.25 1.4938e-08
 632.50 1.1597e-08
 632.75 1.1345e-08
 633.00 1.9811e-08
 633.25 1.1473e-08
 633.50 8.4523e-09
 633.75 1.5585e-08
 634.00 1.6185e-08
 634.25 1.9284e-08
 634.50 2.2984e-08
 634.75 2.2298e-08
 635.00 1.9606e-08
 635.25 1.7904e-08
 635.50 9.8946e-09
 635.75 2.5533e-09
 636.00 5.1934e-09
 636.25 8.4574e-09
 636.50 7.8247e-09
 636.75 3.0666e-10
 637.00 -6.5648e-09
 637.25 -9.5091e-09
 637.50 -4.0572e-09
 637.75 3.8999e-09
 638.00 5.4939e-09
 638.25 6.6982e-10
 638.50 -1.8485e-09
 638.75 4.8960e-09
 639.00 4.4258e-09
 639.25 2.2639e-09
 639.50 3.3576e-09
 639.75 3.3946e-09
 640.00 2.6728e-09
 640.25 8.2948e-09
 640.50 1.2295e-08
 640.75 2.8878e-09
 641.00 -1.0534e-09
 641.25 -6.4612e-09
 641.50 -9.0371e-09
 641.75 -2.6078e-09
 642.00 4.2354e-09
 642.25 9.7086e-09
 642.50 8.3056e-09
 642.75 1.3565e-08
 643.00 9.3795e-09
 643.25 -6.5028e-09
 643.50 -6.9648e-09
 643.75 4.1275e-09
 644.00 1.0701e-08
 644.25 1.3468e-08
 644.50 1.2945e-08
 644.75 8.7974e-09
 645.00 6.2344e-09
 645.25 6.3542e-09
 645.50 1.5174e-08
 645.75 1.4738e-08
 646.00 6.4017e-09
 646.25 -4.2740e-09
 646.50 7.5811e-10
 646.75 1.4051e-08
 647.00 -5.4415e-10
 647.25 -6.7075e-09
 647.50 9.3540e-09
 647.75 1.9072e-08
 648.00 5.6078e-09
 648.25 -4.1383e-09
 648.50 -1.7114e-09
 648.75 1.1178e-09
 649.00 8.4225e-09
 649.25 1.2575e-08
 649.50 1.1951e-08
 649.75 8.8728e-09
 650.00 9.6718e-09
 650.25 5.6631e-09
 650.50 -4.1684e-10
 650.75 1.6099e-09
 651.00 2.2527e-09
 651.25 -1.1666e-09
 651.50 1.2276e-10
 651.75 2.3456e-09
 652.00 4.1809e-09
 652.25 9.7728e-09
 652.50 1.8779e-08
 652.75 1.5383e-08
 653.00 3.5165e-09
 653.25 6.0793e-09
 653.50 6.0885e-09
 653.75 -2.3086e-09
 654.00 -7.4828e-09
 654.25 -1.0187e-08
 654.50 -7.4262e-09
 654.75 -4.7431e-10
 655.00 3.9095e-09
 655.25 6.3688e-10
 655.50 -4.1744e-09
 655.75 -2.2083e-09
 656.00 7.3190e-09
 656.25 1.4251e-08
 656.50 1.1334e-08
 656.75 7.3180e-09
 657.00 2.3660e-09
 657.25 -1.1565e-08
 657.50 -2.1696e-08
 657.75 -2.0760e-09
 658.00 6.7854e-09
 658.25 3.0054e-09
 658.50 1.5552e-08
 658.75 2.0555e-08
 659.00 3.2225e-09
 659.25 -1.5146e-08
 659.50 -1.4621e-08
 659.75 -6.3069e-09
 660.00 1.3432e-08
 660.25 1.1936e-08
 660.50 -6.6021e-09
 660.75 -1.1527e-09
 661.00 1.9397e-08
 661.25 1.3654e-08
 661.50 -3.6982e-10
 661.75 -4.6714e-10
 662.00 3.5847e-09
 662.25 1.1839e-08
 662.50 1.4479e-08
 662.75 1.7205e-08
 663.00 6.2979e-09
 663.25 -1.5841e-09
 663.50 -1.1414e-09
 663.75 3.0925e-09
 664.00 7.5766e-09
 664.25 6.2692e-10
 664.50 -1.8449e-10
 664.75 4.9083e-09
 665.00 1.7457e-09
 665.25 5.6169e-09
 665.50 2.0705e-08
 665.75 1.8544e-08
 666.00 6.8734e-09
 666.25 5.7127e-09
 666.50 3.4414e-11
 666.75 5.2357e-10
 667.00 1.3434e-08
 667.25 2.3233e-08
 667.50 3.4446e-08
 667.75 3.1004e-08
 668.00 1.2823e-08
 668.25 2.5681e-09
 668.50 2.8939e-09
 668.75 1.8683e-09
 669.00 9.6819e-10
 669.25 8.7146e-09
 669.50 1.9026e-08
 669.75 1.3048e-08
 670.00 1.4027e-10
 670.25 -1.1713e-12
 670.50 6.6335e-09
 670.75 2.0980e-09
 671.00 6.8650e-10
 671.25 7.7948e-09
 671.50 4.5352e-09
 671.75 -1.1460e-09
 672.00 2.3650e-09
 672.25 5.1388e-09
 672.50 6.1951e-09
 672.75 1.2629e-08
 673.00 1.0003e-08
 673.25 1.5475e-08
 673.50 1.9767e-08
 673.75 1.5763e-08
 674.00 6.1986e-09
 674.25 2.5006e-09
 674.50 3.0972e-09
 674.75 -2.3185e-09
 675.00 2.8117e-09
 675.25 6.1360e-09
 675.50 3.2227e-09
 675.75 6.3246e-09
 676.00 1.1333e-08
 676.25 8.5963e-09
 676.50 1.2124e-08
 676.75 1.9371e-08
 677.00 1.9789e-08
 677.25 1.3431e-08
 677.50 1.8805e-08
 677.75 2.4253e-08
 678.00 1.4331e-08
 678.25 -3.7494e-10
 678.50 -1.6065e-09
 678.75 4.0374e-09
 679.00 8.1196e-09
 679.25 1.2206e-08
 679.50 2.0705e-08
 679.75 2.0822e-08
 680.00 5.1547e-09
 680.25 8.5815e-09
 680.50 1.0583e-08
 680.75 9.2852e-09
 681.00 4.6841e-09
 681.25 1.5309e-10
 681.50 8.6254e-09
 681.75 2.6954e-08
 682.00 3.4192e-08
 682.25 2.9930e-08
 682.50 1.9029e-08
 682.75 9.5682e-10
 683.00 2.5934e-09
 683.25 7.7648e-09
 683.50 -8.9411e-10
 683.75 -6.1948e-09
 684.00 6.9645e-09
 684.25 1.5345e-08
 684.50 1.3273e-08
 684.75 9.1883e-09
 685.00 8.4066e-09
 685.25 1.1801e-08
 685.50 1.0169e-08
 685.75 1.2921e-10
 686.00 -9.0384e-10
 686.25 1.2301e-09
 686.50 7.1996e-09
 686.75 1.6283e-08
 687.00 3.3593e-09
 687.25 -9.1233e-09
 687.50 -4.2043e-09
 687.75 2.5518e-09
 688.00 1.7577e-09
 688.25 1.0315e-08
 688.50 1.7408e-08
 688.75 1.8556e-08
 689.00 2.6407e-08
 689.25 2.6866e-08
 689.50 1.7027e-08
 689.75 1.0623e-08
 690.00 6.8190e-09
 690.25 2.9614e-09
 690.50 4.3075e-09
 690.75 1.7297e-08
 691.00 2.3543e-08
 691.25 2.1248e-08
 691.50 1.5765e-08
 691.75 -3.5822e-09
 692.00 -1.0416e-08
 692.25 -2.6220e-09
 692.50 6.5710e-09
 692.75 6.6661e-09
 693.00 3.2755e-09
 693.25 2.1660e-09
 693.50 2.7056e-09
 693.75 1.9069e-08
 694.00 3.1229e-08
 694.25 1.5527e-08
 694.50 1.5115e-09
 694.75 6.9090e-10
 695.00 -1.2676e-08
 695.25 -1.1516e-08
 695.50 1.1574e-08
 695.75 1.3786e-08
 696.00 1.0284e-08
 696.25 1.2501e-08
 696.50 1.2162e-08
 696.75 2.2638e-08
 697.00 1.9195e-08
 697.25 7.4582e-09
 697.50 3.0693e-09
 697.75 2.5523e-09
 698.00 9.0618e-09
 698.25 1.8091e-08
 698.50 2.5454e-08
 698.75 1.2520e-08
 699.00 -1.0580e-09
 699.25 4.2592e-09
 699.50 9.4839e-09
 699.75 6.4735e-09
 700.00 1.3114e-08
 700.25 1.7562e-08
 700.50 1.4316e-08
 700.75 1.8711e-08
 701.00 1.3245e-08
 701.25 1.1977e-08
 701.50 5.7976e-09
 701.75 -4.9970e-09
 702.00 -1.8838e-09
 702.25 3.4280e-09
 702.50 -1.0902e-09
 702.75 -6.1977e-09
 703.00 1.4630e-08
 703.25 2.3833e-08
 703.50 6.2428e-09
 703.75 -3.2745e-09
 704.00 1.0484e-09
 704.25 5.0382e-09
 704.50 1.0937e-08
 704.75 1.9094e-08
 705.00 2.4983e-08
 705.25 3.0948e-08
 705.50 2.5536e-08
 705.75 2.2867e-08
 706.00 2.3314e-08
 706.25 9.6755e-09
 706.50 3.5850e-09
 706.75 8.1368e-09
 707.00 9.8530e-09
 707.25 1.2823e-08
 707.50 2.3048e-08
 707.75 2.3546e-08
 708.00 2.1615e-08
 708.25 2.4237e-08
 708.50 1.6853e-08
 708.75 1.1478e-08
 709.00 7.5431e-09
 709.25 1.2905e-08
 709.50 1.3144e-08
 709.75 1.5156e-08
 710.00 1.8566e-08
 710.25 2.3154e-08
 710.50 2.0996e-08
 710.75 9.9683e-09
 711.00 1.8368e-08
 711.25 2.8135e-08
 711.50 3.7495e-08
 711.75 3.6775e-08
 712.00 4.9267e-08
 712.25 5.7020e-08
 712.50 5.3082e-08
 712.75 5.0935e-08
 713.00 3.4147e-08
 713.25 2.3701e-08
 713.50 2.4939e-08
 713.75 2.5738e-08
 714.00 2.0307e-08
 714.25 1.6499e-08
 714.50 1.8737e-08
 714.75 2.5921e-08
 715.00 2.4440e-08
 715.25 1.8924e-08
 715.50 2.0340e-08
 715.75 1.9963e-08
 716.00 1.8360e-08
 716.25 4.1226e-08
 716.50 3.8143e-08
 716.75 1.0862e-08
 717.00 3.9359e-10
 717.25 1.0774e-08
 717.50 3.4339e-08
 717.75 2.4142e-08
 718.00 1.5435e-08
 718.25 8.9603e-09
 718.50 4.5149e-09
 718.75 4.3095e-09
 719.00 -2.7690e-09
 719.25 4.5329e-09
 719.50 3.1967e-08
 719.75 7.0019e-08
 720.00 5.4753e-08
 720.25 1.4012e-08
 720.50 6.1778e-09
 720.75 4.8020e-09
 721.00 4.5072e-09
 721.25 6.2536e-09
 721.50 8.3982e-09
 721.75 4.1072e-09
 722.00 9.8039e-09
 722.25 1.8765e-08
 722.50 1.0346e-08
 722.75 9.4845e-10
 723.00 -5.6435e-09
 723.25 9.7286e-10
 723.50 5.5018e-09
 723.75 1.1533e-08
 724.00 1.5263e-08
 724.25 1.4244e-08
 724.50 1.9560e-08
 724.75 1.6264e-08
 725.00 1.1776e-08
 725.25 6.9320e-09
 725.50 1.3269e-09
 725.75 4.6129e-09
 726.00 6.8568e-09
 726.25 7.9981e-10
 726.50 1.1403e-09
 726.75 1.2491e-09
 727.00 7.2067e-12
 727.25 2.5951e-09
 727.50 9.2742e-09
 727.75 1.7047e-08
 728.00 2.5151e-08
 728.25 4.3279e-08
 728.50 5.6483e-08
 728.75 6.2462e-08
 729.00 1.0739e-07
 729.25 1.7370e-07
 729.50 1.6475e-07
 729.75 1.0582e-07
 730.00 7.2948e-08
 730.25 6.5531e-08
 730.50 5.2603e-08
 730.75 4.5055e-08
 731.00 8.5238e-08
 731.25 9.6241e-08
 731.50 5.9575e-08
 731.75 4.1164e-08
 732.00 2.5027e-08
 732.25 1.5163e-08
 732.50 2.9115e-08
 732.75 4.3588e-08
 733.00 2.9812e-08
 733.25 1.0430e-08
 733.50 1.1816e-08
 733.75 2.3008e-08
 734.00 1.9143e-08
 734.25 7.4874e-09
 734.50 8.0483e-09
 734.75 1.8986e-08
 735.00 2.4278e-08
 735.25 8.7061e-09
 735.50 9.1921e-09
 735.75 2.1016e-08
 736.00 1.9983e-08
 736.25 1.5088e-08
 736.50 8.9136e-09
 736.75 1.4478e-08
 737.00 2.0374e-08
 737.25 1.2039e-08
 737.50 -4.0230e-09
 737.75 -1.0974e-08
 738.00 9.0646e-10
 738.25 2.1781e-08
 738.50 3.1158e-08
 738.75 1.6128e-08
 739.00 1.0626e-08
 739.25 2.1676e-08
 739.50 2.5542e-08
 739.75 2.1606e-08
 740.00 1.1162e-08
 740.25 1.8029e-08
 740.50 3.2189e-08
 740.75 3.2281e-08
 741.00 3.3036e-08
 741.25 2.0885e-08
 741.50 6.9592e-09
 741.75 1.2231e-08
 742.00 7.9935e-09
 742.25 7.7872e-10
 742.50 1.2764e-08
 742.75 1.7578e-08
 743.00 2.3877e-08
 743.25 3.9344e-08
 743.50 2.9598e-08
 743.75 1.0784e-08
 744.00 1.6671e-09
 744.25 1.0412e-09
 744.50 8.7216e-09
 744.75 1.4914e-08
 745.00 2.0104e-08
 745.25 3.1382e-08
 745.50 3.5735e-08
 745.75 3.6266e-08
 746.00 3.6058e-08
 746.25 2.2744e-08
 746.50 1.7305e-08
 746.75 1.8698e-08
 747.00 2.0427e-08
 747.25 2.1204e-08
 747.50 1.8194e-08
 747.75 2.7564e-08
 748.00 3.4504e-08
 748.25 1.7654e-08
 748.50 4.9051e-09
 748.75 7.8596e-09
 749.00 8.2856e-09
 749.25 4.6438e-09
 749.50 2.9655e-09
 749.75 3.9390e-09
 750.00 1.7878e-08
 750.25 3.2328e-08
 750.50 2.5633e-08
 750.75 2.6770e-08
 751.00 2.7347e-08
 751.25 6.8091e-09
 751.50 -1.6662e-08
 751.75 -1.4372e-08
 752.00 3.4238e-09
 752.25 -3.6282e-09
 752.50 4.4464e-09
 752.75 1.8142e-08
 753.00 5.5856e-09
 753.25 2.5063e-08
 753.50 3.7339e-08
 753.75 1.8420e-08
 754.00 5.3783e-09
 754.25 -2.9700e-09
 754.50 7.6228e-09
 754.75 2.8420e-08
 755.00 4.2955e-08
 755.25 3.6878e-08
 755.50 3.4141e-08
 755.75 3.2278e-08
 756.00 1.4764e-08
 756.25 8.6201e-09
 756.50 4.5699e-09
 756.75 2.0871e-09
 757.00 9.1026e-09
 757.25 1.9581e-08
 757.50 2.4594e-08
 757.75 1.5110e-08
 758.00 4.5203e-09
 758.25 3.8514e-10
 758.50 3.6234e-09
 758.75 9.6354e-09
 759.00 1.0777e-08
 759.25 7.5107e-09
 759.50 -4.3727e-09
 759.75 -3.4530e-09
 760.00 1.0621e-08
 760.25 1.7575e-08
 760.50 1.4512e-08
 760.75 9.5393e-09
 761.00 1.0862e-08
 761.25 1.1684e-08
 761.50 1.9757e-08
 761.75 2.9031e-08
 762.00 2.8260e-08
 762.25 1.4411e-08
 762.50 1.1753e-08
 762.75 1.4662e-08
 763.00 1.7076e-09
 763.25 8.3966e-09
 763.50 2.1450e-08
 763.75 1.3424e-08
 764.00 9.4435e-09
 764.25 1.8416e-08
 764.50 2.2977e-08
 764.75 2.6466e-08
 765.00 -2.9503e-08
 765.25 -7.1955e-08
 765.50 -3.1359e-08
 765.75 -1.1236e-08
 766.00 5.4994e-09
 766.25 1.2456e-08
 766.50 8.5057e-09
 766.75 1.2259e-08
 767.00 1.5296e-08
 767.25 1.3665e-08
 767.50 2.2763e-09
 767.75 3.4803e-09
 768.00 1.5569e-08
 768.25 2.5599e-08
 768.50 2.4750e-08
 768.75 2.5189e-08
 769.00 2.5275e-08
 769.25 2.1094e-08
 769.50 3.4640e-09
 769.75 -6.1737e-09
 770.00 8.6274e-09
 770.25 2.5482e-08
 770.50 2.1259e-08
 770.75 1.6286e-08
 771.00 2.6803e-08
 771.25 2.2857e-08
 771.50 1.9126e-08
 771.75 2.1637e-08
 772.00 1.7355e-08
 772.25 1.0245e-08
 772.50 -2.1310e-09
 772.75 -1.0240e-09
 773.00 7.1260e-09
 773.25 1.5727e-09
 773.50 1.0103e-08
 773.75 2.7677e-08
 774.00 3.0449e-08
 774.25 1.2833e-08
 774.50 -5.5312e-09
 774.75 -9.1379e-09
 775.00 -7.5169e-09
 775.25 -5.4161e-09
 775.50 1.3099e-09
 775.75 1.0645e-08
 776.00 1.3936e-08
 776.25 1.1588e-08
 776.50 7.3307e-09
 776.75 9.8963e-09
 777.00 7.9295e-09
 777.25 2.4684e-09
 777.50 5.6720e-09
 777.75 2.3676e-08
 778.00 2.4692e-08
 778.25 2.0909e-09
 778.50 1.2001e-08
 778.75 2.5306e-08
 779.00 1.2641e-08
 779.25 1.0835e-08
 779.50 1.5544e-08
 779.75 1.2512e-08
 780.00 9.5821e-09
 780.25 3.6486e-09
 780.50 6.8091e-09
 780.75 1.9497e-08
 781.00 1.6636e-08
 781.25 1.5412e-08
 781.50 2.1325e-08
 781.75 2.1453e-08
 782.00 1.8039e-08
 782.25 1.0275e-08
 782.50 7.5730e-09
 782.75 1.7855e-08
 783.00 2.9816e-08
 783.25 2.4371e-08
 783.50 1.5649e-08
 783.75 2.4385e-08
 784.00 2.7098e-08
 784.25 1.9360e-08
 784.50 1.9972e-08
 784.75 2.0331e-08
 785.00 1.6593e-08
 785.25 1.5353e-08
 785.50 2.5793e-08
 785.75 3.4168e-08
 786.00 3.3601e-08
 786.25 2.4952e-08
 786.50 2.3360e-08
 786.75 2.8448e-08
 787.00 1.8227e-08
 787.25 1.3876e-08
 787.50 1.9121e-08
 787.75 3.0212e-08
 788.00 3.9652e-08
 788.25 2.9063e-08
 788.50 1.2795e-08
 788.75 1.3111e-08
 789.00 6.1448e-09
 789.25 1.1143e-09
 789.50 2.2993e-08
 789.75 3.9716e-08
 790.00 3.4597e-08
 790.25 2.5472e-08
 790.50 2.1599e-08
 790.75 2.0076e-08
 791.00 2.3888e-08
 791.25 3.7395e-08
 791.50 4.0026e-08
 791.75 2.8559e-08
 792.00 3.4121e-08
 792.25 4.5114e-08
 792.50 4.1491e-08
 792.75 2.6977e-08
 793.00 1.4932e-08
 793.25 1.4882e-08
 793.50 2.7367e-08
 793.75 3.1960e-08
 794.00 3.2887e-08
 794.25 3.8152e-08
 794.50 3.9168e-08
 794.75 3.1529e-08
 795.00 1.3470e-08
 795.25 8.0465e-09
 795.50 1.8405e-08
 795.75 2.7381e-08
 796.00 2.0889e-08
 796.25 1.9393e-08
 796.50 2.3658e-08
 796.75 1.7590e-08
 797.00 1.9923e-08
 797.25 2.5187e-08
 797.50 2.1155e-08
 797.75 1.8141e-08
 798.00 2.1828e-08
 798.25 2.8854e-08
 798.50 3.5338e-08
 798.75 5.4771e-08
 799.00 5.9765e-08
 799.25 3.1802e-08
 799.50 1.3761e-08
 799.75 2.1739e-08
 800.00 1.4608e-08
 800.25 -5.2134e-09
 800.50 4.3545e-09
 800.75 1.6253e-08
 801.00 2.6507e-08
 801.25 4.9841e-08
 801.50 6.4203e-08
 801.75 4.2776e-08
 802.00 1.7880e-08
 802.25 2.1900e-08
 802.50 2.4621e-08
 802.75 1.9073e-08
 803.00 2.3635e-08
 803.25 3.3073e-08
 803.50 4.1127e-08
 803.75 5.7626e-08
 804.00 6.8868e-08
 804.25 4.8221e-08
 804.50 2.6757e-08
 804.75 3.6518e-08
 805.00 3.9520e-08
 805.25 2.5733e-08
 805.50 1.8578e-08
 805.75 2.8988e-08
 806.00 4.9980e-08
 806.25 6.6120e-08
 806.50 6.5102e-08
 806.75 4.2461e-08
 807.00 8.9610e-09
 807.25 1.1297e-09
 807.50 7.9335e-09
 807.75 7.8788e-09
 808.00 1.5067e-08
 808.25 2.1912e-08
 808.50 2.2659e-08
 808.75 3.3298e-08
 809.00 6.2856e-08
 809.25 6.6253e-08
 809.50 3.0116e-08
 809.75 6.6955e-09
 810.00 8.1072e-09
 810.25 1.7457e-08
 810.50 1.8518e-08
 810.75 -3.2293e-09
 811.00 -2.1255e-09
 811.25 3.2490e-08
 811.50 8.1959e-08
 811.75 9.7062e-08
 812.00 5.6267e-08
 812.25 1.5923e-08
 812.50 1.7414e-09
 812.75 1.8498e-08
 813.00 4.2431e-08
 813.25 3.7751e-08
 813.50 4.2077e-08
 813.75 6.1659e-08
 814.00 7.4625e-08
 814.25 1.1827e-07
 814.50 9.6289e-08
 814.75 3.0299e-08
 815.00 1.3159e-08
 815.25 1.0852e-08
 815.50 2.0552e-08
 815.75 3.0653e-08
 816.00 2.4508e-08
 816.25 3.1652e-08
 816.50 5.3722e-08
 816.75 6.8907e-08
 817.00 7.5662e-08
 817.25 3.5292e-08
 817.50 8.2355e-10
 817.75 7.9327e-09
 818.00 2.2678e-08
 818.25 3.9906e-08
 818.50 3.2199e-08
 818.75 1.2711e-08
 819.00 2.5893e-08
 819.25 6.0253e-08
 819.50 1.0189e-07
 819.75 8.9455e-08
 820.00 1.5967e-08
 820.25 -1.2200e-08
 820.50 5.1861e-09
 820.75 1.4758e-08
 821.00 3.2640e-08
 821.25 3.4119e-08
 821.50 2.0416e-08
 821.75 1.6453e-08
 822.00 3.5608e-08
 822.25 1.1179e-07
 822.50 1.0095e-07
 822.75 2.4347e-08
 823.00 -2.4839e-09
 823.25 -1.5577e-09
 823.50 1.9959e-08
 823.75 2.7993e-08
 824.00 8.0656e-09
 824.25 1.4129e-08
 824.50 5.9232e-08
 824.75 1.0318e-07
 825.00 9.6045e-08
 825.25 9.8410e-09
 825.50 -2.2643e-08
 825.75 2.7460e-09
 826.00 1.8983e-08
 826.25 2.1945e-08
 826.50 1.9804e-08
 826.75 2.7195e-08
 827.00 3.4179e-08
 827.25 6.9506e-08
 827.50 1.0603e-07
 827.75 7.0669e-08
 828.00 4.2807e-09
 828.25 -9.5569e-09
 828.50 2.6174e-09
 828.75 2.9047e-08
 829.00 4.1901e-08
 829.25 3.5038e-08
 829.50 4.1089e-08
 829.75 5.0096e-08
 830.00 8.9704e-08
 830.25 1.1960e-07
 830.50 6.3516e-08
 830.75 9.1047e-09
 831.00 3.6168e-09
 831.25 1.6204e-08
 831.50 3.7072e-08
 831.75 3.5169e-08
 832.00 2.8730e-08
 832.25 3.4047e-08
 832.50 6.3013e-08
 832.75 1.1603e-07
 833.00 9.2352e-08
 833.25 2.4393e-08
 833.50 1.1714e-08
 833.75 1.4337e-08
 834.00 3.5032e-08
 834.25 4.3963e-08
 834.50 2.5512e-08
 834.75 1.2956e-08
 835.00 4.8191e-08
 835.25 9.8243e-08
 835.50 1.0399e-07
 835.75 6.9417e-08
 836.00 -4.2910e-09
 836.25 -2.1344e-08
 836.50 5.2928e-08
 836.75 8.1188e-08
 837.00 1.8974e-08
 837.25 -2.1601e-08
 837.50 -2.2411e-08
 837.75 1.4605e-09
 838.00 4.7503e-08
 838.25 8.7805e-08
 838.50 7.1901e-08
 838.75 1.5995e-08
 839.00 -1.6779e-09
 839.25 2.7176e-08
 839.50 5.1203e-08
 839.75 2.7950e-08
 840.00 1.1811e-08
 840.25 2.8013e-08
 840.50 5.3937e-08
 840.75 6.8282e-08
 841.00 5.2668e-08
 841.25 2.8152e-08
 841.50 1.7754e-08
 841.75 1.6808e-08
 842.00 2.0794e-08
 842.25 2.6941e-08
 842.50 2.5647e-08
 842.75 3.3250e-08
 843.00 4.9977e-08
 843.25 5.2563e-08
 843.50 4.3406e-08
 843.75 2.6461e-08
 844.00 1.2979e-08
 844.25 1.8287e-08
 844.50 3.8778e-08
 844.75 3.3481e-08
 845.00 1.3622e-08
 845.25 5.7876e-09
 845.50 7.3576e-09
 845.75 3.7289e-08
 846.00 5.7010e-08
 846.25 4.9953e-08
 846.50 3.2774e-08
 846.75 2.3012e-08
 847.00 1.6435e-08
 847.25 2.5548e-08
 847.50 3.9207e-08
 847.75 2.5165e-08
 848.00 1.2740e-08
 848.25 1.1751e-08
 848.50 1.9921e-08
 848.75 2.3068e-08
 849.00 2.2247e-08
 849.25 1.8881e-08
 849.50 1.2930e-08
 849.75 1.3609e-08
 850.00 1.9668e-08
 850.25 1.7806e-08
 850.50 1.7117e-08
 850.75 1.6093e-08
 851.00 9.7389e-09
 851.25 2.6783e-08
 851.50 3.8608e-08
 851.75 2.9442e-08
 852.00 1.1606e-08
 852.25 2.0618e-08
 852.50 3.9796e-08
 852.75 2.5303e-08
 853.00 1.6696e-08
 853.25 1.7545e-08
 853.50 2.8666e-08
 853.75 2.8456e-08
 854.00 2.7510e-08
 854.25 3.5727e-08
 854.50 2.8595e-08
 854.75 2.3906e-08
 855.00 2.0479e-08
 855.25 2.3554e-08
 855.50 1.4373e-08
 855.75 6.2954e-09
 856.00 1.1486e-08
 856.25 1.8960e-08
 856.50 1.7335e-08
 856.75 9.4208e-09
 857.00 7.9201e-09
 857.25 6.2708e-09
 857.50 6.7256e-09
 857.75 7.9971e-09
 858.00 2.8026e-08
 858.25 4.3165e-08
 858.50 3.5879e-08
 858.75 3.1363e-08
 859.00 3.9899e-08
 859.25 4.5606e-08
 859.50 2.8689e-08
 859.75 3.1326e-09
 860.00 3.9486e-09
 860.25 2.3696e-08
 860.50 1.7383e-08
 860.75 -1.0909e-08
 861.00 -5.8376e-09
 861.25 1.7863e-08
 861.50 1.1602e-08
 861.75 4.3886e-09
 862.00 6.0576e-09
 862.25 1.4204e-08
 862.50 2.4605e-08
 862.75 1.9415e-08
 863.00 1.1080e-08
 863.25 6.2784e-09
 863.50 -5.2978e-09
 863.75 -3.3614e-09
 864.00 1.8454e-08
 864.25 1.9761e-08
 864.50 1.9173e-08
 864.75 2.1657e-08
 865.00 1.9593e-08
 865.25 2.0790e-08
 865.50 4.0940e-09
 865.75 8.5040e-09
 866.00 2.2515e-08
 866.25 1.0139e-08
 866.50 1.3869e-08
 866.75 1.8232e-08
 867.00 2.0884e-10
 867.25 1.1368e-08
 867.50 3.3712e-08
 867.75 3.5831e-08
 868.00 3.3526e-08
 868.25 2.3302e-08
 868.50 1.4056e-08
 868.75 5.7928e-09
 869.00 9.8558e-09
 869.25 8.8156e-09
 869.50 1.4460e-09
 869.75 5.2613e-09
 870.00 -6.5169e-10
 870.25 -5.4169e-09
 870.50 2.1088e-09
 870.75 -2.5696e-09
 871.00 -7.6958e-09
 871.25 -1.5449e-09
 871.50 1.0536e-09
 871.75 2.2308e-08
 872.00 4.0006e-08
 872.25 3.4652e-08
 872.50 1.9925e-08
 872.75 3.0183e-09
 873.00 -8.2286e-09
 873.25 -1.3538e-08
 873.50 -1.5810e-08
 873.75 -1.4623e-09
 874.00 1.5530e-08
 874.25 3.3659e-09
 874.50 -5.7423e-09
 874.75 -5.7283e-09
 875.00 -1.0474e-08
 875.25 -1.3283e-08
 875.50 -7.2910e-09
 875.75 5.3196e-09
 876.00 1.3404e-08
 876.25 1.3562e-08
 876.50 6.3598e-09
 876.75 2.6530e-09
 877.00 1.0931e-08
 877.25 2.4465e-08
 877.50 1.5876e-08
 877.75 -3.4887e-09
 878.00 1.9459e-09
 878.25 6.5682e-09
 878.50 6.7180e-09
 878.75 1.3760e-08
 879.00 4.4867e-09
 879.25 -1.3667e-08
 879.50 -1.3899e-08
 879.75 4.4991e-10
 880.00 -8.5443e-09
 880.25 -2.3104e-08
 880.50 -4.1247e-09
 880.75 9.1878e-09
 881.00 8.3580e-09
 881.25 1.6889e-08
 881.50 1.4360e-08
 881.75 1.3657e-08
 882.00 1.8476e-08
 882.25 1.0213e-08
 882.50 6.3236e-09
 882.75 1.1078e-08
 883.00 8.6436e-09
 883.25 6.0698e-09
 883.50 1.6910e-08
 883.75 9.1377e-09
 884.00 -1.6303e-08
 884.25 -1.1095e-08
 884.50 2.2907e-09
 884.75 3.6188e-09
 885.00 3.3644e-09
 885.25 2.6723e-09
 885.50 9.4447e-09
 885.75 8.3560e-09
 886.00 -1.0316e-10
 886.25 -9.4180e-10
 886.50 1.0742e-08
 886.75 1.0743e-08
 887.00 -7.2571e-09
 887.25 -1.4028e-08
 887.50 7.6738e-09
 887.75 1.6081e-08
 888.00 -6.5303e-09
 888.25 1.2843e-09
 888.50 1.7639e-08
 888.75 4.1668e-09
 889.00 -2.0628e-09
 889.25 4.3129e-10
 889.50 -1.5443e-08
 889.75 -2.4332e-08
 890.00 -1.9049e-08
 890.25 -1.2289e-08
 890.50 -1.7654e-08
 890.75 -1.8875e-08
 891.00 3.0729e-09
 891.25 2.2373e-08
 891.50 2.7665e-08
 891.75 6.1608e-09
 892.00 -1.5470e-08
 892.25 -9.3212e-09
 892.50 8.7065e-09
 892.75 1.1823e-08
 893.00 -2.4431e-09
 893.25 -9.8334e-09
 893.50 -7.4155e-09
 893.75 1.5493e-09
 894.00 9.4118e-09
 894.25 7.7745e-09
 894.50 4.3414e-09
 894.75 7.2851e-09
 895.00 1.1264e-08
 895.25 3.7187e-09
 895.50 -3.0939e-09
 895.75 -3.5874e-09
 896.00 -5.4501e-09
 896.25 -7.0844e-09
 896.50 5.5278e-09
 896.75 1.5468e-08
 897.00 1.5913e-08
 897.25 2.3668e-08
 897.50 1.4751e-08
 897.75 -8.1332e-09
 898.00 -2.2244e-08
 898.25 8.3406e-10
 898.50 3.1622e-08
 898.75 2.9823e-08
 899.00 4.3904e-09
 899.25 -1.9332e-08
 899.50 -9.1906e-09
 899.75 1.8617e-08
 900.00 2.4045e-08
 900.25 1.2298e-08
 900.50 7.9837e-09
 900.75 4.9892e-09
 901.00 7.5211e-09
 901.25 -9.2653e-10
 901.50 -2.2083e-08
 901.75 -3.0825e-08
 902.00 -2.0755e-08
 902.25 -4.4853e-09
 902.50 -1.9055e-08
 902.75 -3.9399e-08
 903.00 -3.0147e-08
 903.25 -1.7096e-08
 903.50 2.9746e-09
 903.75 1.4358e-08
 904.00 1.5087e-09
 904.25 4.2526e-09
 904.50 1.9498e-08
 904.75 1.0545e-08
 905.00 -1.1404e-08
 905.25 9.3731e-10
 905.50 2.3766e-08
 905.75 9.3142e-09
 906.00 1.1209e-09
 906.25 1.8341e-09
 906.50 -8.5469e-09
 906.75 -1.1127e-09
 907.00 7.0405e-09
 907.25 1.2970e-08
 907.50 2.3624e-08
 907.75 2.5241e-08
 908.00 1.1317e-08
 908.25 4.4493e-10
 908.50 -9.3106e-09
 908.75 -1.1532e-08
 909.00 -3.7912e-09
 909.25 2.4366e-09
 909.50 7.4172e-09
 909.75 3.9017e-09
 910.00 3.8377e-09
 910.25 -1.4226e-08
 910.50 -2.6850e-08
 910.75 -2.3073e-08
 911.00 -7.0145e-09
 911.25 1.4205e-08
 911.50 1.4126e-08
 911.75 6.8453e-09
 912.00 4.2381e-09
 912.25 3.5459e-09
 912.50 -2.3512e-09
 912.75 -9.2204e-09
 913.00 -2.3465e-08
 913.25 -2.9708e-08
 913.50 -2.8232e-08
 913.75 -2.6567e-08
 914.00 -1.3434e-08
 914.25 1.1117e-08
 914.50 1.4740e-08
 914.75 -4.2257e-09
 915.00 -1.1981e-08
 915.25 -7.5494e-09
 915.50 -2.1447e-09
 915.75 -1.1341e-08
 916.00 -9.2986e-09
 916.25 9.8043e-09
 916.50 2.6298e-08
 916.75 1.3043e-08
 917.00 -1.0329e-08
 917.25 -8.9668e-09
 917.50 -1.0315e-08
 917.75 2.8851e-09
 918.00 1.9909e-08
 918.25 1.1308e-08
 918.50 7.0330e-09
 918.75 2.2324e-08
 919.00 2.2841e-08
 919.25 9.9489e-09
 919.50 1.2116e-08
 919.75 1.3962e-08
 920.00 3.1655e-09
 920.25 1.4718e-08
 920.50 3.2198e-08
 920.75 2.1749e-08
 921.00 2.0166e-08
 921.25 1.5191e-08
 921.50 1.7124e-08
 921.75 2.4452e-08
 922.00 9.3014e-09
 922.25 1.0011e-09
 922.50 2.1479e-09
 922.75 -5.1094e-12
 923.00 6.0851e-11
 923.25 -2.2934e-09
 923.50 -1.0292e-08
 923.75 -1.2181e-08
 924.00 -1.5245e-08
 924.25 -2.0912e-08
 924.50 -1.0136e-08
 924.75 2.6438e-09
 925.00 -1.0000e-09
 925.25 -8.5178e-09
 925.50 -1.4261e-08
 925.75 -3.7324e-09
 926.00 7.1312e-09
 926.25 -4.3730e-09
 926.50 -5.0709e-09
 926.75 1.3924e-08
 927.00 8.6833e-09
 927.25 -1.0631e-08
 927.50 -9.6636e-09
 927.75 4.9878e-09
 928.00 -5.8248e-09
 928.25 -1.8866e-08
 928.50 -6.8107e-09
 928.75 -7.7707e-09
 929.00 -5.6114e-09
 929.25 -1.0053e-08
 929.50 -9.3483e-09
 929.75 1.8308e-09
 930.00 -2.9252e-09
 930.25 -1.1503e-08
 930.50 -1.2713e-08
 930.75 -2.1444e-08
 931.00 -2.6729e-08
 931.25 1.9448e-09
 931.50 1.8052e-08
 931.75 1.1269e-08
 932.00 1.1243e-08
 932.25 7.8553e-09
 932.50 1.5789e-09
 932.75 -2.3967e-09
 933.00 1.2258e-09
 933.25 1.7500e-08
 933.50 1.4848e-08
 933.75 -4.1677e-09
 934.00 -9.9187e-09
 934.25 -7.8627e-10
 934.50 1.1839e-08
 934.75 9.7281e-09
 935.00 -2.9727e-09
 935.25 1.1989e-08
 935.50 3.7168e-08
 935.75 1.6492e-08
 936.00 -1.9564e-08
 936.25 -3.5709e-08
 936.50 -2.7650e-08
 936.75 -9.2732e-09
 937.00 5.2140e-09
 937.25 2.0771e-08
 937.50 1.7576e-08
 937.75 5.5961e-09
 938.00 1.9695e-09
 938.25 1.0420e-08
 938.50 1.5029e-08
 938.75 1.5306e-08
 939.00 1.8881e-08
 939.25 9.5794e-09
 939.50 3.7405e-09
 939.75 -2.4154e-09
 940.00 -5.8648e-09
 940.25 1.2224e-08
 940.50 2.4857e-08
 940.75 9.2177e-10
 941.00 -9.3328e-09
 941.25 6.4633e-09
 941.50 -6.0749e-10
 941.75 -2.5147e-08
 942.00 -2.5517e-08
 942.25 -4.1428e-09
 942.50 8.6332e-09
 942.75 7.8291e-10
 943.00 -1.4498e-08
 943.25 -2.0758e-08
 943.50 -1.7827e-08
 943.75 4.3301e-09
 944.00 1.6851e-08
 944.25 1.9165e-08
 944.50 -1.1464e-08
 944.75 -4.0699e-08
 945.00 -2.3837e-08
 945.25 -7.1712e-09
 945.50 -1.0411e-08
 945.75 -3.1454e-09
 946.00 2.3080e-08
 946.25 2.2676e-08
 946.50 8.4027e-09
 946.75 -1.9584e-09
 947.00 -9.9692e-09
 947.25 -1.4414e-08
 947.50 -5.0729e-09
 947.75 1.3787e-08
 948.00 3.1235e-08
 948.25 3.2868e-08
 948.50 1.5632e-08
 948.75 -2.3291e-10
 949.00 -5.2059e-09
 949.25 -1.1644e-08
 949.50 -1.0160e-09
 949.75 1.2312e-08
 950.00 4.4565e-09
 950.25 -6.6936e-09
 950.50 -1.7399e-08
 950.75 -6.3081e-09
 951.00 1.3753e-08
 951.25 1.1006e-08
 951.50 -1.2900e-09
 951.75 1.0763e-08
 952.00 2.0301e-08
 952.25 2.7632e-08
 952.50 3.1497e-08
 952.75 1.3155e-08
 953.00 -5.1147e-09
 953.25 -8.0808e-09
 953.50 -1.4778e-08
 953.75 -1.8823e-08
 954.00 -1.7497e-08
 954.25 -1.2623e-08
 954.50 -8.9359e-09
 954.75 -9.3774e-09
 955.00 -2.8358e-09
 955.25 8.3301e-09
 955.50 2.0661e-08
 955.75 2.0164e-09
 956.00 -4.2949e-09
 956.25 -1.7519e-08
 956.50 -4.5503e-08
 956.75 -5.4980e-08
 957.00 -3.0799e-08
 957.25 -1.9442e-08
 957.50 -3.8224e-08
 957.75 -2.5006e-08
 958.00 7.4318e-09
 958.25 2.4117e-08
 958.50 6.8379e-09
 958.75 -1.2781e-08
 959.00 -1.2693e-08
 959.25 1.5547e-09
 959.50 -8.5598e-09
 959.75 7.9584e-09
 960.00 1.6838e-08
 960.25 1.4308e-09
 960.50 5.7125e-09
 960.75 2.3657e-09
 961.00 -3.7393e-09
 961.25 -1.0426e-08
 961.50 -7.5680e-09
 961.75 -3.0715e-09
 962.00 8.8381e-09
 962.25 5.6392e-09
 962.50 -2.8520e-09
 962.75 -1.1072e-08
 963.00 -1.0989e-08
 963.25 4.1275e-09
 963.50 8.8715e-09
 963.75 3.4542e-09
 964.00 8.5533e-09
 964.25 9.4048e-09
 964.50 -5.5654e-09
 964.75 -1.8269e-08
 965.00 -1.3026e-08
 965.25 1.2398e-08
 965.50 7.5333e-09
 965.75 -2.0487e-08
 966.00 -2.0012e-08
 966.25 4.8556e-09
 966.50 2.1135e-08
 966.75 3.1142e-08
 967.00 2.5172e-08
 967.25 2.0927e-08
 967.50 2.7901e-08
 967.75 2.9980e-08
 968.00 5.3001e-09
 968.25 -1.8583e-09
 968.50 2.9490e-08
 968.75 2.7253e-08
 969.00 2.0056e-08
 969.25 1.4432e-08
 969.50 1.2507e-08
 969.75 8.3373e-09
 970.00 1.8661e-09
 970.25 -2.9964e-10
 970.50 2.4366e-09
 970.75 2.4286e-08
 971.00 6.4987e-09
 971.25 -2.2004e-08
 971.50 -1.8001e-08
 971.75 -2.1228e-08
 972.00 -3.3436e-08
 972.25 -2.6857e-08
 972.50 -5.2161e-09
 972.75 -5.5041e-09
 973.00 -2.4926e-08
 973.25 -9.6744e-09
 973.50 2.1557e-08
 973.75 2.1149e-08
 974.00 7.2281e-09
 974.25 -5.0371e-09
 974.50 -1.0612e-09
 974.75 8.1782e-09
 975.00 -4.9470e-09
 975.25 -8.1826e-09
 975.50 2.1665e-09
 975.75 -5.0606e-09
 976.00 -6.3809e-09
 976.25 1.3542e-08
 976.50 2.4632e-08
 976.75 1.1783e-08
 977.00 5.1229e-09
 977.25 1.5914e-09
 977.50 -6.8230e-09
 977.75 -1.9241e-09
 978.00 -3.0761e-09
 978.25 4.7697e-09
 978.50 1.2866e-08
 978.75 -5.8288e-09
 979.00 -1.2862e-08
 979.25 -2.3398e-09
 979.50 8.8965e-10
 979.75 -3.1891e-09
 980.00 -7.8305e-09
 980.25 -1.1084e-08
 980.50 -1.4235e-08
 980.75 -3.4740e-09
 981.00 1.3132e-08
 981.25 -3.0830e-09
 981.50 -1.9139e-08
 981.75 2.8199e-09
 982.00 3.2949e-08
 982.25 3.3397e-08
 982.50 6.0941e-09
 982.75 -9.1130e-09
 983.00 -7.9226e-09
 983.25 -6.5747e-09
 983.50 1.8031e-09
 983.75 7.2129e-09
 984.00 1.0458e-09
 984.25 -1.7699e-09
 984.50 -5.1109e-09
 984.75 -1.1634e-08
 985.00 -1.8727e-08
 985.25 -1.5461e-09
 985.50 1.7307e-08
 985.75 6.0331e-09
 986.00 4.3390e-09
 986.25 -1.4134e-09
 986.50 -1.0840e-08
 986.75 3.3548e-09
 987.00 1.9417e-08
 987.25 9.0576e-09
 987.50 -8.5663e-09
 987.75 -9.7582e-09
 988.00 -1.2431e-08
 988.25 -1.6021e-08
 988.50 2.8394e-09
 988.75 2.3147e-08
 989.00 1.8784e-08
 989.25 6.0342e-09
 989.50 -1.1058e-08
 989.75 -1.2313e-08
 990.00 -1.2417e-08
 990.25 -4.5218e-09
 990.50 1.9284e-08
 990.75 8.6596e-09
 991.00 -4.5558e-09
 991.25 -3.2080e-09
 991.50 -1.7019e-08
 991.75 -2.8506e-08
 992.00 -1.2214e-08
 992.25 1.5790e-09
 992.50 1.0418e-08
 992.75 2.8550e-08
 993.00 2.4390e-08
 993.25 1.4927e-08
 993.50 4.3829e-09
 993.75 -1.3922e-08
 994.00 -8.7225e-09
 994.25 7.9474e-09
 994.50 1.6651e-08
 994.75 1.9077e-08
 995.00 2.1606e-09
 995.25 -1.9337e-08
 995.50 -1.6712e-08
 995.75 8.4894e-10
 996.00 2.4529e-08
 996.25 2.4532e-08
 996.50 8.9779e-09
 996.75 1.3190e-08
 997.00 6.4391e-09
 997.25 1.6522e-08
 997.50 2.7516e-08
 997.75 -3.5314e-09
 998.00 -2.4043e-08
 998.25 -1.1208e-08
 998.50 8.6457e-09
 998.75 -7.9656e-09
 999.00 -2.4827e-08
 999.25 -9.5166e-09
 999.50 9.4714e-09
 999.75 2.0300e-08
1000.00 3.9655e-09
1000.25 -1.9722e-08
1000.50 -1.4401e-08
1000.75 9.6143e-09
1001.00 2.0436e-08
1001.25 1.5753e-08
1001.50 1.3293e-08
1001.75 1.7404e-08
1002.00 1.1866e-08
1002.25 -7.3167e-10
1002.50 -9.8941e-10
1002.75 -7.7086e-09
1003.00 -2.3371e-08
1003.25 -3.0722e-08
1003.50 -1.7217e-08
1003.75 -5.5358e-09
1004.00 -2.6139e-08
1004.25 -1.8071e-08
1004.50 1.1782e-08
1004.75 2.8794e-09
1005.00 -1.1259e-08
1005.25 -7.7394e-09
1005.50 -4.1643e-09
1005.75 -1.8979e-08
1006.00 -3.0623e-08
1006.25 -2.1593e-08
1006.50 -1.4281e-08
1006.75 -8.8062e-09
1007.00 -1.0325e-08
1007.25 -3.2406e-08
1007.50 -3.2269e-08
1007.75 3.5763e-09
1008.00 -7.5093e-09
1008.25 -2.0803e-08
1008.50 7.4967e-09
1008.75 1.1040e-08
1009.00 2.9483e-09
1009.25 -3.7198e-09
1009.50 3.3577e-09
1009.75 1.4382e-08
1010.00 2.1992e-08
1010.25 2.5918e-08
1010.50 9.0707e-09
1010.75 -1.8016e-08
1011.00 -9.5449e-09
1011.25 2.7241e-08
1011.50 3.9478e-08
1011.75 4.0022e-08
1012.00 1.5309e-08
1012.25 -2.0014e-08
1012.50 -2.0839e-08
1012.75 1.4822e-09
1013.00 -8.5000e-09
1013.25 -1.9432e-08
1013.50 -4.0402e-09
1013.75 -1.5885e-08
1014.00 -2.5625e-08
1014.25 -9.3854e-09
1014.50 -1.5180e-08
1014.75 -2.9378e-08
1015.00 -1.3409e-08
1015.25 1.6246e-09
1015.50 1.6501e-08
1015.75 3.1140e-08
1016.00 2.2225e-08
1016.25 -7.1773e-09
1016.50 -2.4235e-08
1016.75 -2.0144e-08
1017.00 -4.4765e-09
1017.25 9.5984e-09
1017.50 -4.5051e-09
1017.75 -1.7618e-08
1018.00 5.9468e-11
1018.25 1.6946e-08
1018.50 1.2814e-08
1018.75 2.2711e-08
1019.00 4.3139e-08
1019.25 2.4964e-08
1019.50 1.4298e-08
1019.75 2.2801e-08
1020.00 2.1074e-08
1020.25 3.8717e-08
1020.50 2.1442e-08
1020.75 -1.2504e-09
1021.00 2.0032e-08
1021.25 2.2909e-08
1021.50 -4.3106e-10
1021.75 -9.5864e-09
1022.00 -1.1594e-08
1022.25 -7.6161e-09
1022.50 1.2929e-08
1022.75 1.7313e-08
1023.00 9.1257e-09
1023.25 -8.2110e-09
1023.50 -2.0670e-08
1023.75 -5.6458e-09
1024.00 -4.6340e-09
1024.25 -1.8899e-08
1024.50 -1.7912e-08
1024.75 -1.7699e-08
1025.00 -7.4792e-09
1025.25 7.4484e-09
1025.50 2.0073e-08
1025.75 1.4514e-08
1026.00 -2.1684e-08
1026.25 -3.4946e-08
1026.50 -2.8770e-08
1026.75 -2.9596e-08
1027.00 -6.4954e-09
1027.25 -1.0087e-08
1027.50 -2.1575e-08
1027.75 1.2746e-08
1028.00 1.9091e-08
1028.25 -1.8707e-08
1028.50 -4.3967e-08
1028.75 -1.8293e-08
1029.00 7.7539e-09
1029.25 2.2498e-08
1029.50 1.4502e-08
1029.75 -4.8691e-11
1030.00 -8.8806e-09
1030.25 -7.4616e-09
1030.50 9.9613e-09
1030.75 9.8093e-09
1031.00 2.4337e-08
1031.25 3.2727e-08
1031.50 1.1621e-08
1031.75 -1.5955e-08
1032.00 -9.3568e-09
1032.25 1.0532e-08
1032.50 1.0553e-08
1032.75 -1.9054e-09
1033.00 -1.5221e-08
1033.25 -1.4880e-08
1033.50 2.0983e-08
1033.75 4.3611e-08
1034.00 3.9591e-08
1034.25 4.4724e-08
1034.50 1.1975e-08
1034.75 -1.8280e-08
1035.00 -7.2974e-09
1035.25 -1.2117e-08
1035.50 -1.1925e-08
1035.75 1.0718e-08
1036.00 -5.2644e-09
1036.25 -5.4658e-09
1036.50 1.0076e-08
1036.75 8.4627e-09
1037.00 1.1738e-08
1037.25 2.2505e-08
1037.50 2.9955e-08
1037.75 1.8897e-08
1038.00 1.1802e-08
1038.25 -1.4777e-08
1038.50 -2.0485e-08
1038.75 -1.0422e-08
1039.00 -2.9090e-08
1039.25 -2.3151e-08
1039.50 4.6764e-09
1039.75 2.8655e-08
1040.00 1.4888e-08
1040.25 -3.1885e-08
1040.50 -3.7608e-08
1040.75 1.0702e-08
1041.00 2.8654e-08
1041.25 3.8888e-09
1041.50 7.0661e-10
1041.75 -1.6491e-08
1042.00 -4.3075e-08
1042.25 -2.9588e-08
1042.50 1.1828e-08
1042.75 8.6733e-09
1043.00 -7.4017e-09
1043.25 6.3599e-09
1043.50 1.6909e-08
1043.75 1.9015e-08
1044.00 -1.3133e-08
1044.25 -2.2134e-08
1044.50 -2.9435e-09
1044.75 5.7905e-09
1045.00 -6.0767e-09
1045.25 -1.9323e-08
1045.50 -5.5572e-09
1045.75 2.0079e-08
1046.00 1.7174e-08
1046.25 -5.3910e-09
1046.50 4.2996e-09
1046.75 2.6200e-08
1047.00 3.1671e-08
1047.25 1.4898e-08
1047.50 4.1742e-09
1047.75 6.1576e-09
1048.00 7.7933e-09
1048.25 2.1478e-08
1048.50 2.7996e-08
1048.75 1.4595e-08
1049.00 2.2885e-08
1049.25 3.2828e-08
1049.50 2.2836e-08
1049.75 8.6428e-10
1050.00 -1.7175e-08
1050.25 -2.7601e-08
1050.50 -2.4471e-08
1050.75 1.4230e-08
1051.00 1.0623e-08
1051.25 -1.7661e-08
1051.50 -2.0578e-08
1051.75 1.8895e-08
1052.00 7.0415e-08
1052.25 2.9838e-08
1052.50 -1.7860e-08
1052.75 -2.2185e-08
1053.00 -2.6993e-08
1053.25 -3.3550e-09
1053.50 3.2226e-08
1053.75 2.4199e-08
1054.00 -3.6786e-09
1054.25 1.3330e-08
1054.50 2.3204e-08
1054.75 8.6828e-09
1055.00 -4.5681e-09
1055.25 -2.1912e-08
1055.50 -3.4694e-08
1055.75 -1.9162e-08
1056.00 -1.1184e-09
1056.25 -1.1791e-08
1056.50 -9.0963e-09
1056.75 -6.6069e-09
1057.00 5.3925e-09
1057.25 1.6265e-08
1057.50 8.3988e-09
1057.75 -5.8311e-09
1058.00 -2.7914e-08
1058.25 -2.4977e-08
1058.50 8.6084e-10
1058.75 8.8384e-09
1059.00 -6.9722e-09
1059.25 -2.2885e-08
1059.50 -2.8783e-08
1059.75 -2.1610e-08
1060.00 2.5995e-09
1060.25 1.8984e-08
1060.50 1.9659e-08
1060.75 2.1146e-08
1061.00 -8.0167e-10
1061.25 -2.8297e-08
1061.50 -2.9880e-08
1061.75 2.1640e-08
1062.00 5.2506e-08
1062.25 1.9511e-08
1062.50 1.5293e-09
1062.75 -1.9225e-08
1063.00 -3.0847e-08
1063.25 -1.4598e-08
1063.50 -1.8539e-09
1063.75 -1.7740e-08
1064.00 -1.8809e-08
1064.25 1.2601e-08
1064.50 2.0028e-08
1064.75 2.7179e-08
1065.00 2.9969e-08
1065.25 2.5571e-08
1065.50 1.5228e-08
1065.75 6.8815e-09
1066.00 1.1312e-08
1066.25 -2.1454e-09
1066.50 -9.3247e-12
1066.75 4.3165e-09
1067.00 -8.2205e-09
1067.25 -2.4872e-08
1067.50 -3.2340e-08
1067.75 -1.8504e-08
1068.00 3.2518e-09
1068.25 2.9612e-08
1068.50 3.4222e-08
1068.75 1.3816e-08
1069.00 -3.8242e-09
1069.25 -1.2561e-09
1069.50 1.4379e-09
1069.75 -1.9194e-08
1070.00 -3.2557e-08
1070.25 -1.8521e-08
1070.50 -6.2941e-09
1070.75 -3.7222e-08
1071.00 -6.3021e-08
1071.25 -3.8468e-08
1071.50 -8.8934e-09
1071.75 1.5838e-08
1072.00 3.1775e-09
1072.25 -1.0244e-08
1072.50 8.5589e-10
1072.75 -4.0945e-09
1073.00 -1.0981e-08
1073.25 -9.2369e-09
1073.50 1.7872e-08
1073.75 2.9558e-08
1074.00 2.9817e-08
1074.25 1.9525e-08
1074.50 -9.4387e-09
1074.75 -2.6942e-08
1075.00 -2.7037e-08
1075.25 -2.5285e-09
1075.50 1.4279e-08
1075.75 2.5943e-08
1076.00 9.9972e-09
1076.25 -6.7490e-09
1076.50 1.5603e-08
1076.75 7.5602e-09
1077.00 -1.2053e-09
1077.25 1.9602e-08
1077.50 2.8365e-08
1077.75 -8.6325e-10
1078.00 -4.2972e-08
1078.25 -3.1331e-08
1078.50 1.0274e-08
1078.75 1.5762e-08
1079.00 1.1528e-08
1079.25 2.6751e-08
1079.50 3.5908e-08
1079.75 1.3542e-08
1080.00 -9.3552e-09
1080.25 -8.0076e-09
1080.50 -1.5351e-09
1080.75 2.2600e-08
1081.00 1.0898e-08
1081.25 -2.4440e-08
1081.50 -1.8061e-08
1081.75 1.0617e-08
1082.00 1.0005e-08
1082.25 -7.1463e-09
1082.50 -2.7898e-09
1082.75 2.1263e-08
1083.00 3.1705e-08
1083.25 -6.6065e-09
1083.50 -2.0881e-08
1083.75 -6.8355e-09
1084.00 1.1801e-08
1084.25 8.5353e-10
1084.50 4.2172e-09
1084.75 4.0612e-08
1085.00 1.9949e-08
1085.25 2.6815e-09
1085.50 -4.5695e-09
1085.75 -2.0169e-08
1086.00 -3.6641e-08
1086.25 -3.7434e-08
1086.50 -3.7321e-08
1086.75 -4.2398e-08
1087.00 -5.5626e-09
1087.25 1.7294e-08
1087.50 1.4085e-08
1087.75 4.4579e-09
1088.00 3.6062e-09
1088.25 1.7120e-08
1088.50 2.2853e-08
1088.75 -5.1845e-09
1089.00 -4.2643e-08
1089.25 -5.7067e-08
1089.50 -5.9965e-08
1089.75 -3.9497e-08
1090.00 -1.4704e-08
1090.25 1.7043e-08
1090.50 3.0221e-08
1090.75 1.6356e-08
1091.00 2.2709e-09
1091.25 3.6770e-08
1091.50 7.4800e-08
1091.75 4.4271e-08
1092.00 2.8344e-08
1092.25 2.1354e-08
1092.50 -1.1072e-08
1092.75 -2.6736e-08
1093.00 -1.2485e-08
1093.25 1.1345e-08
1093.50 1.1065e-08
1093.75 -7.0776e-09
1094.00 -1.0268e-08
1094.25 4.4314e-09
1094.50 2.0496e-08
1094.75 8.1657e-09
1095.00 -8.0816e-10
1095.25 -1.4663e-09
1095.50 -6.8067e-09
1095.75 -4.3107e-09
1096.00 1.5963e-08
1096.25 2.7084e-08
1096.50 3.1626e-08
1096.75 4.8997e-08
1097.00 3.5723e-08
1097.25 2.4877e-08
1097.50 3.3131e-08
1097.75 1.3279e-08
1098.00 -2.1956e-08
1098.25 -3.0086e-08
1098.50 -1.6039e-08
1098.75 1.0598e-08
1099.00 5.6593e-09
1099.25 1.0209e-08
1099.50 1.0218e-08
1099.75 -4.6006e-09
1100.00 -3.8219e-09
1100.25 -2.5506e-08
1100.50 -2.4388e-08
1100.75 1.2026e-08
1101.00 2.6538e-08
1101.25 2.4892e-08
1101.50 4.7149e-08
1101.75 3.8629e-08
1102.00 1.9477e-08
1102.25 -6.6616e-09
1102.50 -3.6904e-08
1102.75 -3.2277e-08
1103.00 7.7680e-09
1103.25 2.1878e-08
1103.50 1.1604e-08
1103.75 -5.9808e-09
1104.00 -1.7442e-08
1104.25 2.0235e-08
1104.50 7.4204e-09
1104.75 -3.9595e-08
1105.00 -4.8675e-08
1105.25 3.2393e-09
1105.50 3.2924e-08
1105.75 -1.1765e-09
1106.00 -1.1543e-08
1106.25 1.3819e-08
1106.50 -2.6108e-08
1106.75 -7.5955e-08
1107.00 -3.8894e-08
1107.25 -7.6400e-09
1107.50 3.6583e-08
1107.75 6.5559e-08
1108.00 3.8699e-08
1108.25 5.7259e-10
1108.50 -1.8455e-08
1108.75 -2.0301e-08
1109.00 -1.0869e-08
1109.25 4.1406e-09
1109.50 1.8969e-08
1109.75 5.2677e-08
1110.00 5.6798e-08
1110.25 3.8301e-08
1110.50 1.1082e-08
1110.75 -1.7056e-08
1111.00 -1.6842e-08
1111.25 -2.6153e-08
1111.50 -5.3015e-08
1111.75 -4.8094e-08
1112.00 -2.7111e-08
1112.25 5.5987e-09
1112.50 4.1069e-08
1112.75 3.9464e-08
1113.00 8.9899e-09
1113.25 8.6594e-09
1113.50 5.1143e-08
1113.75 4.8778e-08
1114.00 1.4802e-08
1114.25 -4.3202e-08
1114.50 -6.9600e-08
1114.75 -4.6170e-08
1115.00 -1.0132e-08
1115.25 1.8072e-08
1115.50 6.3843e-09
1115.75 -1.0071e-08
1116.00 -1.2230e-08
1116.25 -3.3086e-08
1116.50 -1.6341e-08
1116.75 1.3877e-08
1117.00 -2.7826e-08
1117.25 -1.8663e-08
1117.50 -1.3274e-09
1117.75 -2.8562e-09
1118.00 -3.6547e-08
1118.25 -4.0488e-08
1118.50 -9.4263e-09
1118.75 -5.6919e-09
1119.00 2.7713e-08
1119.25 2.6679e-08
1119.50 -1.8957e-08
1119.75 -2.0009e-08
1120.00 5.3904e-09
1120.25 -2.7483e-08
1120.50 -8.5303e-08
1120.75 -1.1241e-07
1121.00 -5.1942e-08
1121.25 -3.0043e-08
1121.50 -2.7872e-08
1121.75 -1.1767e-08
1122.00 -2.0579e-08
1122.25 -1.6567e-08
1122.50 2.2586e-08
1122.75 9.4151e-08
1123.00 1.0650e-07
1123.25 4.3384e-08
1123.50 -1.9393e-08
1123.75 -7.7823e-09
1124.00 7.1460e-08
1124.25 1.0573e-07
1124.50 4.1314e-08
1124.75 -1.3705e-09
1125.00 1.9040e-08
