# Spectrum from Mathe et al. 2019
2221
128
 570.00 7.0573e-08
 570.25 6.7841e-08
 570.50 5.0595e-08
 570.75 1.7232e-08
 571.00 -3.8328e-09
 571.25 1.2778e-08
 571.50 3.0553e-08
 571.75 3.2026e-08
 572.00 4.3608e-08
 572.25 9.3659e-08
 572.50 7.9303e-08
 572.75 5.7179e-08
 573.00 -1.4761e-08
 573.25 -1.2632e-07
 573.50 -2.2960e-07
 573.75 -2.4266e-07
 574.00 6.1526e-09
 574.25 1.4619e-07
 574.50 1.5565e-07
 574.75 1.4955e-07
 575.00 8.9972e-08
 575.25 5.7414e-08
 575.50 6.5967e-08
 575.75 8.2815e-08
 576.00 8.1284e-08
 576.25 7.1526e-08
 576.50 5.6289e-08
 576.75 6.8755e-08
 577.00 7.6280e-08
 577.25 7.7971e-08
 577.50 7.8720e-08
 577.75 7.6447e-08
 578.00 6.5231e-08
 578.25 5.8707e-08
 578.50 5.9879e-08
 578.75 7.0985e-08
 579.00 6.1108e-08
 579.25 5.6892e-08
 579.50 6.5289e-08
 579.75 6.9098e-08
 580.00 6.9974e-08
 580.25 5.8640e-08
 580.50 5.5189e-08
 580.75 5.4832e-08
 581.00 4.8021e-08
 581.25 3.2692e-08
 581.50 3.3513e-08
 581.75 4.3905e-08
 582.00 5.2895e-08
 582.25 5.3164e-08
 582.50 5.9755e-08
 582.75 6.5637e-08
 583.00 6.7223e-08
 583.25 5.5479e-08
 583.50 4.7233e-08
 583.75 4.9562e-08
 584.00 5.6283e-08
 584.25 5.9092e-08
 584.50 5.5412e-08
 584.75 5.7464e-08
 585.00 5.2488e-08
 585.25 4.9845e-08
 585.50 5.0748e-08
 585.75 4.5952e-08
 586.00 4.2454e-08
 586.25 4.9901e-08
 586.50 5.4400e-08
 586.75 6.0176e-08
 587.00 5.9303e-08
 587.25 5.5898e-08
 587.50 5.4731e-08
 587.75 5.5459e-08
 588.00 5.2098e-08
 588.25 5.1055e-08
 588.50 5.2769e-08
 588.75 5.2356e-08
 589.00 5.1372e-08
 589.25 5.4952e-08
 589.50 5.3742e-08
 589.75 4.9839e-08
 590.00 5.2144e-08
 590.25 5.0507e-08
 590.50 5.2448e-08
 590.75 5.4514e-08
 591.00 5.7608e-08
 591.25 5.3060e-08
 591.50 5.8052e-08
 591.75 6.1852e-08
 592.00 6.0828e-08
 592.25 5.8719e-08
 592.50 5.7230e-08
 592.75 5.6833e-08
 593.00 5.4579e-08
 593.25 5.6050e-08
 593.50 5.4947e-08
 593.75 5.3757e-08
 594.00 5.1491e-08
 594.25 5.2871e-08
 594.50 5.3968e-08
 594.75 5.6026e-08
 595.00 5.9061e-08
 595.25 5.9376e-08
 595.50 5.5573e-08
 595.75 5.7371e-08
 596.00 5.6739e-08
 596.25 5.1583e-08
 596.50 5.0647e-08
 596.75 5.2725e-08
 597.00 5.1859e-08
 597.25 5.0753e-08
 597.50 6.3091e-08
 597.75 7.2290e-08
 598.00 6.7095e-08
 598.25 6.0239e-08
 598.50 5.4478e-08
 598.75 5.6466e-08
 599.00 6.0500e-08
 599.25 5.8461e-08
 599.50 5.4417e-08
 599.75 5.0294e-08
 600.00 5.1265e-08
 600.25 5.0264e-08
 600.50 4.9824e-08
 600.75 4.9409e-08
 601.00 4.9670e-08
 601.25 5.3089e-08
 601.50 5.5443e-08
 601.75 5.6490e-08
 602.00 5.6700e-08
 602.25 5.7014e-08
 602.50 5.5808e-08
 602.75 5.6930e-08
 603.00 5.8911e-08
 603.25 5.7180e-08
 603.50 5.4282e-08
 603.75 5.2960e-08
 604.00 5.0374e-08
 604.25 4.7474e-08
 604.50 4.9311e-08
 604.75 4.8802e-08
 605.00 5.1319e-08
 605.25 5.2962e-08
 605.50 5.1112e-08
 605.75 5.0044e-08
 606.00 4.9559e-08
 606.25 5.4431e-08
 606.50 5.5182e-08
 606.75 5.3291e-08
 607.00 5.4239e-08
 607.25 5.7620e-08
 607.50 5.9445e-08
 607.75 5.8642e-08
 608.00 5.6254e-08
 608.25 5.5320e-08
 608.50 5.5239e-08
 608.75 5.8174e-08
 609.00 5.6761e-08
 609.25 5.6451e-08
 609.50 5.6558e-08
 609.75 5.1205e-08
 610.00 5.2798e-08
 610.25 5.8154e-08
 610.50 6.0070e-08
 610.75 6.0130e-08
 611.00 6.5017e-08
 611.25 6.2493e-08
 611.50 5.7153e-08
 611.75 5.6153e-08
 612.00 5.9398e-08
 612.25 6.0968e-08
 612.50 6.0021e-08
 612.75 6.1391e-08
 613.00 6.0669e-08
 613.25 6.0239e-08
 613.50 6.2396e-08
 613.75 6.3655e-08
 614.00 6.2837e-08
 614.25 6.3373e-08
 614.50 5.9740e-08
 614.75 5.8211e-08
 615.00 6.0132e-08
 615.25 6.2534e-08
 615.50 6.3835e-08
 615.75 6.3490e-08
 616.00 6.6191e-08
 616.25 6.7034e-08
 616.50 6.9759e-08
 616.75 6.7072e-08
 617.00 6.6832e-08
 617.25 6.7923e-08
 617.50 6.8408e-08
 617.75 7.2455e-08
 618.00 7.0985e-08
 618.25 7.3667e-08
 618.50 6.9359e-08
 618.75 7.3235e-08
 619.00 7.3939e-08
 619.25 7.4560e-08
 619.50 7.6637e-08
 619.75 7.2737e-08
 620.00 7.4100e-08
 620.25 7.2894e-08
 620.50 7.5538e-08
 620.75 7.1301e-08
 621.00 7.1762e-08
 621.25 6.9203e-08
 621.50 7.2410e-08
 621.75 7.5277e-08
 622.00 7.7409e-08
 622.25 8.4852e-08
 622.50 8.1646e-08
 622.75 8.2052e-08
 623.00 7.7403e-08
 623.25 7.9263e-08
 623.50 7.9977e-08
 623.75 7.8337e-08
 624.00 7.8994e-08
 624.25 7.6321e-08
 624.50 8.1734e-08
 624.75 7.8533e-08
 625.00 8.2242e-08
 625.25 8.2458e-08
 625.50 8.2343e-08
 625.75 8.3616e-08
 626.00 8.0517e-08
 626.25 7.7417e-08
 626.50 7.4630e-08
 626.75 9.2327e-08
 627.00 9.1274e-08
 627.25 8.9751e-08
 627.50 9.6820e-08
 627.75 1.7288e-07
 628.00 2.3839e-07
 628.25 1.7898e-07
 628.50 1.1821e-07
 628.75 9.1450e-08
 629.00 9.0527e-08
 629.25 8.8911e-08
 629.50 1.0330e-07
 629.75 1.0893e-07
 630.00 1.0117e-07
 630.25 1.0487e-07
 630.50 1.0457e-07
 630.75 1.1781e-07
 631.00 1.1244e-07
 631.25 1.4283e-07
 631.50 1.4261e-07
 631.75 1.2749e-07
 632.00 1.3170e-07
 632.25 1.2651e-07
 632.50 1.4135e-07
 632.75 1.3717e-07
 633.00 1.7436e-07
 633.25 1.6970e-07
 633.50 1.5086e-07
 633.75 1.3981e-07
 634.00 1.3066e-07
 634.25 1.3665e-07
 634.50 1.3218e-07
 634.75 1.5536e-07
 635.00 1.3086e-07
 635.25 1.1632e-07
 635.50 1.0689e-07
 635.75 1.0186e-07
 636.00 1.0211e-07
 636.25 9.9583e-08
 636.50 9.8460e-08
 636.75 8.3553e-08
 637.00 8.9215e-08
 637.25 9.1052e-08
 637.50 9.3292e-08
 637.75 8.4426e-08
 638.00 8.1852e-08
 638.25 8.3309e-08
 638.50 8.0278e-08
 638.75 7.9344e-08
 639.00 7.6441e-08
 639.25 7.9129e-08
 639.50 7.3914e-08
 639.75 7.5543e-08
 640.00 7.5286e-08
 640.25 7.2246e-08
 640.50 7.4126e-08
 640.75 7.2698e-08
 641.00 7.7150e-08
 641.25 7.5319e-08
 641.50 8.1470e-08
 641.75 7.7694e-08
 642.00 7.9206e-08
 642.25 8.3992e-08
 642.50 7.8212e-08
 642.75 8.0094e-08
 643.00 7.1238e-08
 643.25 7.4788e-08
 643.50 7.5269e-08
 643.75 7.6854e-08
 644.00 7.8422e-08
 644.25 7.7475e-08
 644.50 7.7127e-08
 644.75 6.8035e-08
 645.00 7.0419e-08
 645.25 7.1732e-08
 645.50 6.8984e-08
 645.75 7.1305e-08
 646.00 7.5408e-08
 646.25 6.9544e-08
 646.50 6.3741e-08
 646.75 6.8646e-08
 647.00 6.6781e-08
 647.25 7.2541e-08
 647.50 7.3916e-08
 647.75 6.5674e-08
 648.00 6.2930e-08
 648.25 6.2262e-08
 648.50 6.9578e-08
 648.75 7.6110e-08
 649.00 7.9405e-08
 649.25 6.9771e-08
 649.50 6.2678e-08
 649.75 6.4775e-08
 650.00 6.7858e-08
 650.25 6.7915e-08
 650.50 6.2854e-08
 650.75 5.3842e-08
 651.00 4.6281e-08
 651.25 5.3755e-08
 651.50 6.0490e-08
 651.75 6.7495e-08
 652.00 7.0839e-08
 652.25 5.9606e-08
 652.50 5.7305e-08
 652.75 6.3803e-08
 653.00 6.3941e-08
 653.25 6.2979e-08
 653.50 6.5561e-08
 653.75 6.3440e-08
 654.00 5.9159e-08
 654.25 5.4450e-08
 654.50 4.6411e-08
 654.75 5.2396e-08
 655.00 6.2237e-08
 655.25 5.8250e-08
 655.50 5.4832e-08
 655.75 6.5344e-08
 656.00 6.6544e-08
 656.25 6.3921e-08
 656.50 6.8695e-08
 656.75 6.4672e-08
 657.00 5.3630e-08
 657.25 4.7292e-08
 657.50 4.7929e-08
 657.75 5.9998e-08
 658.00 7.6043e-08
 658.25 7.2136e-08
 658.50 6.4663e-08
 658.75 6.4474e-08
 659.00 5.6815e-08
 659.25 5.1949e-08
 659.50 5.9497e-08
 659.75 6.1386e-08
 660.00 5.3756e-08
 660.25 4.5707e-08
 660.50 4.9847e-08
 660.75 6.0212e-08
 661.00 6.8607e-08
 661.25 6.2227e-08
 661.50 6.0249e-08
 661.75 6.5220e-08
 662.00 5.8628e-08
 662.25 5.7197e-08
 662.50 6.4770e-08
 662.75 6.7517e-08
 663.00 6.0552e-08
 663.25 5.9411e-08
 663.50 5.5627e-08
 663.75 5.3685e-08
 664.00 5.5967e-08
 664.25 5.9283e-08
 664.50 6.6110e-08
 664.75 6.7294e-08
 665.00 5.1680e-08
 665.25 4.9004e-08
 665.50 6.5055e-08
 665.75 7.4693e-08
 666.00 6.1593e-08
 666.25 4.8115e-08
 666.50 4.9560e-08
 666.75 5.4455e-08
 667.00 5.8933e-08
 667.25 1.1258e-07
 667.50 2.0508e-07
 667.75 2.0345e-07
 668.00 1.4934e-07
 668.25 1.0685e-07
 668.50 8.4329e-08
 668.75 7.2868e-08
 669.00 6.1421e-08
 669.25 5.6936e-08
 669.50 5.3948e-08
 669.75 5.4182e-08
 670.00 5.9017e-08
 670.25 7.3225e-08
 670.50 7.7904e-08
 670.75 6.4250e-08
 671.00 5.2768e-08
 671.25 5.9218e-08
 671.50 5.7152e-08
 671.75 5.1002e-08
 672.00 4.7457e-08
 672.25 4.5137e-08
 672.50 5.7379e-08
 672.75 7.3722e-08
 673.00 6.6695e-08
 673.25 6.7371e-08
 673.50 7.8797e-08
 673.75 7.2235e-08
 674.00 6.0173e-08
 674.25 6.5915e-08
 674.50 6.7598e-08
 674.75 6.3997e-08
 675.00 7.4768e-08
 675.25 6.7696e-08
 675.50 5.6418e-08
 675.75 5.7792e-08
 676.00 6.5891e-08
 676.25 7.3000e-08
 676.50 8.0191e-08
 676.75 6.6999e-08
 677.00 5.8016e-08
 677.25 7.6359e-08
 677.50 9.4951e-08
 677.75 1.0187e-07
 678.00 9.6378e-08
 678.25 8.0246e-08
 678.50 6.4087e-08
 678.75 6.1117e-08
 679.00 6.8811e-08
 679.25 8.3384e-08
 679.50 1.0720e-07
 679.75 1.1668e-07
 680.00 8.6229e-08
 680.25 5.5182e-08
 680.50 5.4446e-08
 680.75 6.8931e-08
 681.00 6.4616e-08
 681.25 5.4718e-08
 681.50 5.5436e-08
 681.75 6.7447e-08
 682.00 9.9575e-08
 682.25 1.2325e-07
 682.50 1.0116e-07
 682.75 6.6462e-08
 683.00 5.6478e-08
 683.25 5.7149e-08
 683.50 5.6295e-08
 683.75 6.5037e-08
 684.00 7.7572e-08
 684.25 1.1145e-07
 684.50 1.2867e-07
 684.75 7.6918e-08
 685.00 5.6329e-08
 685.25 8.2518e-08
 685.50 9.4117e-08
 685.75 6.5620e-08
 686.00 4.7688e-08
 686.25 5.3864e-08
 686.50 8.2039e-08
 686.75 1.1783e-07
 687.00 9.2636e-08
 687.25 5.8953e-08
 687.50 5.1343e-08
 687.75 4.8224e-08
 688.00 5.6601e-08
 688.25 8.6866e-08
 688.50 9.2649e-08
 688.75 9.2829e-08
 689.00 1.4647e-07
 689.25 1.4367e-07
 689.50 7.2656e-08
 689.75 5.2526e-08
 690.00 5.6527e-08
 690.25 5.9631e-08
 690.50 5.8420e-08
 690.75 6.1696e-08
 691.00 8.4078e-08
 691.25 1.3537e-07
 691.50 1.5728e-07
 691.75 9.6105e-08
 692.00 6.0934e-08
 692.25 6.0270e-08
 692.50 6.2571e-08
 692.75 5.9903e-08
 693.00 6.3076e-08
 693.25 7.6024e-08
 693.50 1.1174e-07
 693.75 1.9215e-07
 694.00 1.7934e-07
 694.25 1.0867e-07
 694.50 8.0089e-08
 694.75 6.1154e-08
 695.00 5.6258e-08
 695.25 5.7015e-08
 695.50 7.3958e-08
 695.75 8.6728e-08
 696.00 1.2943e-07
 696.25 1.4555e-07
 696.50 9.0083e-08
 696.75 7.9516e-08
 697.00 9.9016e-08
 697.25 9.9754e-08
 697.50 7.3695e-08
 697.75 7.1608e-08
 698.00 8.4591e-08
 698.25 1.4210e-07
 698.50 2.2727e-07
 698.75 1.7011e-07
 699.00 8.4995e-08
 699.25 8.1038e-08
 699.50 7.8573e-08
 699.75 6.7529e-08
 700.00 8.6238e-08
 700.25 1.0846e-07
 700.50 1.1028e-07
 700.75 1.6120e-07
 701.00 1.6283e-07
 701.25 1.0146e-07
 701.50 7.9999e-08
 701.75 6.6434e-08
 702.00 5.7935e-08
 702.25 5.9686e-08
 702.50 7.8051e-08
 702.75 1.0612e-07
 703.00 2.0115e-07
 703.25 2.7635e-07
 703.50 1.8265e-07
 703.75 8.7167e-08
 704.00 6.8768e-08
 704.25 5.9722e-08
 704.50 6.5509e-08
 704.75 7.3600e-08
 705.00 9.1326e-08
 705.25 1.2953e-07
 705.50 1.8186e-07
 705.75 1.8202e-07
 706.00 1.4539e-07
 706.25 1.1833e-07
 706.50 8.1888e-08
 706.75 7.2416e-08
 707.00 7.5385e-08
 707.25 8.9940e-08
 707.50 1.1996e-07
 707.75 2.0194e-07
 708.00 2.6140e-07
 708.25 1.6541e-07
 708.50 7.4456e-08
 708.75 5.7229e-08
 709.00 5.3547e-08
 709.25 6.7964e-08
 709.50 7.3259e-08
 709.75 9.6391e-08
 710.00 1.3696e-07
 710.25 1.9528e-07
 710.50 1.7543e-07
 710.75 9.3552e-08
 711.00 8.5136e-08
 711.25 9.9848e-08
 711.50 1.0082e-07
 711.75 1.3698e-07
 712.00 2.8162e-07
 712.25 3.6693e-07
 712.50 3.8073e-07
 712.75 3.6278e-07
 713.00 2.2930e-07
 713.25 1.4072e-07
 713.50 1.1525e-07
 713.75 1.0928e-07
 714.00 1.0603e-07
 714.25 1.1686e-07
 714.50 1.5734e-07
 714.75 2.0080e-07
 715.00 2.4335e-07
 715.25 1.8610e-07
 715.50 1.0331e-07
 715.75 7.5120e-08
 716.00 1.0394e-07
 716.25 1.8401e-07
 716.50 1.7189e-07
 716.75 1.2000e-07
 717.00 1.3119e-07
 717.25 2.2674e-07
 717.50 2.5047e-07
 717.75 1.4922e-07
 718.00 9.7663e-08
 718.25 6.8801e-08
 718.50 5.8667e-08
 718.75 6.9201e-08
 719.00 9.5436e-08
 719.25 1.0998e-07
 719.50 1.5669e-07
 719.75 2.4958e-07
 720.00 2.0681e-07
 720.25 1.0173e-07
 720.50 8.2590e-08
 720.75 1.0122e-07
 721.00 9.9532e-08
 721.25 9.1372e-08
 721.50 9.1058e-08
 721.75 1.2295e-07
 722.00 2.1103e-07
 722.25 1.9805e-07
 722.50 9.9277e-08
 722.75 7.1351e-08
 723.00 7.1679e-08
 723.25 8.1840e-08
 723.50 1.0391e-07
 723.75 1.2790e-07
 724.00 1.2070e-07
 724.25 1.2830e-07
 724.50 1.4073e-07
 724.75 9.9340e-08
 725.00 7.6683e-08
 725.25 7.6768e-08
 725.50 7.6628e-08
 725.75 7.7123e-08
 726.00 8.3083e-08
 726.25 7.9691e-08
 726.50 9.4340e-08
 726.75 1.1299e-07
 727.00 1.0011e-07
 727.25 9.0943e-08
 727.50 9.1352e-08
 727.75 9.1796e-08
 728.00 1.4623e-07
 728.25 2.9155e-07
 728.50 3.5665e-07
 728.75 3.4490e-07
 729.00 4.9698e-07
 729.25 7.3768e-07
 729.50 7.8712e-07
 729.75 6.8657e-07
 730.00 5.8803e-07
 730.25 5.0252e-07
 730.50 4.1732e-07
 730.75 3.5403e-07
 731.00 3.7867e-07
 731.25 3.9016e-07
 731.50 3.3426e-07
 731.75 2.5060e-07
 732.00 1.8113e-07
 732.25 1.5009e-07
 732.50 1.5043e-07
 732.75 1.6485e-07
 733.00 1.4450e-07
 733.25 1.2881e-07
 733.50 1.5279e-07
 733.75 2.4574e-07
 734.00 2.4303e-07
 734.25 1.3239e-07
 734.50 9.5689e-08
 734.75 1.0040e-07
 735.00 1.1874e-07
 735.25 1.1636e-07
 735.50 1.2353e-07
 735.75 1.4447e-07
 736.00 1.8518e-07
 736.25 2.2274e-07
 736.50 1.5502e-07
 736.75 9.3824e-08
 737.00 9.0920e-08
 737.25 1.1393e-07
 737.50 1.2797e-07
 737.75 1.1490e-07
 738.00 1.2093e-07
 738.25 1.8168e-07
 738.50 2.8572e-07
 738.75 2.4653e-07
 739.00 1.3830e-07
 739.25 1.1477e-07
 739.50 1.1415e-07
 739.75 1.0997e-07
 740.00 7.9510e-08
 740.25 8.9438e-08
 740.50 1.5153e-07
 740.75 2.3681e-07
 741.00 2.5097e-07
 741.25 1.5754e-07
 741.50 1.1453e-07
 741.75 1.1992e-07
 742.00 1.3141e-07
 742.25 1.1031e-07
 742.50 8.5937e-08
 742.75 1.1792e-07
 743.00 2.0927e-07
 743.25 3.0146e-07
 743.50 2.3025e-07
 743.75 1.2405e-07
 744.00 1.1223e-07
 744.25 1.3666e-07
 744.50 1.3210e-07
 744.75 1.0180e-07
 745.00 1.0434e-07
 745.25 1.5043e-07
 745.50 2.2550e-07
 745.75 2.1040e-07
 746.00 1.2947e-07
 746.25 1.0603e-07
 746.50 1.2779e-07
 746.75 1.2644e-07
 747.00 1.1898e-07
 747.25 1.4227e-07
 747.50 1.7896e-07
 747.75 2.7174e-07
 748.00 3.4835e-07
 748.25 2.6631e-07
 748.50 1.5705e-07
 748.75 1.3534e-07
 749.00 1.3019e-07
 749.25 1.1384e-07
 749.50 1.1270e-07
 749.75 1.2306e-07
 750.00 1.6168e-07
 750.25 2.3450e-07
 750.50 2.0448e-07
 750.75 1.2636e-07
 751.00 1.1935e-07
 751.25 1.1931e-07
 751.50 9.9719e-08
 751.75 9.7063e-08
 752.00 1.0928e-07
 752.25 1.3097e-07
 752.50 2.2185e-07
 752.75 2.5024e-07
 753.00 1.5931e-07
 753.25 1.4215e-07
 753.50 1.4520e-07
 753.75 1.0889e-07
 754.00 9.3505e-08
 754.25 8.7878e-08
 754.50 1.0161e-07
 754.75 1.5204e-07
 755.00 2.0218e-07
 755.25 1.5390e-07
 755.50 1.1360e-07
 755.75 1.2178e-07
 756.00 1.1565e-07
 756.25 1.2053e-07
 756.50 1.0273e-07
 756.75 9.5636e-08
 757.00 1.3739e-07
 757.25 2.3274e-07
 757.50 2.3426e-07
 757.75 1.4345e-07
 758.00 1.1792e-07
 758.25 1.0045e-07
 758.50 8.6959e-08
 758.75 9.4721e-08
 759.00 1.0708e-07
 759.25 1.1755e-07
 759.50 1.4992e-07
 759.75 1.7422e-07
 760.00 1.4181e-07
 760.25 1.2445e-07
 760.50 1.1203e-07
 760.75 9.7279e-08
 761.00 9.5004e-08
 761.25 9.6544e-08
 761.50 1.0509e-07
 761.75 1.4894e-07
 762.00 2.1655e-07
 762.25 1.8069e-07
 762.50 1.2178e-07
 762.75 1.0580e-07
 763.00 8.8097e-08
 763.25 9.4491e-08
 763.50 1.0213e-07
 763.75 1.1105e-07
 764.00 1.2498e-07
 764.25 1.6520e-07
 764.50 1.6447e-07
 764.75 1.2845e-07
 765.00 5.3383e-08
 765.25 -3.6053e-09
 765.50 6.7407e-08
 765.75 1.0699e-07
 766.00 1.0890e-07
 766.25 1.1520e-07
 766.50 1.4332e-07
 766.75 1.7585e-07
 767.00 1.4643e-07
 767.25 1.1337e-07
 767.50 9.7610e-08
 767.75 9.4088e-08
 768.00 9.8827e-08
 768.25 9.9720e-08
 768.50 9.6116e-08
 768.75 1.1276e-07
 769.00 1.4350e-07
 769.25 1.3249e-07
 769.50 1.0129e-07
 769.75 9.0346e-08
 770.00 9.2370e-08
 770.25 9.7407e-08
 770.50 9.5280e-08
 770.75 1.0354e-07
 771.00 1.1693e-07
 771.25 1.5315e-07
 771.50 1.6566e-07
 771.75 1.2047e-07
 772.00 9.3230e-08
 772.25 8.8134e-08
 772.50 8.5424e-08
 772.75 8.5013e-08
 773.00 9.5953e-08
 773.25 1.0477e-07
 773.50 1.0844e-07
 773.75 1.2523e-07
 774.00 1.1604e-07
 774.25 9.0049e-08
 774.50 8.6346e-08
 774.75 8.7868e-08
 775.00 9.1625e-08
 775.25 9.8181e-08
 775.50 1.0349e-07
 775.75 1.1647e-07
 776.00 1.4578e-07
 776.25 1.3919e-07
 776.50 1.0652e-07
 776.75 1.0272e-07
 777.00 1.0024e-07
 777.25 8.7643e-08
 777.50 8.6004e-08
 777.75 9.2892e-08
 778.00 9.5828e-08
 778.25 1.1707e-07
 778.50 1.2365e-07
 778.75 9.3398e-08
 779.00 8.3085e-08
 779.25 9.5006e-08
 779.50 1.0404e-07
 779.75 1.0346e-07
 780.00 9.7027e-08
 780.25 9.6735e-08
 780.50 1.1600e-07
 780.75 1.3735e-07
 781.00 1.0989e-07
 781.25 8.7497e-08
 781.50 9.7502e-08
 781.75 1.0636e-07
 782.00 1.0713e-07
 782.25 9.8088e-08
 782.50 9.3532e-08
 782.75 9.9321e-08
 783.00 1.2014e-07
 783.25 1.2575e-07
 783.50 1.1522e-07
 783.75 1.0544e-07
 784.00 1.0223e-07
 784.25 1.0533e-07
 784.50 1.0729e-07
 784.75 1.0202e-07
 785.00 1.0149e-07
 785.25 1.1364e-07
 785.50 1.1641e-07
 785.75 1.0708e-07
 786.00 1.0524e-07
 786.25 1.0638e-07
 786.50 1.0789e-07
 786.75 1.0725e-07
 787.00 1.0220e-07
 787.25 1.0807e-07
 787.50 1.0986e-07
 787.75 1.1356e-07
 788.00 1.1236e-07
 788.25 1.0612e-07
 788.50 9.5893e-08
 788.75 8.5963e-08
 789.00 1.0698e-07
 789.25 1.2471e-07
 789.50 1.1830e-07
 789.75 1.1358e-07
 790.00 1.1341e-07
 790.25 1.1225e-07
 790.50 1.0757e-07
 790.75 1.0792e-07
 791.00 1.0911e-07
 791.25 1.1116e-07
 791.50 1.2550e-07
 791.75 1.2549e-07
 792.00 1.1298e-07
 792.25 1.0671e-07
 792.50 9.3124e-08
 792.75 9.7798e-08
 793.00 1.1283e-07
 793.25 1.1157e-07
 793.50 1.1630e-07
 793.75 1.2050e-07
 794.00 1.3033e-07
 794.25 1.2521e-07
 794.50 1.0970e-07
 794.75 1.1342e-07
 795.00 1.1267e-07
 795.25 1.0377e-07
 795.50 1.0980e-07
 795.75 1.1814e-07
 796.00 1.1756e-07
 796.25 1.1345e-07
 796.50 1.1898e-07
 796.75 1.3805e-07
 797.00 1.3926e-07
 797.25 1.3300e-07
 797.50 1.1219e-07
 797.75 1.0059e-07
 798.00 1.1213e-07
 798.25 1.2630e-07
 798.50 1.5335e-07
 798.75 1.7484e-07
 799.00 1.7856e-07
 799.25 1.5595e-07
 799.50 1.2052e-07
 799.75 1.1874e-07
 800.00 1.0798e-07
 800.25 8.1476e-08
 800.50 1.0077e-07
 800.75 1.2723e-07
 801.00 1.4904e-07
 801.25 1.8422e-07
 801.50 1.8821e-07
 801.75 1.4722e-07
 802.00 1.2236e-07
 802.25 1.2780e-07
 802.50 1.3127e-07
 802.75 1.0558e-07
 803.00 8.5421e-08
 803.25 1.1694e-07
 803.50 1.5791e-07
 803.75 1.9006e-07
 804.00 2.0753e-07
 804.25 1.5886e-07
 804.50 1.0720e-07
 804.75 1.2626e-07
 805.00 1.3936e-07
 805.25 1.1945e-07
 805.50 9.8631e-08
 805.75 1.0645e-07
 806.00 1.5408e-07
 806.25 2.1972e-07
 806.50 2.5724e-07
 806.75 2.0343e-07
 807.00 1.0640e-07
 807.25 8.9024e-08
 807.50 1.3233e-07
 807.75 1.4077e-07
 808.00 1.0663e-07
 808.25 8.8354e-08
 808.50 1.1046e-07
 808.75 1.7153e-07
 809.00 2.5258e-07
 809.25 2.3548e-07
 809.50 1.2984e-07
 809.75 8.1931e-08
 810.00 9.7759e-08
 810.25 1.3956e-07
 810.50 1.4277e-07
 810.75 1.0751e-07
 811.00 1.1704e-07
 811.25 1.4930e-07
 811.50 2.3206e-07
 811.75 2.7874e-07
 812.00 1.7458e-07
 812.25 8.5913e-08
 812.50 7.8888e-08
 812.75 1.0151e-07
 813.00 1.4977e-07
 813.25 1.4071e-07
 813.50 1.2834e-07
 813.75 1.5570e-07
 814.00 2.0617e-07
 814.25 2.9781e-07
 814.50 2.6256e-07
 814.75 1.2798e-07
 815.00 7.1265e-08
 815.25 6.8160e-08
 815.50 1.0526e-07
 815.75 1.4431e-07
 816.00 1.3220e-07
 816.25 1.3662e-07
 816.50 1.7263e-07
 816.75 2.5661e-07
 817.00 3.0419e-07
 817.25 2.0270e-07
 817.50 9.5659e-08
 817.75 7.5115e-08
 818.00 8.7368e-08
 818.25 1.2657e-07
 818.50 1.5238e-07
 818.75 1.4013e-07
 819.00 1.4402e-07
 819.25 1.9413e-07
 819.50 2.8205e-07
 819.75 2.6893e-07
 820.00 1.3974e-07
 820.25 6.1281e-08
 820.50 5.4132e-08
 820.75 7.3757e-08
 821.00 1.1959e-07
 821.25 1.3948e-07
 821.50 1.2088e-07
 821.75 9.4412e-08
 822.00 1.7467e-07
 822.25 3.2273e-07
 822.50 2.6042e-07
 822.75 1.0350e-07
 823.00 5.3145e-08
 823.25 5.1899e-08
 823.50 8.6135e-08
 823.75 1.3628e-07
 824.00 1.5042e-07
 824.25 1.5229e-07
 824.50 2.0251e-07
 824.75 3.0111e-07
 825.00 2.9927e-07
 825.25 1.6315e-07
 825.50 6.7979e-08
 825.75 4.9126e-08
 826.00 6.9446e-08
 826.25 1.1625e-07
 826.50 1.3273e-07
 826.75 1.3006e-07
 827.00 1.5765e-07
 827.25 2.2770e-07
 827.50 2.9455e-07
 827.75 2.2398e-07
 828.00 9.9671e-08
 828.25 5.3823e-08
 828.50 4.9455e-08
 828.75 9.3131e-08
 829.00 1.3641e-07
 829.25 1.3406e-07
 829.50 1.3376e-07
 829.75 1.5885e-07
 830.00 2.4927e-07
 830.25 2.8336e-07
 830.50 1.4790e-07
 830.75 6.1358e-08
 831.00 5.6344e-08
 831.25 7.8888e-08
 831.50 1.4009e-07
 831.75 1.3064e-07
 832.00 9.7014e-08
 832.25 1.1554e-07
 832.50 1.8990e-07
 832.75 2.9129e-07
 833.00 2.4786e-07
 833.25 1.0125e-07
 833.50 4.0863e-08
 833.75 4.9995e-08
 834.00 1.1579e-07
 834.25 1.4452e-07
 834.50 9.7002e-08
 834.75 8.9502e-08
 835.00 1.2552e-07
 835.25 1.9876e-07
 835.50 2.5988e-07
 835.75 1.9749e-07
 836.00 1.0300e-07
 836.25 6.5258e-08
 836.50 7.7142e-08
 836.75 1.3272e-07
 837.00 1.3037e-07
 837.25 9.3905e-08
 837.50 9.8922e-08
 837.75 1.5774e-07
 838.00 2.4138e-07
 838.25 2.5200e-07
 838.50 1.6331e-07
 838.75 7.5420e-08
 839.00 7.2671e-08
 839.25 1.1766e-07
 839.50 1.3856e-07
 839.75 1.0732e-07
 840.00 7.6383e-08
 840.25 1.0453e-07
 840.50 1.7371e-07
 840.75 2.1419e-07
 841.00 1.8499e-07
 841.25 1.1657e-07
 841.50 8.7364e-08
 841.75 1.0712e-07
 842.00 1.2508e-07
 842.25 1.0368e-07
 842.50 6.8054e-08
 842.75 8.2255e-08
 843.00 1.2707e-07
 843.25 1.6976e-07
 843.50 1.8152e-07
 843.75 1.4821e-07
 844.00 1.0790e-07
 844.25 1.0316e-07
 844.50 1.2504e-07
 844.75 1.3563e-07
 845.00 1.0541e-07
 845.25 8.1950e-08
 845.50 9.6855e-08
 845.75 1.2433e-07
 846.00 1.5707e-07
 846.25 1.5021e-07
 846.50 1.3423e-07
 846.75 1.1778e-07
 847.00 1.0007e-07
 847.25 1.1156e-07
 847.50 1.1683e-07
 847.75 1.0558e-07
 848.00 9.7733e-08
 848.25 1.0781e-07
 848.50 1.3705e-07
 848.75 1.5885e-07
 849.00 1.3966e-07
 849.25 1.1024e-07
 849.50 9.9639e-08
 849.75 1.0154e-07
 850.00 1.0219e-07
 850.25 9.5922e-08
 850.50 8.5600e-08
 850.75 8.1559e-08
 851.00 9.8782e-08
 851.25 1.1418e-07
 851.50 1.1639e-07
 851.75 1.1304e-07
 852.00 1.0579e-07
 852.25 1.0189e-07
 852.50 1.0435e-07
 852.75 1.0963e-07
 853.00 1.0613e-07
 853.25 8.8177e-08
 853.50 8.4676e-08
 853.75 1.0588e-07
 854.00 1.1738e-07
 854.25 1.0621e-07
 854.50 8.9036e-08
 854.75 9.0436e-08
 855.00 1.0372e-07
 855.25 1.0333e-07
 855.50 9.8945e-08
 855.75 9.3975e-08
 856.00 8.3388e-08
 856.25 8.4206e-08
 856.50 9.8745e-08
 856.75 1.0099e-07
 857.00 8.7075e-08
 857.25 7.7609e-08
 857.50 8.6234e-08
 857.75 9.4002e-08
 858.00 9.0550e-08
 858.25 8.8506e-08
 858.50 8.2141e-08
 858.75 7.6839e-08
 859.00 7.9068e-08
 859.25 8.5639e-08
 859.50 8.3328e-08
 859.75 7.7674e-08
 860.00 8.0978e-08
 860.25 8.7543e-08
 860.50 8.5257e-08
 860.75 7.9595e-08
 861.00 8.5659e-08
 861.25 9.3242e-08
 861.50 8.8497e-08
 861.75 7.9990e-08
 862.00 8.3161e-08
 862.25 8.8394e-08
 862.50 9.1399e-08
 862.75 8.5764e-08
 863.00 8.0891e-08
 863.25 8.2203e-08
 863.50 7.5566e-08
 863.75 7.4294e-08
 864.00 8.4076e-08
 864.25 8.3335e-08
 864.50 7.2743e-08
 864.75 7.1600e-08
 865.00 7.7516e-08
 865.25 8.4772e-08
 865.50 7.9304e-08
 865.75 6.4760e-08
 866.00 5.7516e-08
 866.25 6.0901e-08
 866.50 7.0302e-08
 866.75 7.2708e-08
 867.00 6.8414e-08
 867.25 6.1634e-08
 867.50 6.2218e-08
 867.75 6.5710e-08
 868.00 6.7804e-08
 868.25 7.1390e-08
 868.50 6.9622e-08
 868.75 7.0905e-08
 869.00 7.2050e-08
 869.25 7.3450e-08
 869.50 6.9533e-08
 869.75 6.0536e-08
 870.00 6.3446e-08
 870.25 6.2538e-08
 870.50 5.7626e-08
 870.75 6.0175e-08
 871.00 6.0130e-08
 871.25 5.8896e-08
 871.50 5.7620e-08
 871.75 5.7094e-08
 872.00 6.0763e-08
 872.25 6.3412e-08
 872.50 6.2009e-08
 872.75 5.7054e-08
 873.00 5.3884e-08
 873.25 5.7582e-08
 873.50 6.1965e-08
 873.75 5.8875e-08
 874.00 5.7227e-08
 874.25 5.7387e-08
 874.50 6.0589e-08
 874.75 5.9850e-08
 875.00 5.4131e-08
 875.25 5.5687e-08
 875.50 5.7496e-08
 875.75 5.6751e-08
 876.00 5.6768e-08
 876.25 5.6843e-08
 876.50 5.9742e-08
 876.75 6.2465e-08
 877.00 5.8655e-08
 877.25 5.6374e-08
 877.50 5.2192e-08
 877.75 4.8635e-08
 878.00 4.6252e-08
 878.25 4.7865e-08
 878.50 5.1701e-08
 878.75 4.8458e-08
 879.00 3.0735e-08
 879.25 2.8626e-08
 879.50 5.2350e-08
 879.75 5.5677e-08
 880.00 4.9997e-08
 880.25 4.6170e-08
 880.50 4.7330e-08
 880.75 4.8696e-08
 881.00 4.3253e-08
 881.25 4.2929e-08
 881.50 4.2731e-08
 881.75 4.3742e-08
 882.00 5.1651e-08
 882.25 6.0213e-08
 882.50 5.5842e-08
 882.75 4.4675e-08
 883.00 4.8251e-08
 883.25 5.2738e-08
 883.50 4.4158e-08
 883.75 4.1243e-08
 884.00 4.7228e-08
 884.25 4.5763e-08
 884.50 4.5901e-08
 884.75 5.3190e-08
 885.00 4.7674e-08
 885.25 4.4618e-08
 885.50 4.8642e-08
 885.75 5.1203e-08
 886.00 4.9064e-08
 886.25 4.8259e-08
 886.50 4.9826e-08
 886.75 4.8943e-08
 887.00 4.6149e-08
 887.25 3.8851e-08
 887.50 3.8268e-08
 887.75 3.9919e-08
 888.00 4.5284e-08
 888.25 4.7929e-08
 888.50 4.7701e-08
 888.75 5.0775e-08
 889.00 4.7719e-08
 889.25 4.2053e-08
 889.50 3.8791e-08
 889.75 4.4777e-08
 890.00 4.8991e-08
 890.25 4.5644e-08
 890.50 4.2951e-08
 890.75 4.1519e-08
 891.00 4.5673e-08
 891.25 4.4232e-08
 891.50 3.8580e-08
 891.75 3.8430e-08
 892.00 4.5572e-08
 892.25 5.0906e-08
 892.50 5.1444e-08
 892.75 5.4059e-08
 893.00 4.7740e-08
 893.25 3.6479e-08
 893.50 3.3758e-08
 893.75 3.4618e-08
 894.00 3.0883e-08
 894.25 3.6210e-08
 894.50 4.4067e-08
 894.75 3.8915e-08
 895.00 3.3285e-08
 895.25 3.6411e-08
 895.50 3.8101e-08
 895.75 3.5140e-08
 896.00 3.4756e-08
 896.25 4.3412e-08
 896.50 5.5793e-08
 896.75 5.8347e-08
 897.00 5.5771e-08
 897.25 4.9117e-08
 897.50 4.0177e-08
 897.75 3.6752e-08
 898.00 3.7555e-08
 898.25 3.9544e-08
 898.50 4.0881e-08
 898.75 4.2231e-08
 899.00 4.2596e-08
 899.25 3.8517e-08
 899.50 3.4514e-08
 899.75 3.0007e-08
 900.00 2.4152e-08
 900.25 2.7616e-08
 900.50 4.0634e-08
 900.75 4.6351e-08
 901.00 4.4129e-08
 901.25 3.9515e-08
 901.50 3.2058e-08
 901.75 2.9672e-08
 902.00 3.9254e-08
 902.25 5.0798e-08
 902.50 5.4427e-08
 902.75 4.9543e-08
 903.00 3.8759e-08
 903.25 3.7277e-08
 903.50 4.1228e-08
 903.75 3.8696e-08
 904.00 3.4215e-08
 904.25 3.5992e-08
 904.50 3.6513e-08
 904.75 3.3276e-08
 905.00 3.1384e-08
 905.25 3.3503e-08
 905.50 3.6943e-08
 905.75 4.7132e-08
 906.00 5.3330e-08
 906.25 4.7081e-08
 906.50 4.1826e-08
 906.75 3.4066e-08
 907.00 3.4786e-08
 907.25 3.4510e-08
 907.50 3.1854e-08
 907.75 3.4070e-08
 908.00 4.0246e-08
 908.25 4.8313e-08
 908.50 5.6406e-08
 908.75 6.8006e-08
 909.00 6.8452e-08
 909.25 5.3756e-08
 909.50 4.2708e-08
 909.75 4.2287e-08
 910.00 3.8789e-08
 910.25 4.1795e-08
 910.50 5.0043e-08
 910.75 4.9746e-08
 911.00 4.6322e-08
 911.25 4.7845e-08
 911.50 5.2337e-08
 911.75 4.7569e-08
 912.00 4.5537e-08
 912.25 5.1342e-08
 912.50 5.2315e-08
 912.75 4.8887e-08
 913.00 3.6233e-08
 913.25 3.8132e-08
 913.50 4.8823e-08
 913.75 4.3144e-08
 914.00 3.8030e-08
 914.25 4.4525e-08
 914.50 4.8559e-08
 914.75 4.2821e-08
 915.00 4.9323e-08
 915.25 6.7507e-08
 915.50 8.2103e-08
 915.75 6.8491e-08
 916.00 4.2175e-08
 916.25 3.4251e-08
 916.50 3.0313e-08
 916.75 2.6069e-08
 917.00 2.9784e-08
 917.25 3.6608e-08
 917.50 4.1713e-08
 917.75 3.7904e-08
 918.00 2.6926e-08
 918.25 2.9408e-08
 918.50 3.7180e-08
 918.75 3.4764e-08
 919.00 2.9990e-08
 919.25 2.8256e-08
 919.50 2.9557e-08
 919.75 3.3183e-08
 920.00 3.1939e-08
 920.25 3.4396e-08
 920.50 3.8800e-08
 920.75 3.6582e-08
 921.00 3.3239e-08
 921.25 3.8129e-08
 921.50 5.2180e-08
 921.75 5.8367e-08
 922.00 5.6879e-08
 922.25 7.4245e-08
 922.50 8.7859e-08
 922.75 6.3724e-08
 923.00 4.3111e-08
 923.25 4.1229e-08
 923.50 4.2315e-08
 923.75 4.5872e-08
 924.00 4.4699e-08
 924.25 3.7485e-08
 924.50 3.8396e-08
 924.75 4.1369e-08
 925.00 3.7829e-08
 925.25 3.0594e-08
 925.50 3.2918e-08
 925.75 4.2139e-08
 926.00 3.6614e-08
 926.25 3.1413e-08
 926.50 3.6422e-08
 926.75 4.6977e-08
 927.00 4.5246e-08
 927.25 3.6365e-08
 927.50 3.0927e-08
 927.75 3.1139e-08
 928.00 3.6562e-08
 928.25 3.6231e-08
 928.50 3.3462e-08
 928.75 3.1408e-08
 929.00 3.8926e-08
 929.25 4.3236e-08
 929.50 4.5651e-08
 929.75 5.1642e-08
 930.00 5.1614e-08
 930.25 4.9482e-08
 930.50 3.9262e-08
 930.75 3.8127e-08
 931.00 4.4111e-08
 931.25 3.9045e-08
 931.50 3.4246e-08
 931.75 3.6510e-08
 932.00 3.5229e-08
 932.25 2.1306e-08
 932.50 3.2772e-08
 932.75 5.4760e-08
 933.00 4.8343e-08
 933.25 4.0662e-08
 933.50 4.3565e-08
 933.75 4.0759e-08
 934.00 3.0833e-08
 934.25 2.7020e-08
 934.50 2.9855e-08
 934.75 3.4456e-08
 935.00 2.9424e-08
 935.25 2.8164e-08
 935.50 3.5900e-08
 935.75 3.8217e-08
 936.00 3.4394e-08
 936.25 3.2512e-08
 936.50 3.8344e-08
 936.75 3.7290e-08
 937.00 3.0440e-08
 937.25 3.0832e-08
 937.50 3.4468e-08
 937.75 2.9429e-08
 938.00 2.6504e-08
 938.25 3.1013e-08
 938.50 3.3791e-08
 938.75 3.3839e-08
 939.00 3.2560e-08
 939.25 3.2347e-08
 939.50 3.3073e-08
 939.75 3.5174e-08
 940.00 3.3200e-08
 940.25 2.9162e-08
 940.50 3.2309e-08
 940.75 3.5758e-08
 941.00 3.4205e-08
 941.25 2.4697e-08
 941.50 1.6986e-08
 941.75 2.8795e-08
 942.00 3.6657e-08
 942.25 3.3210e-08
 942.50 3.4331e-08
 942.75 3.7501e-08
 943.00 2.9847e-08
 943.25 2.7570e-08
 943.50 3.7836e-08
 943.75 3.4120e-08
 944.00 2.3873e-08
 944.25 2.2456e-08
 944.50 3.7464e-08
 944.75 4.5418e-08
 945.00 4.0803e-08
 945.25 3.9526e-08
 945.50 3.9158e-08
 945.75 3.6133e-08
 946.00 3.1565e-08
 946.25 3.0710e-08
 946.50 3.0162e-08
 946.75 3.2392e-08
 947.00 4.2300e-08
 947.25 4.5529e-08
 947.50 3.8487e-08
 947.75 4.0115e-08
 948.00 4.2004e-08
 948.25 4.8246e-08
 948.50 5.8458e-08
 948.75 5.6661e-08
 949.00 4.2803e-08
 949.25 5.1983e-08
 949.50 7.8022e-08
 949.75 7.6715e-08
 950.00 5.2550e-08
 950.25 3.1776e-08
 950.50 2.2919e-08
 950.75 2.4917e-08
 951.00 3.5164e-08
 951.25 4.1658e-08
 951.50 4.6296e-08
 951.75 4.0830e-08
 952.00 4.0123e-08
 952.25 3.5408e-08
 952.50 3.2820e-08
 952.75 3.2558e-08
 953.00 2.2891e-08
 953.25 1.7122e-08
 953.50 2.3170e-08
 953.75 2.9296e-08
 954.00 2.5962e-08
 954.25 2.6769e-08
 954.50 2.9951e-08
 954.75 4.1961e-08
 955.00 2.9148e-08
 955.25 3.9292e-09
 955.50 2.7827e-09
 955.75 1.4063e-08
 956.00 1.2813e-08
 956.25 1.7046e-08
 956.50 -1.1131e-08
 956.75 -2.9217e-08
 957.00 2.4746e-08
 957.25 5.2541e-08
 957.50 5.0827e-08
 957.75 3.5578e-08
 958.00 2.3969e-08
 958.25 3.1533e-08
 958.50 3.5489e-08
 958.75 2.3826e-08
 959.00 1.8449e-08
 959.25 2.3075e-08
 959.50 2.7731e-08
 959.75 3.7959e-08
 960.00 3.8739e-08
 960.25 2.9988e-08
 960.50 2.7635e-08
 960.75 3.4066e-08
 961.00 3.5655e-08
 961.25 3.1927e-08
 961.50 2.4076e-08
 961.75 1.9021e-08
 962.00 2.5159e-08
 962.25 3.4348e-08
 962.50 3.1881e-08
 962.75 2.3464e-08
 963.00 1.9091e-08
 963.25 3.1083e-08
 963.50 3.7668e-08
 963.75 2.1091e-08
 964.00 5.3706e-09
 964.25 8.4939e-09
 964.50 2.3511e-08
 964.75 3.3934e-08
 965.00 3.5980e-08
 965.25 3.3738e-08
 965.50 3.6863e-08
 965.75 3.5575e-08
 966.00 2.3747e-08
 966.25 1.9759e-08
 966.50 1.9012e-08
 966.75 1.3806e-08
 967.00 2.1449e-08
 967.25 2.8925e-08
 967.50 2.5743e-08
 967.75 2.4899e-08
 968.00 2.8503e-08
 968.25 3.3010e-08
 968.50 2.8335e-08
 968.75 1.5518e-08
 969.00 1.8180e-08
 969.25 2.2555e-08
 969.50 2.1064e-08
 969.75 2.5823e-08
 970.00 3.4471e-08
 970.25 3.6201e-08
 970.50 2.3374e-08
 970.75 1.7885e-08
 971.00 2.9120e-08
 971.25 3.6015e-08
 971.50 2.6241e-08
 971.75 2.1473e-08
 972.00 2.6049e-08
 972.25 2.3087e-08
 972.50 1.7777e-08
 972.75 1.7037e-08
 973.00 9.8341e-09
 973.25 1.5668e-08
 973.50 2.8415e-08
 973.75 3.1424e-08
 974.00 2.9005e-08
 974.25 2.4135e-08
 974.50 1.9781e-08
 974.75 1.2754e-08
 975.00 1.3709e-08
 975.25 1.9835e-08
 975.50 2.2987e-08
 975.75 2.5149e-08
 976.00 2.6066e-08
 976.25 2.1432e-08
 976.50 2.3349e-08
 976.75 2.4041e-08
 977.00 2.9492e-08
 977.25 3.4393e-08
 977.50 2.8200e-08
 977.75 2.3341e-08
 978.00 2.4093e-08
 978.25 3.5446e-08
 978.50 4.3425e-08
 978.75 4.2876e-08
 979.00 3.4134e-08
 979.25 2.2537e-08
 979.50 2.8885e-08
 979.75 3.1955e-08
 980.00 1.7480e-08
 980.25 1.4543e-08
 980.50 1.5920e-08
 980.75 2.2596e-08
 981.00 2.9776e-08
 981.25 2.6972e-08
 981.50 2.3255e-08
 981.75 1.9985e-08
 982.00 1.3586e-08
 982.25 9.2918e-09
 982.50 7.7541e-09
 982.75 1.1038e-08
 983.00 1.6013e-08
 983.25 1.8281e-08
 983.50 2.3458e-08
 983.75 1.8522e-08
 984.00 1.4085e-08
 984.25 1.5393e-08
 984.50 1.3665e-08
 984.75 9.2653e-09
 985.00 1.1571e-08
 985.25 1.8847e-08
 985.50 2.3945e-08
 985.75 1.7271e-08
 986.00 1.5208e-08
 986.25 2.6168e-08
 986.50 2.5313e-08
 986.75 2.5314e-08
 987.00 2.4533e-08
 987.25 2.3289e-08
 987.50 2.5810e-08
 987.75 3.1005e-08
 988.00 3.8726e-08
 988.25 3.4934e-08
 988.50 2.6875e-08
 988.75 1.8178e-08
 989.00 1.0348e-08
 989.25 4.9782e-09
 989.50 9.6169e-09
 989.75 2.0154e-08
 990.00 2.0361e-08
 990.25 2.3906e-08
 990.50 2.7339e-08
 990.75 2.7738e-08
 991.00 2.3072e-08
 991.25 1.4777e-08
 991.50 1.6284e-08
 991.75 1.4053e-08
 992.00 1.0219e-08
 992.25 1.4647e-08
 992.50 1.9428e-08
 992.75 2.3843e-08
 993.00 2.3042e-08
 993.25 2.5728e-08
 993.50 2.6821e-08
 993.75 1.8050e-08
 994.00 1.6767e-08
 994.25 1.8225e-08
 994.50 1.8834e-08
 994.75 2.2220e-08
 995.00 3.1064e-08
 995.25 3.1303e-08
 995.50 2.5370e-08
 995.75 1.5871e-08
 996.00 9.0041e-09
 996.25 1.3100e-08
 996.50 1.3054e-08
 996.75 1.9583e-08
 997.00 3.3160e-08
 997.25 4.0384e-08
 997.50 3.1873e-08
 997.75 2.5408e-08
 998.00 2.5453e-08
 998.25 1.7086e-08
 998.50 1.3781e-08
 998.75 1.1602e-08
 999.00 1.1831e-08
 999.25 2.2922e-08
 999.50 2.2863e-08
 999.75 1.7447e-08
1000.00 1.3858e-08
1000.25 8.5186e-09
1000.50 1.5671e-08
1000.75 2.4781e-08
1001.00 2.4154e-08
1001.25 1.7792e-08
1001.50 1.3071e-08
1001.75 1.4660e-08
1002.00 2.4724e-08
1002.25 2.9159e-08
1002.50 2.4686e-08
1002.75 1.9685e-08
1003.00 1.0291e-08
1003.25 7.4483e-09
1003.50 1.0592e-08
1003.75 1.8933e-08
1004.00 1.8776e-08
1004.25 1.1318e-08
1004.50 2.2927e-08
1004.75 2.6104e-08
1005.00 1.1793e-08
1005.25 6.6467e-09
1005.50 1.1578e-08
1005.75 1.7992e-08
1006.00 2.2503e-08
1006.25 2.1812e-08
1006.50 1.6928e-08
1006.75 1.2270e-08
1007.00 1.5817e-08
1007.25 2.9318e-08
1007.50 3.6183e-08
1007.75 3.4559e-08
1008.00 2.3568e-08
1008.25 8.9517e-09
1008.50 8.4903e-09
1008.75 1.3792e-08
1009.00 1.9664e-08
1009.25 2.0980e-08
1009.50 1.4329e-08
1009.75 7.4666e-09
1010.00 8.4949e-09
1010.25 1.9006e-08
1010.50 2.4737e-08
1010.75 2.1919e-08
1011.00 1.6037e-08
1011.25 1.8062e-08
1011.50 2.3755e-08
1011.75 2.0440e-08
1012.00 1.3371e-08
1012.25 8.1640e-09
1012.50 1.8970e-09
1012.75 -4.7736e-09
1013.00 -2.8445e-09
1013.25 4.6927e-09
1013.50 7.3414e-09
1013.75 1.1895e-08
1014.00 2.0022e-08
1014.25 1.9904e-08
1014.50 1.2242e-08
1014.75 1.0130e-08
1015.00 1.4323e-08
1015.25 1.4190e-08
1015.50 1.1067e-08
1015.75 8.3288e-09
1016.00 1.1899e-08
1016.25 1.2785e-08
1016.50 1.3913e-08
1016.75 1.7725e-08
1017.00 1.7838e-08
1017.25 1.5851e-08
1017.50 1.5216e-08
1017.75 2.3515e-08
1018.00 2.1475e-08
1018.25 1.6466e-08
1018.50 1.5231e-08
1018.75 8.8895e-09
1019.00 1.3200e-08
1019.25 2.2379e-08
1019.50 2.3532e-08
1019.75 1.9291e-08
1020.00 1.9257e-08
1020.25 2.2266e-08
1020.50 1.7880e-08
1020.75 1.6995e-08
1021.00 1.3658e-08
1021.25 4.3374e-09
1021.50 4.1837e-09
1021.75 1.6487e-08
1022.00 2.7237e-08
1022.25 2.8732e-08
1022.50 2.4954e-08
1022.75 1.5386e-08
1023.00 9.3124e-09
1023.25 8.8986e-09
1023.50 1.5992e-08
1023.75 1.7820e-08
1024.00 1.7221e-08
1024.25 1.6531e-08
1024.50 1.0088e-08
1024.75 9.0276e-09
1025.00 1.4284e-08
1025.25 1.7547e-08
1025.50 1.6816e-08
1025.75 2.2031e-08
1026.00 1.9238e-08
1026.25 7.8889e-09
1026.50 8.0688e-09
1026.75 1.4436e-08
1027.00 1.3478e-08
1027.25 1.1646e-08
1027.50 1.3696e-08
1027.75 9.1713e-09
1028.00 3.2135e-09
1028.25 1.2223e-08
1028.50 1.6564e-08
1028.75 9.3705e-09
1029.00 1.4081e-08
1029.25 1.7638e-08
1029.50 4.6534e-09
1029.75 -5.5181e-09
1030.00 -7.1876e-09
1030.25 -1.8255e-09
1030.50 1.4460e-08
1030.75 2.2496e-08
1031.00 1.3359e-08
1031.25 3.2626e-09
1031.50 1.1901e-08
1031.75 1.9448e-08
1032.00 1.8248e-08
1032.25 1.8834e-08
1032.50 1.5869e-08
1032.75 1.1623e-08
1033.00 2.6951e-08
1033.25 4.2608e-08
1033.50 1.0387e-09
1033.75 -3.1619e-08
1034.00 -1.3433e-08
1034.25 5.3549e-09
1034.50 1.5475e-08
1034.75 1.7976e-08
1035.00 1.7061e-08
1035.25 1.4940e-08
1035.50 1.7547e-08
1035.75 2.3238e-08
1036.00 2.3369e-08
1036.25 2.1517e-08
1036.50 1.1489e-08
1036.75 -1.5210e-10
1037.00 2.0746e-09
1037.25 4.6443e-09
1037.50 9.8192e-09
1037.75 1.7612e-08
1038.00 1.4160e-08
1038.25 1.1891e-08
1038.50 1.5908e-08
1038.75 1.8940e-08
1039.00 1.6144e-08
1039.25 1.0701e-08
1039.50 1.2311e-08
1039.75 8.2836e-09
1040.00 6.8198e-09
1040.25 1.8888e-08
1040.50 2.2041e-08
1040.75 1.9323e-08
1041.00 1.3834e-08
1041.25 9.9544e-09
1041.50 6.2276e-09
1041.75 4.5507e-09
1042.00 1.1710e-08
1042.25 2.2880e-08
1042.50 2.0503e-08
1042.75 2.0872e-09
1043.00 2.5513e-09
1043.25 2.0626e-08
1043.50 2.5009e-08
1043.75 9.1412e-09
1044.00 6.3430e-09
1044.25 1.2092e-08
1044.50 9.1611e-09
1044.75 6.8294e-10
1045.00 7.2962e-09
1045.25 2.8551e-08
1045.50 2.5894e-08
1045.75 1.4578e-08
1046.00 1.5531e-08
1046.25 2.6017e-08
1046.50 2.9689e-08
1046.75 1.9871e-08
1047.00 1.3965e-08
1047.25 1.4764e-08
1047.50 1.3431e-08
1047.75 1.1807e-08
1048.00 5.1854e-09
1048.25 -7.5935e-11
1048.50 2.9628e-10
1048.75 1.7364e-09
1049.00 9.0818e-09
1049.25 1.2470e-08
1049.50 1.1412e-08
1049.75 8.4996e-09
1050.00 3.6003e-09
1050.25 3.8298e-09
1050.50 1.6178e-08
1050.75 2.5337e-08
1051.00 2.4646e-08
1051.25 2.0334e-08
1051.50 1.2550e-08
1051.75 1.0932e-08
1052.00 6.1608e-09
1052.25 5.9842e-10
1052.50 6.0740e-09
1052.75 1.1027e-08
1053.00 1.0323e-08
1053.25 1.3500e-08
1053.50 2.0317e-08
1053.75 1.3809e-08
1054.00 1.1026e-09
1054.25 8.4019e-09
1054.50 2.0205e-08
1054.75 1.5897e-08
1055.00 1.1146e-08
1055.25 1.1993e-08
1055.50 1.1608e-08
1055.75 9.9585e-09
1056.00 1.7765e-08
1056.25 2.0443e-08
1056.50 9.7142e-09
1056.75 1.3499e-08
1057.00 1.7551e-08
1057.25 2.0662e-08
1057.50 2.6739e-08
1057.75 1.9147e-08
1058.00 1.5265e-08
1058.25 1.4319e-08
1058.50 1.7179e-08
1058.75 1.9345e-08
1059.00 1.7440e-08
1059.25 1.6967e-08
1059.50 6.6820e-09
1059.75 6.4671e-09
1060.00 1.5428e-08
1060.25 1.1605e-08
1060.50 4.7564e-09
1060.75 3.9091e-09
1061.00 1.1747e-09
1061.25 6.8406e-09
1061.50 1.3619e-08
1061.75 8.9283e-09
1062.00 1.5946e-08
1062.25 1.6855e-08
1062.50 3.7894e-09
1062.75 4.6739e-09
1063.00 7.9391e-09
1063.25 8.3487e-09
1063.50 2.2372e-08
1063.75 3.7568e-08
1064.00 3.1171e-08
1064.25 1.0617e-08
1064.50 6.1142e-09
1064.75 6.7851e-09
1065.00 9.8051e-09
1065.25 1.7173e-08
1065.50 7.8309e-09
1065.75 1.0392e-08
1066.00 2.5250e-08
1066.25 2.6287e-08
1066.50 1.8975e-08
1066.75 1.3977e-08
1067.00 1.4113e-08
1067.25 1.9042e-08
1067.50 1.8828e-08
1067.75 1.3256e-08
1068.00 9.7066e-09
1068.25 6.0309e-09
1068.50 1.2998e-08
1068.75 2.6564e-08
1069.00 3.7943e-08
1069.25 3.6157e-08
1069.50 1.8869e-08
1069.75 7.4690e-09
1070.00 4.0902e-09
1070.25 -1.9612e-08
1070.50 -4.2579e-08
1070.75 -2.9006e-08
1071.00 -6.1465e-09
1071.25 6.2697e-09
1071.50 5.3037e-09
1071.75 7.1406e-09
1072.00 1.6106e-08
1072.25 1.0886e-08
1072.50 -7.1019e-10
1072.75 -2.4338e-09
1073.00 2.2232e-09
1073.25 1.1444e-08
1073.50 1.4436e-08
1073.75 8.2122e-09
1074.00 2.6787e-09
1074.25 -6.3874e-09
1074.50 -1.0380e-10
1074.75 1.4467e-08
1075.00 1.5604e-08
1075.25 1.5568e-08
1075.50 1.4411e-08
1075.75 1.2990e-08
1076.00 1.6456e-08
1076.25 1.4592e-08
1076.50 1.4165e-08
1076.75 1.9060e-08
1077.00 1.8200e-08
1077.25 1.4341e-08
1077.50 1.1297e-08
1077.75 9.9234e-09
1078.00 6.2470e-09
1078.25 6.2563e-09
1078.50 1.3464e-08
1078.75 1.0791e-08
1079.00 8.8833e-09
1079.25 1.1509e-08
1079.50 1.0890e-08
1079.75 1.3165e-08
1080.00 1.8927e-08
1080.25 2.6136e-08
1080.50 1.9487e-08
1080.75 1.4090e-08
1081.00 1.1871e-08
1081.25 5.6321e-09
1081.50 2.9973e-09
1081.75 -1.1760e-09
1082.00 1.3411e-09
1082.25 1.1708e-08
1082.50 1.7429e-08
1082.75 1.6413e-08
1083.00 1.2750e-08
1083.25 1.1376e-08
1083.50 1.7472e-08
1083.75 2.2926e-08
1084.00 2.9544e-08
1084.25 3.3828e-08
1084.50 1.9970e-08
1084.75 4.6842e-10
1085.00 -1.9131e-09
1085.25 2.1622e-09
1085.50 1.2063e-08
1085.75 2.1836e-08
1086.00 1.2620e-08
1086.25 5.5335e-09
1086.50 1.9730e-08
1086.75 1.9349e-08
1087.00 1.1270e-08
1087.25 1.2537e-08
1087.50 6.5416e-09
1087.75 1.2567e-08
1088.00 1.7975e-08
1088.25 3.0162e-08
1088.50 3.0047e-08
1088.75 9.3386e-09
1089.00 6.6419e-09
1089.25 1.0563e-08
1089.50 3.9301e-09
1089.75 -2.8074e-09
1090.00 1.7556e-09
1090.25 9.7146e-09
1090.50 1.7622e-08
1090.75 1.3990e-08
1091.00 3.4382e-09
1091.25 -2.2063e-09
1091.50 2.2554e-09
1091.75 1.3041e-08
1092.00 1.7890e-08
1092.25 2.0659e-08
1092.50 1.6877e-08
1092.75 7.0191e-09
1093.00 -2.4242e-09
1093.25 -8.1976e-09
1093.50 -3.4006e-10
1093.75 1.5447e-08
1094.00 2.7530e-08
1094.25 2.6849e-08
1094.50 1.7523e-08
1094.75 1.1567e-08
1095.00 1.4301e-08
1095.25 1.3121e-08
1095.50 1.4017e-08
1095.75 1.3192e-08
1096.00 6.0853e-09
1096.25 5.3178e-09
1096.50 -2.3781e-09
1096.75 -1.3953e-09
1097.00 1.0969e-08
1097.25 1.4510e-08
1097.50 1.0507e-08
1097.75 2.0885e-08
1098.00 2.9058e-08
1098.25 1.8236e-08
1098.50 9.8119e-09
1098.75 1.6609e-08
1099.00 1.9757e-08
1099.25 9.4213e-09
1099.50 5.8360e-09
1099.75 -5.2986e-09
1100.00 -1.3610e-08
1100.25 3.0001e-10
1100.50 1.4257e-08
1100.75 2.4097e-08
1101.00 2.5450e-08
1101.25 1.7318e-08
1101.50 1.3908e-08
1101.75 1.2949e-08
1102.00 1.0447e-08
1102.25 1.2477e-08
1102.50 1.3366e-08
1102.75 -1.2029e-09
1103.00 -7.5030e-10
1103.25 4.5592e-09
1103.50 1.6918e-09
1103.75 1.9386e-08
1104.00 3.1381e-08
1104.25 1.8410e-08
1104.50 1.3383e-08
1104.75 1.6048e-08
1105.00 8.2145e-09
1105.25 2.1206e-09
1105.50 1.3745e-08
1105.75 2.6321e-08
1106.00 1.6858e-08
1106.25 9.4433e-09
1106.50 1.4959e-09
1106.75 -6.2345e-10
1107.00 9.9395e-09
1107.25 1.5736e-08
1107.50 2.7484e-08
1107.75 4.1579e-08
1108.00 2.6108e-08
1108.25 5.8345e-09
1108.50 5.0283e-09
1108.75 9.8709e-09
1109.00 1.1854e-08
1109.25 1.4913e-08
1109.50 2.6382e-08
1109.75 2.2535e-08
1110.00 8.9701e-09
1110.25 6.9405e-09
1110.50 1.6325e-08
1110.75 2.4349e-08
1111.00 2.3684e-08
1111.25 1.5898e-08
1111.50 1.4059e-08
1111.75 1.3028e-08
1112.00 6.7403e-09
1112.25 -5.1099e-09
1112.50 -5.9757e-09
1112.75 7.5422e-09
1113.00 1.7989e-08
1113.25 2.1552e-08
1113.50 1.6872e-08
1113.75 1.1563e-08
1114.00 8.2453e-09
1114.25 5.7493e-09
1114.50 2.2075e-09
1114.75 -1.8251e-09
1115.00 -2.5409e-09
1115.25 2.5595e-10
1115.50 3.5436e-09
1115.75 1.5205e-08
1116.00 2.0508e-08
1116.25 1.5083e-08
1116.50 4.0825e-09
1116.75 1.3167e-08
1117.00 2.2659e-08
1117.25 1.9831e-08
1117.50 1.0710e-08
1117.75 1.8622e-08
1118.00 3.5781e-08
1118.25 1.5100e-08
1118.50 1.5924e-09
1118.75 -2.0605e-09
1119.00 2.5685e-09
1119.25 2.4247e-09
1119.50 6.0962e-09
1119.75 1.2575e-08
1120.00 1.0119e-08
1120.25 9.9358e-09
1120.50 1.7656e-08
1120.75 2.4773e-08
1121.00 2.3115e-08
1121.25 2.3071e-08
1121.50 2.0771e-08
1121.75 1.5598e-08
1122.00 4.0151e-09
1122.25 1.7671e-08
1122.50 3.2717e-08
1122.75 2.7054e-08
1123.00 2.2333e-08
1123.25 2.9612e-08
1123.50 3.3756e-08
1123.75 2.4652e-08
1124.00 7.8110e-09
1124.25 -1.2482e-09
1124.50 3.0329e-09
1124.75 6.0065e-09
1125.00 1.1925e-08
