# Spectrum from Mathe et al. 2019
2221
229
 570.00 3.1055e-08
 570.25 4.6053e-08
 570.50 4.2262e-08
 570.75 1.8225e-08
 571.00 1.1180e-08
 571.25 -3.1968e-09
 571.50 -1.1810e-08
 571.75 -2.6021e-08
 572.00 -5.1460e-08
 572.25 -7.4306e-08
 572.50 -1.0937e-07
 572.75 -1.0896e-07
 573.00 -1.9434e-07
 573.25 -2.2827e-07
 573.50 -1.6554e-07
 573.75 2.0830e-07
 574.00 4.3962e-07
 574.25 2.1061e-07
 574.50 1.3463e-07
 574.75 1.5343e-07
 575.00 1.4813e-07
 575.25 1.1943e-07
 575.50 8.1788e-08
 575.75 6.8764e-08
 576.00 6.4191e-08
 576.25 3.4124e-08
 576.50 1.4971e-08
 576.75 2.8859e-08
 577.00 3.7993e-08
 577.25 4.4309e-08
 577.50 4.1836e-08
 577.75 3.4409e-08
 578.00 2.5837e-08
 578.25 3.1710e-08
 578.50 4.0269e-08
 578.75 4.4427e-08
 579.00 4.5131e-08
 579.25 4.5571e-08
 579.50 2.2843e-08
 579.75 1.1017e-08
 580.00 1.2107e-08
 580.25 1.7305e-08
 580.50 1.7455e-08
 580.75 1.4587e-08
 581.00 1.2898e-08
 581.25 1.6861e-08
 581.50 1.3730e-08
 581.75 7.4268e-09
 582.00 2.7799e-08
 582.25 2.9095e-08
 582.50 4.6302e-09
 582.75 -8.1392e-09
 583.00 6.7968e-09
 583.25 1.4540e-08
 583.50 1.5195e-08
 583.75 2.5226e-08
 584.00 2.7298e-08
 584.25 1.5811e-08
 584.50 9.2235e-09
 584.75 7.7171e-09
 585.00 8.2263e-09
 585.25 1.4393e-08
 585.50 2.3056e-08
 585.75 2.2142e-08
 586.00 1.8574e-08
 586.25 1.7591e-08
 586.50 1.2966e-08
 586.75 1.6556e-08
 587.00 1.8586e-08
 587.25 2.1533e-08
 587.50 2.7678e-08
 587.75 3.0027e-08
 588.00 3.0014e-08
 588.25 2.9819e-08
 588.50 2.9708e-08
 588.75 2.6585e-08
 589.00 2.5735e-08
 589.25 3.1501e-08
 589.50 2.6471e-08
 589.75 1.8636e-08
 590.00 2.4835e-08
 590.25 3.0485e-08
 590.50 2.5706e-08
 590.75 2.0960e-08
 591.00 2.1311e-08
 591.25 2.2556e-08
 591.50 2.1098e-08
 591.75 1.8701e-08
 592.00 1.8778e-08
 592.25 2.4255e-08
 592.50 2.9173e-08
 592.75 2.5362e-08
 593.00 1.8996e-08
 593.25 1.7768e-08
 593.50 2.3284e-08
 593.75 1.9454e-08
 594.00 1.1834e-08
 594.25 1.0136e-08
 594.50 1.5086e-08
 594.75 2.1935e-08
 595.00 2.3704e-08
 595.25 2.6074e-08
 595.50 2.9637e-08
 595.75 2.7664e-08
 596.00 1.7358e-08
 596.25 1.3149e-08
 596.50 1.7292e-08
 596.75 1.7115e-08
 597.00 1.3997e-08
 597.25 1.7530e-08
 597.50 2.0541e-08
 597.75 1.7803e-08
 598.00 2.2889e-08
 598.25 2.6928e-08
 598.50 2.6523e-08
 598.75 2.3537e-08
 599.00 1.7310e-08
 599.25 1.7856e-08
 599.50 1.9840e-08
 599.75 2.2390e-08
 600.00 1.7873e-08
 600.25 1.5371e-08
 600.50 1.6077e-08
 600.75 1.2581e-08
 601.00 1.2906e-08
 601.25 1.8112e-08
 601.50 2.4527e-08
 601.75 2.9754e-08
 602.00 2.9946e-08
 602.25 2.3504e-08
 602.50 2.0422e-08
 602.75 2.3140e-08
 603.00 2.7281e-08
 603.25 2.5496e-08
 603.50 2.3578e-08
 603.75 2.1246e-08
 604.00 1.5335e-08
 604.25 1.2726e-08
 604.50 1.7272e-08
 604.75 2.1574e-08
 605.00 1.9945e-08
 605.25 1.6688e-08
 605.50 1.4825e-08
 605.75 1.4975e-08
 606.00 1.7565e-08
 606.25 2.0168e-08
 606.50 2.2664e-08
 606.75 2.1707e-08
 607.00 1.9416e-08
 607.25 1.9706e-08
 607.50 2.0876e-08
 607.75 1.9763e-08
 608.00 1.4847e-08
 608.25 1.5115e-08
 608.50 1.9239e-08
 608.75 2.1764e-08
 609.00 2.1107e-08
 609.25 2.8492e-08
 609.50 2.1512e-08
 609.75 8.0054e-09
 610.00 1.1126e-08
 610.25 1.3678e-08
 610.50 1.8560e-08
 610.75 1.8706e-08
 611.00 1.4952e-08
 611.25 1.8851e-08
 611.50 2.5575e-08
 611.75 2.5530e-08
 612.00 2.3382e-08
 612.25 2.2243e-08
 612.50 2.2780e-08
 612.75 2.7230e-08
 613.00 2.8071e-08
 613.25 2.5113e-08
 613.50 2.0386e-08
 613.75 1.8449e-08
 614.00 2.3974e-08
 614.25 3.1531e-08
 614.50 3.3024e-08
 614.75 2.6670e-08
 615.00 2.4528e-08
 615.25 2.7471e-08
 615.50 3.2649e-08
 615.75 3.0055e-08
 616.00 2.7355e-08
 616.25 3.1578e-08
 616.50 2.9250e-08
 616.75 2.5883e-08
 617.00 2.8153e-08
 617.25 3.1655e-08
 617.50 3.0522e-08
 617.75 2.8256e-08
 618.00 2.8962e-08
 618.25 3.0961e-08
 618.50 3.1144e-08
 618.75 3.4507e-08
 619.00 3.1475e-08
 619.25 3.1430e-08
 619.50 3.5339e-08
 619.75 3.7023e-08
 620.00 3.2410e-08
 620.25 3.0995e-08
 620.50 3.8019e-08
 620.75 3.3942e-08
 621.00 3.3466e-08
 621.25 4.3673e-08
 621.50 4.9105e-08
 621.75 3.5854e-08
 622.00 2.4158e-08
 622.25 2.4240e-08
 622.50 2.7573e-08
 622.75 2.9557e-08
 623.00 2.7747e-08
 623.25 2.8293e-08
 623.50 3.1715e-08
 623.75 3.1377e-08
 624.00 3.1208e-08
 624.25 2.8973e-08
 624.50 2.9953e-08
 624.75 3.2113e-08
 625.00 3.5531e-08
 625.25 3.5413e-08
 625.50 2.8088e-08
 625.75 2.6420e-08
 626.00 2.7383e-08
 626.25 2.9634e-08
 626.50 3.1184e-08
 626.75 4.5060e-08
 627.00 4.6624e-08
 627.25 3.8959e-08
 627.50 4.4072e-08
 627.75 1.0452e-07
 628.00 1.5417e-07
 628.25 1.0786e-07
 628.50 6.1021e-08
 628.75 4.5366e-08
 629.00 3.9355e-08
 629.25 3.7723e-08
 629.50 4.5047e-08
 629.75 4.0300e-08
 630.00 3.2684e-08
 630.25 3.9172e-08
 630.50 4.3785e-08
 630.75 4.9026e-08
 631.00 4.6109e-08
 631.25 5.8149e-08
 631.50 5.3387e-08
 631.75 3.9298e-08
 632.00 4.1554e-08
 632.25 4.1859e-08
 632.50 5.1563e-08
 632.75 5.7012e-08
 633.00 6.9432e-08
 633.25 6.5269e-08
 633.50 6.4711e-08
 633.75 6.8398e-08
 634.00 6.6263e-08
 634.25 6.3647e-08
 634.50 5.7307e-08
 634.75 6.8230e-08
 635.00 5.9825e-08
 635.25 5.4041e-08
 635.50 4.4454e-08
 635.75 3.7062e-08
 636.00 4.1045e-08
 636.25 4.7623e-08
 636.50 5.0709e-08
 636.75 4.1243e-08
 637.00 3.3208e-08
 637.25 2.9697e-08
 637.50 3.7160e-08
 637.75 3.9204e-08
 638.00 3.8913e-08
 638.25 3.6702e-08
 638.50 3.7130e-08
 638.75 3.7376e-08
 639.00 3.5404e-08
 639.25 3.3938e-08
 639.50 3.0334e-08
 639.75 2.7704e-08
 640.00 2.8838e-08
 640.25 3.2408e-08
 640.50 2.8653e-08
 640.75 2.5231e-08
 641.00 3.0578e-08
 641.25 3.3506e-08
 641.50 3.3113e-08
 641.75 3.2300e-08
 642.00 3.4876e-08
 642.25 3.2401e-08
 642.50 2.4370e-08
 642.75 2.6506e-08
 643.00 2.7733e-08
 643.25 3.0057e-08
 643.50 2.9289e-08
 643.75 2.9902e-08
 644.00 3.9999e-08
 644.25 4.5995e-08
 644.50 3.9371e-08
 644.75 2.6367e-08
 645.00 2.2833e-08
 645.25 2.3672e-08
 645.50 2.1020e-08
 645.75 2.4997e-08
 646.00 3.0845e-08
 646.25 2.6345e-08
 646.50 1.8453e-08
 646.75 1.8615e-08
 647.00 2.1603e-08
 647.25 2.9375e-08
 647.50 3.2288e-08
 647.75 2.5738e-08
 648.00 2.4891e-08
 648.25 2.7242e-08
 648.50 3.1446e-08
 648.75 3.2093e-08
 649.00 3.5930e-08
 649.25 3.1186e-08
 649.50 2.3494e-08
 649.75 2.6593e-08
 650.00 3.1687e-08
 650.25 3.3229e-08
 650.50 3.1107e-08
 650.75 2.8778e-08
 651.00 2.0498e-08
 651.25 1.6033e-08
 651.50 1.5460e-08
 651.75 1.8478e-08
 652.00 2.5726e-08
 652.25 2.6210e-08
 652.50 2.3971e-08
 652.75 2.7628e-08
 653.00 2.5362e-08
 653.25 1.8708e-08
 653.50 2.1402e-08
 653.75 2.6014e-08
 654.00 2.6090e-08
 654.25 2.2703e-08
 654.50 2.1324e-08
 654.75 2.6938e-08
 655.00 2.8024e-08
 655.25 2.5969e-08
 655.50 2.9033e-08
 655.75 3.5122e-08
 656.00 3.1279e-08
 656.25 2.4327e-08
 656.50 2.8508e-08
 656.75 2.7005e-08
 657.00 2.1042e-08
 657.25 2.1901e-08
 657.50 2.8569e-08
 657.75 3.3289e-08
 658.00 3.2328e-08
 658.25 2.3441e-08
 658.50 2.1088e-08
 658.75 2.6442e-08
 659.00 2.5450e-08
 659.25 2.5905e-08
 659.50 2.7681e-08
 659.75 2.4957e-08
 660.00 2.2542e-08
 660.25 2.5907e-08
 660.50 2.6067e-08
 660.75 2.6873e-08
 661.00 3.1891e-08
 661.25 2.4429e-08
 661.50 2.4082e-08
 661.75 3.1579e-08
 662.00 2.3622e-08
 662.25 2.2471e-08
 662.50 2.9167e-08
 662.75 2.6692e-08
 663.00 2.6724e-08
 663.25 3.3087e-08
 663.50 2.7903e-08
 663.75 2.2689e-08
 664.00 2.6564e-08
 664.25 3.2116e-08
 664.50 3.6792e-08
 664.75 3.2711e-08
 665.00 2.4241e-08
 665.25 2.3039e-08
 665.50 3.1186e-08
 665.75 3.2902e-08
 666.00 2.4897e-08
 666.25 1.9216e-08
 666.50 1.9586e-08
 666.75 2.0418e-08
 667.00 1.9169e-08
 667.25 4.4331e-08
 667.50 8.5496e-08
 667.75 9.0127e-08
 668.00 7.2672e-08
 668.25 5.4128e-08
 668.50 3.9536e-08
 668.75 3.4334e-08
 669.00 2.9749e-08
 669.25 2.2196e-08
 669.50 2.1612e-08
 669.75 2.2810e-08
 670.00 1.9812e-08
 670.25 2.9500e-08
 670.50 3.8092e-08
 670.75 3.3013e-08
 671.00 2.6410e-08
 671.25 2.4752e-08
 671.50 2.0709e-08
 671.75 1.0524e-08
 672.00 4.2246e-09
 672.25 1.4653e-08
 672.50 3.2442e-08
 672.75 3.3847e-08
 673.00 2.5953e-08
 673.25 3.1156e-08
 673.50 3.1927e-08
 673.75 2.1339e-08
 674.00 2.1836e-08
 674.25 3.4588e-08
 674.50 3.2756e-08
 674.75 2.6397e-08
 675.00 3.5960e-08
 675.25 3.5161e-08
 675.50 3.1868e-08
 675.75 3.7550e-08
 676.00 3.7230e-08
 676.25 3.2391e-08
 676.50 3.5834e-08
 676.75 2.9539e-08
 677.00 2.1827e-08
 677.25 2.8637e-08
 677.50 3.7167e-08
 677.75 4.3414e-08
 678.00 3.7392e-08
 678.25 3.0510e-08
 678.50 2.8567e-08
 678.75 2.6227e-08
 679.00 2.9534e-08
 679.25 3.6889e-08
 679.50 4.2894e-08
 679.75 4.3742e-08
 680.00 3.3569e-08
 680.25 2.0112e-08
 680.50 1.7354e-08
 680.75 2.1617e-08
 681.00 2.0875e-08
 681.25 2.1892e-08
 681.50 2.6315e-08
 681.75 3.1501e-08
 682.00 4.7414e-08
 682.25 5.9879e-08
 682.50 4.2532e-08
 682.75 1.8351e-08
 683.00 1.4279e-08
 683.25 2.0029e-08
 683.50 2.3051e-08
 683.75 2.7363e-08
 684.00 3.5966e-08
 684.25 4.7914e-08
 684.50 5.0781e-08
 684.75 2.8992e-08
 685.00 2.2424e-08
 685.25 3.9395e-08
 685.50 4.3944e-08
 685.75 2.9724e-08
 686.00 2.3897e-08
 686.25 2.4232e-08
 686.50 3.7289e-08
 686.75 5.4604e-08
 687.00 4.0394e-08
 687.25 2.8260e-08
 687.50 3.4048e-08
 687.75 3.9545e-08
 688.00 3.3034e-08
 688.25 3.7978e-08
 688.50 4.5542e-08
 688.75 4.3072e-08
 689.00 5.3828e-08
 689.25 4.9257e-08
 689.50 2.5637e-08
 689.75 1.6213e-08
 690.00 2.0101e-08
 690.25 2.7467e-08
 690.50 2.8169e-08
 690.75 3.1418e-08
 691.00 4.4882e-08
 691.25 6.4447e-08
 691.50 6.4801e-08
 691.75 3.3434e-08
 692.00 1.8396e-08
 692.25 2.4709e-08
 692.50 3.4118e-08
 692.75 2.8301e-08
 693.00 2.6076e-08
 693.25 3.3268e-08
 693.50 4.6965e-08
 693.75 7.8513e-08
 694.00 7.3387e-08
 694.25 5.0111e-08
 694.50 4.0708e-08
 694.75 3.3631e-08
 695.00 3.2102e-08
 695.25 3.0180e-08
 695.50 3.6104e-08
 695.75 4.3506e-08
 696.00 5.9823e-08
 696.25 6.3808e-08
 696.50 4.0583e-08
 696.75 3.9789e-08
 697.00 5.2000e-08
 697.25 4.6994e-08
 697.50 2.5328e-08
 697.75 2.7468e-08
 698.00 4.0221e-08
 698.25 5.4641e-08
 698.50 8.0233e-08
 698.75 6.1081e-08
 699.00 4.1666e-08
 699.25 5.5063e-08
 699.50 5.5985e-08
 699.75 4.1755e-08
 700.00 4.8237e-08
 700.25 5.3454e-08
 700.50 4.4142e-08
 700.75 5.6747e-08
 701.00 5.7919e-08
 701.25 5.1030e-08
 701.50 4.9902e-08
 701.75 3.7884e-08
 702.00 3.0469e-08
 702.25 3.5109e-08
 702.50 4.5567e-08
 702.75 5.3406e-08
 703.00 8.5780e-08
 703.25 1.0749e-07
 703.50 6.6298e-08
 703.75 3.2836e-08
 704.00 3.0097e-08
 704.25 2.5832e-08
 704.50 2.7847e-08
 704.75 3.4911e-08
 705.00 4.3399e-08
 705.25 5.4414e-08
 705.50 6.7127e-08
 705.75 7.4206e-08
 706.00 7.4913e-08
 706.25 6.0657e-08
 706.50 3.7779e-08
 706.75 3.6479e-08
 707.00 4.4487e-08
 707.25 4.7543e-08
 707.50 5.1730e-08
 707.75 7.6164e-08
 708.00 9.8118e-08
 708.25 6.8218e-08
 708.50 3.3367e-08
 708.75 2.7490e-08
 709.00 3.4104e-08
 709.25 4.2894e-08
 709.50 4.4067e-08
 709.75 5.2993e-08
 710.00 6.0843e-08
 710.25 7.2333e-08
 710.50 6.7243e-08
 710.75 4.6191e-08
 711.00 5.0836e-08
 711.25 5.9361e-08
 711.50 6.0178e-08
 711.75 7.8665e-08
 712.00 1.3903e-07
 712.25 1.6596e-07
 712.50 1.5974e-07
 712.75 1.4781e-07
 713.00 9.2064e-08
 713.25 5.6739e-08
 713.50 4.9909e-08
 713.75 5.3897e-08
 714.00 5.9497e-08
 714.25 7.1705e-08
 714.50 1.0123e-07
 714.75 1.0926e-07
 715.00 1.0973e-07
 715.25 9.0519e-08
 715.50 6.4700e-08
 715.75 4.6311e-08
 716.00 5.9278e-08
 716.25 1.2322e-07
 716.50 1.1565e-07
 716.75 6.0192e-08
 717.00 5.6531e-08
 717.25 9.9144e-08
 717.50 1.0187e-07
 717.75 5.7389e-08
 718.00 3.9121e-08
 718.25 2.4947e-08
 718.50 2.2851e-08
 718.75 3.0339e-08
 719.00 4.9276e-08
 719.25 6.2891e-08
 719.50 8.2880e-08
 719.75 1.3488e-07
 720.00 1.2295e-07
 720.25 5.7767e-08
 720.50 3.6162e-08
 720.75 4.3951e-08
 721.00 4.9794e-08
 721.25 4.5975e-08
 721.50 4.1381e-08
 721.75 5.4391e-08
 722.00 7.5470e-08
 722.25 6.3549e-08
 722.50 3.6708e-08
 722.75 3.2794e-08
 723.00 3.1975e-08
 723.25 4.2230e-08
 723.50 5.0836e-08
 723.75 5.4135e-08
 724.00 4.9742e-08
 724.25 5.0506e-08
 724.50 5.3472e-08
 724.75 4.7403e-08
 725.00 4.2194e-08
 725.25 4.0330e-08
 725.50 4.0515e-08
 725.75 3.8372e-08
 726.00 4.3799e-08
 726.25 4.1458e-08
 726.50 4.7599e-08
 726.75 5.2095e-08
 727.00 4.7500e-08
 727.25 4.3551e-08
 727.50 4.1527e-08
 727.75 3.5219e-08
 728.00 6.3991e-08
 728.25 1.3309e-07
 728.50 1.4641e-07
 728.75 1.4233e-07
 729.00 3.1230e-07
 729.25 5.5972e-07
 729.50 5.5738e-07
 729.75 4.0705e-07
 730.00 2.9483e-07
 730.25 2.2764e-07
 730.50 1.8530e-07
 730.75 1.7210e-07
 731.00 2.3525e-07
 731.25 2.4479e-07
 731.50 1.8558e-07
 731.75 1.4008e-07
 732.00 1.0348e-07
 732.25 8.7517e-08
 732.50 8.9997e-08
 732.75 9.1229e-08
 733.00 7.7949e-08
 733.25 6.5199e-08
 733.50 7.1471e-08
 733.75 1.0393e-07
 734.00 1.0133e-07
 734.25 6.2385e-08
 734.50 4.6831e-08
 734.75 5.1213e-08
 735.00 5.4791e-08
 735.25 4.7740e-08
 735.50 6.0253e-08
 735.75 7.3684e-08
 736.00 8.2511e-08
 736.25 8.8666e-08
 736.50 5.8823e-08
 736.75 3.8793e-08
 737.00 3.8301e-08
 737.25 4.6103e-08
 737.50 5.7225e-08
 737.75 5.6894e-08
 738.00 5.9584e-08
 738.25 7.2620e-08
 738.50 1.0646e-07
 738.75 9.3917e-08
 739.00 6.0735e-08
 739.25 6.0048e-08
 739.50 5.4331e-08
 739.75 5.2447e-08
 740.00 3.7831e-08
 740.25 4.3196e-08
 740.50 7.5301e-08
 740.75 1.0656e-07
 741.00 1.0439e-07
 741.25 5.9072e-08
 741.50 4.2566e-08
 741.75 4.6313e-08
 742.00 4.7952e-08
 742.25 3.8072e-08
 742.50 2.8445e-08
 742.75 5.3082e-08
 743.00 9.4755e-08
 743.25 1.2359e-07
 743.50 9.2313e-08
 743.75 5.0052e-08
 744.00 4.8069e-08
 744.25 5.9676e-08
 744.50 6.2397e-08
 744.75 4.8165e-08
 745.00 5.0090e-08
 745.25 7.7757e-08
 745.50 1.0872e-07
 745.75 9.2198e-08
 746.00 5.6616e-08
 746.25 5.3016e-08
 746.50 5.8532e-08
 746.75 5.2154e-08
 747.00 4.7575e-08
 747.25 6.1536e-08
 747.50 8.1631e-08
 747.75 1.2682e-07
 748.00 1.6434e-07
 748.25 1.2498e-07
 748.50 6.9616e-08
 748.75 6.3918e-08
 749.00 6.8036e-08
 749.25 5.5665e-08
 749.50 5.2433e-08
 749.75 6.0793e-08
 750.00 7.7100e-08
 750.25 1.0994e-07
 750.50 9.7641e-08
 750.75 6.5555e-08
 751.00 5.9975e-08
 751.25 5.5859e-08
 751.50 4.7959e-08
 751.75 4.0079e-08
 752.00 4.0238e-08
 752.25 5.1154e-08
 752.50 9.5032e-08
 752.75 1.0593e-07
 753.00 7.9486e-08
 753.25 8.2713e-08
 753.50 7.5355e-08
 753.75 5.7056e-08
 754.00 4.9186e-08
 754.25 4.1890e-08
 754.50 5.4890e-08
 754.75 7.7654e-08
 755.00 9.2931e-08
 755.25 7.9255e-08
 755.50 6.5806e-08
 755.75 6.4336e-08
 756.00 5.9755e-08
 756.25 6.8978e-08
 756.50 5.7538e-08
 756.75 4.6811e-08
 757.00 6.0878e-08
 757.25 9.6396e-08
 757.50 9.6186e-08
 757.75 6.6696e-08
 758.00 5.7738e-08
 758.25 4.5330e-08
 758.50 4.3417e-08
 758.75 4.9130e-08
 759.00 5.4949e-08
 759.25 5.6796e-08
 759.50 6.4465e-08
 759.75 7.3440e-08
 760.00 6.6576e-08
 760.25 6.6022e-08
 760.50 5.8476e-08
 760.75 4.7354e-08
 761.00 4.8315e-08
 761.25 5.0510e-08
 761.50 5.1262e-08
 761.75 6.2994e-08
 762.00 9.2408e-08
 762.25 7.9452e-08
 762.50 5.9399e-08
 762.75 5.1451e-08
 763.00 4.4811e-08
 763.25 5.0257e-08
 763.50 4.7674e-08
 763.75 4.3472e-08
 764.00 4.0916e-08
 764.25 4.8347e-08
 764.50 3.6310e-08
 764.75 -2.8233e-08
 765.00 -1.1897e-07
 765.25 -4.5560e-08
 765.50 8.5342e-08
 765.75 8.8750e-08
 766.00 7.4246e-08
 766.25 7.8316e-08
 766.50 9.7394e-08
 766.75 9.7276e-08
 767.00 7.8465e-08
 767.25 6.8635e-08
 767.50 6.7228e-08
 767.75 5.8954e-08
 768.00 5.3256e-08
 768.25 5.6034e-08
 768.50 6.2811e-08
 768.75 6.9529e-08
 769.00 7.4368e-08
 769.25 7.0050e-08
 769.50 5.9819e-08
 769.75 5.8946e-08
 770.00 6.1394e-08
 770.25 6.0507e-08
 770.50 5.7748e-08
 770.75 6.7377e-08
 771.00 7.3251e-08
 771.25 7.6503e-08
 771.50 7.5838e-08
 771.75 6.6988e-08
 772.00 5.5229e-08
 772.25 5.0121e-08
 772.50 4.6749e-08
 772.75 4.2496e-08
 773.00 4.4561e-08
 773.25 5.3515e-08
 773.50 6.2620e-08
 773.75 7.1296e-08
 774.00 6.7826e-08
 774.25 5.5463e-08
 774.50 5.1004e-08
 774.75 4.5491e-08
 775.00 4.9579e-08
 775.25 4.9510e-08
 775.50 4.9807e-08
 775.75 6.3342e-08
 776.00 7.7778e-08
 776.25 6.9710e-08
 776.50 5.9859e-08
 776.75 6.0732e-08
 777.00 5.1841e-08
 777.25 4.4320e-08
 777.50 4.5335e-08
 777.75 5.0975e-08
 778.00 6.0753e-08
 778.25 7.2143e-08
 778.50 6.9301e-08
 778.75 5.7383e-08
 779.00 5.5025e-08
 779.25 5.7442e-08
 779.50 5.8107e-08
 779.75 6.0437e-08
 780.00 6.4808e-08
 780.25 6.4574e-08
 780.50 7.0284e-08
 780.75 8.7776e-08
 781.00 7.1259e-08
 781.25 5.0864e-08
 781.50 4.9128e-08
 781.75 5.1397e-08
 782.00 5.8090e-08
 782.25 6.0625e-08
 782.50 6.0495e-08
 782.75 6.0084e-08
 783.00 7.1527e-08
 783.25 7.4588e-08
 783.50 6.7162e-08
 783.75 5.9696e-08
 784.00 5.6206e-08
 784.25 5.9173e-08
 784.50 6.4431e-08
 784.75 6.5965e-08
 785.00 6.7627e-08
 785.25 6.8281e-08
 785.50 7.0134e-08
 785.75 6.9922e-08
 786.00 6.2116e-08
 786.25 5.4053e-08
 786.50 5.3847e-08
 786.75 5.6853e-08
 787.00 6.6169e-08
 787.25 7.9589e-08
 787.50 7.5864e-08
 787.75 6.7234e-08
 788.00 6.3113e-08
 788.25 5.9684e-08
 788.50 5.3405e-08
 788.75 5.4129e-08
 789.00 5.9747e-08
 789.25 6.7705e-08
 789.50 6.5948e-08
 789.75 6.2188e-08
 790.00 7.0033e-08
 790.25 7.2221e-08
 790.50 6.6354e-08
 790.75 7.0469e-08
 791.00 7.1332e-08
 791.25 7.0675e-08
 791.50 8.7457e-08
 791.75 8.3740e-08
 792.00 6.7260e-08
 792.25 6.1260e-08
 792.50 5.7417e-08
 792.75 6.2537e-08
 793.00 6.8770e-08
 793.25 6.0155e-08
 793.50 5.8333e-08
 793.75 6.7392e-08
 794.00 8.3367e-08
 794.25 8.1631e-08
 794.50 6.3924e-08
 794.75 5.9608e-08
 795.00 5.5640e-08
 795.25 4.8135e-08
 795.50 5.3509e-08
 795.75 6.6555e-08
 796.00 6.8976e-08
 796.25 6.1887e-08
 796.50 6.3314e-08
 796.75 8.6064e-08
 797.00 8.6776e-08
 797.25 7.4195e-08
 797.50 7.1587e-08
 797.75 7.5337e-08
 798.00 8.0352e-08
 798.25 8.3787e-08
 798.50 9.6790e-08
 798.75 1.1270e-07
 799.00 1.2267e-07
 799.25 1.0920e-07
 799.50 7.6754e-08
 799.75 6.2148e-08
 800.00 5.3086e-08
 800.25 4.0066e-08
 800.50 5.7182e-08
 800.75 8.7471e-08
 801.00 1.0885e-07
 801.25 1.2518e-07
 801.50 1.2834e-07
 801.75 1.0097e-07
 802.00 8.4085e-08
 802.25 8.5402e-08
 802.50 7.5571e-08
 802.75 5.2363e-08
 803.00 3.7327e-08
 803.25 6.0462e-08
 803.50 9.5238e-08
 803.75 1.2388e-07
 804.00 1.3767e-07
 804.25 1.0160e-07
 804.50 6.3360e-08
 804.75 7.5577e-08
 805.00 8.3860e-08
 805.25 7.6073e-08
 805.50 6.6168e-08
 805.75 6.6943e-08
 806.00 9.6685e-08
 806.25 1.5316e-07
 806.50 1.8895e-07
 806.75 1.4597e-07
 807.00 6.8007e-08
 807.25 5.5339e-08
 807.50 9.1715e-08
 807.75 9.6212e-08
 808.00 6.7459e-08
 808.25 5.2875e-08
 808.50 7.5079e-08
 808.75 1.2817e-07
 809.00 1.8454e-07
 809.25 1.6321e-07
 809.50 8.6255e-08
 809.75 4.4242e-08
 810.00 5.8708e-08
 810.25 9.3384e-08
 810.50 8.8115e-08
 810.75 6.3122e-08
 811.00 6.5618e-08
 811.25 8.8921e-08
 811.50 1.6101e-07
 811.75 1.9611e-07
 812.00 1.0668e-07
 812.25 3.6541e-08
 812.50 2.7964e-08
 812.75 5.5590e-08
 813.00 1.1318e-07
 813.25 1.0809e-07
 813.50 9.0921e-08
 813.75 1.0713e-07
 814.00 1.5170e-07
 814.25 2.2651e-07
 814.50 1.9263e-07
 814.75 8.2491e-08
 815.00 3.4647e-08
 815.25 4.0987e-08
 815.50 7.6742e-08
 815.75 9.8134e-08
 816.00 8.3198e-08
 816.25 8.9496e-08
 816.50 1.1154e-07
 816.75 1.7682e-07
 817.00 2.2618e-07
 817.25 1.4435e-07
 817.50 5.9688e-08
 817.75 4.5779e-08
 818.00 5.3834e-08
 818.25 8.4765e-08
 818.50 1.0233e-07
 818.75 8.9253e-08
 819.00 9.6584e-08
 819.25 1.2941e-07
 819.50 2.0064e-07
 819.75 2.0128e-07
 820.00 1.0003e-07
 820.25 4.2178e-08
 820.50 3.9933e-08
 820.75 5.2254e-08
 821.00 7.7623e-08
 821.25 9.0320e-08
 821.50 7.5197e-08
 821.75 5.9942e-08
 822.00 1.3214e-07
 822.25 2.6244e-07
 822.50 2.0739e-07
 822.75 7.2217e-08
 823.00 3.5440e-08
 823.25 3.4529e-08
 823.50 6.5329e-08
 823.75 1.0162e-07
 824.00 1.0375e-07
 824.25 1.0136e-07
 824.50 1.3493e-07
 824.75 2.1208e-07
 825.00 2.2071e-07
 825.25 1.1403e-07
 825.50 3.8312e-08
 825.75 1.6509e-08
 826.00 3.9244e-08
 826.25 8.8473e-08
 826.50 9.9609e-08
 826.75 9.3189e-08
 827.00 1.0801e-07
 827.25 1.5920e-07
 827.50 2.2582e-07
 827.75 1.6899e-07
 828.00 5.5014e-08
 828.25 2.6849e-08
 828.50 3.7316e-08
 828.75 7.9664e-08
 829.00 1.0437e-07
 829.25 9.1991e-08
 829.50 9.5415e-08
 829.75 1.2850e-07
 830.00 2.0015e-07
 830.25 2.2299e-07
 830.50 1.1396e-07
 830.75 3.7190e-08
 831.00 2.2621e-08
 831.25 3.9688e-08
 831.50 9.0645e-08
 831.75 8.2388e-08
 832.00 5.4584e-08
 832.25 6.6698e-08
 832.50 1.2910e-07
 832.75 2.2436e-07
 833.00 2.0309e-07
 833.25 8.0598e-08
 833.50 2.9418e-08
 833.75 3.2332e-08
 834.00 7.7909e-08
 834.25 9.2754e-08
 834.50 7.4766e-08
 834.75 8.6053e-08
 835.00 1.1595e-07
 835.25 1.8028e-07
 835.50 2.1428e-07
 835.75 1.2848e-07
 836.00 4.5863e-08
 836.25 5.3314e-08
 836.50 6.5354e-08
 836.75 8.0209e-08
 837.00 6.2858e-08
 837.25 3.2316e-08
 837.50 4.8755e-08
 837.75 1.2845e-07
 838.00 2.0247e-07
 838.25 1.8857e-07
 838.50 9.5219e-08
 838.75 2.8889e-08
 839.00 4.1298e-08
 839.25 7.0551e-08
 839.50 7.5320e-08
 839.75 6.1130e-08
 840.00 5.8356e-08
 840.25 8.5511e-08
 840.50 1.3633e-07
 840.75 1.5719e-07
 841.00 1.4024e-07
 841.25 8.4381e-08
 841.50 5.8710e-08
 841.75 8.2153e-08
 842.00 1.0571e-07
 842.25 8.1289e-08
 842.50 2.7862e-08
 842.75 4.1818e-08
 843.00 8.3378e-08
 843.25 1.1265e-07
 843.50 1.1616e-07
 843.75 9.7200e-08
 844.00 7.7725e-08
 844.25 7.1048e-08
 844.50 8.0523e-08
 844.75 7.8064e-08
 845.00 5.4228e-08
 845.25 4.8353e-08
 845.50 6.8842e-08
 845.75 9.0734e-08
 846.00 1.1105e-07
 846.25 1.0614e-07
 846.50 1.0028e-07
 846.75 9.1485e-08
 847.00 7.1755e-08
 847.25 7.3112e-08
 847.50 6.7554e-08
 847.75 5.7147e-08
 848.00 5.9845e-08
 848.25 7.5700e-08
 848.50 1.0001e-07
 848.75 1.0889e-07
 849.00 1.0049e-07
 849.25 8.5748e-08
 849.50 6.4580e-08
 849.75 5.6475e-08
 850.00 6.6291e-08
 850.25 7.2401e-08
 850.50 6.0064e-08
 850.75 5.0426e-08
 851.00 6.7576e-08
 851.25 8.5859e-08
 851.50 8.8597e-08
 851.75 7.9863e-08
 852.00 6.9782e-08
 852.25 6.7135e-08
 852.50 6.9894e-08
 852.75 6.6121e-08
 853.00 5.7035e-08
 853.25 4.4777e-08
 853.50 4.8961e-08
 853.75 6.4417e-08
 854.00 6.4731e-08
 854.25 6.1933e-08
 854.50 6.5547e-08
 854.75 6.9207e-08
 855.00 7.0355e-08
 855.25 6.5893e-08
 855.50 4.8006e-08
 855.75 3.7642e-08
 856.00 4.0652e-08
 856.25 5.5238e-08
 856.50 7.2777e-08
 856.75 7.7379e-08
 857.00 7.2468e-08
 857.25 6.5971e-08
 857.50 6.5278e-08
 857.75 6.7075e-08
 858.00 5.6048e-08
 858.25 4.3788e-08
 858.50 4.8387e-08
 858.75 5.2857e-08
 859.00 5.0533e-08
 859.25 5.1479e-08
 859.50 4.6767e-08
 859.75 4.7952e-08
 860.00 6.1095e-08
 860.25 5.8716e-08
 860.50 4.8945e-08
 860.75 4.6057e-08
 861.00 5.0443e-08
 861.25 5.4041e-08
 861.50 5.5966e-08
 861.75 5.0970e-08
 862.00 4.1225e-08
 862.25 5.0190e-08
 862.50 6.6373e-08
 862.75 5.8522e-08
 863.00 4.7131e-08
 863.25 4.2209e-08
 863.50 4.0030e-08
 863.75 4.8942e-08
 864.00 5.4705e-08
 864.25 5.0117e-08
 864.50 4.4412e-08
 864.75 4.8177e-08
 865.00 4.6372e-08
 865.25 4.1464e-08
 865.50 4.1117e-08
 865.75 4.1775e-08
 866.00 3.9261e-08
 866.25 4.5652e-08
 866.50 5.1884e-08
 866.75 5.1724e-08
 867.00 5.3411e-08
 867.25 5.1959e-08
 867.50 5.1984e-08
 867.75 4.9204e-08
 868.00 4.5438e-08
 868.25 4.3658e-08
 868.50 4.3874e-08
 868.75 4.5488e-08
 869.00 5.1707e-08
 869.25 5.8963e-08
 869.50 5.4526e-08
 869.75 4.5813e-08
 870.00 4.5631e-08
 870.25 3.8810e-08
 870.50 3.8083e-08
 870.75 4.1826e-08
 871.00 3.6362e-08
 871.25 3.0931e-08
 871.50 3.1129e-08
 871.75 3.6512e-08
 872.00 4.0877e-08
 872.25 3.7224e-08
 872.50 2.7010e-08
 872.75 2.4148e-08
 873.00 2.8994e-08
 873.25 3.7715e-08
 873.50 4.3581e-08
 873.75 4.0150e-08
 874.00 3.1817e-08
 874.25 3.5357e-08
 874.50 3.8477e-08
 874.75 4.0182e-08
 875.00 4.1121e-08
 875.25 4.0023e-08
 875.50 3.7928e-08
 875.75 3.0920e-08
 876.00 3.0532e-08
 876.25 3.6234e-08
 876.50 3.6252e-08
 876.75 3.2472e-08
 877.00 3.7306e-08
 877.25 3.9134e-08
 877.50 3.5415e-08
 877.75 3.1673e-08
 878.00 3.0339e-08
 878.25 3.2429e-08
 878.50 3.9874e-08
 878.75 4.3952e-08
 879.00 4.5770e-08
 879.25 3.6729e-08
 879.50 2.8449e-08
 879.75 3.6283e-08
 880.00 3.5107e-08
 880.25 3.2070e-08
 880.50 3.3464e-08
 880.75 3.1379e-08
 881.00 3.0893e-08
 881.25 3.2875e-08
 881.50 2.9547e-08
 881.75 3.0771e-08
 882.00 3.6239e-08
 882.25 3.4853e-08
 882.50 3.3603e-08
 882.75 3.2715e-08
 883.00 2.5042e-08
 883.25 1.7476e-08
 883.50 1.5765e-08
 883.75 2.3727e-08
 884.00 3.4432e-08
 884.25 3.2961e-08
 884.50 3.0991e-08
 884.75 2.9393e-08
 885.00 2.3112e-08
 885.25 1.7902e-08
 885.50 1.2322e-08
 885.75 1.2536e-08
 886.00 1.4525e-08
 886.25 1.8836e-08
 886.50 2.1183e-08
 886.75 2.3847e-08
 887.00 2.2517e-08
 887.25 1.4091e-08
 887.50 2.0608e-08
 887.75 2.4710e-08
 888.00 2.7450e-08
 888.25 3.1416e-08
 888.50 3.0794e-08
 888.75 3.1462e-08
 889.00 2.8949e-08
 889.25 2.1103e-08
 889.50 1.5609e-08
 889.75 1.6413e-08
 890.00 1.9361e-08
 890.25 2.1927e-08
 890.50 2.1531e-08
 890.75 2.3559e-08
 891.00 2.6027e-08
 891.25 2.2663e-08
 891.50 7.2390e-09
 891.75 6.2650e-10
 892.00 1.0327e-08
 892.25 1.7814e-08
 892.50 1.6405e-08
 892.75 9.7524e-09
 893.00 1.0168e-08
 893.25 1.8648e-08
 893.50 2.6670e-08
 893.75 2.4451e-08
 894.00 1.9309e-08
 894.25 1.9819e-08
 894.50 1.5879e-08
 894.75 1.8207e-08
 895.00 2.7340e-08
 895.25 2.2467e-08
 895.50 1.9335e-08
 895.75 2.4421e-08
 896.00 2.4512e-08
 896.25 2.2426e-08
 896.50 1.8726e-08
 896.75 1.8320e-08
 897.00 2.2328e-08
 897.25 2.0335e-08
 897.50 1.4919e-08
 897.75 1.4104e-08
 898.00 1.0101e-08
 898.25 7.8257e-09
 898.50 1.2129e-08
 898.75 1.4764e-08
 899.00 1.5864e-08
 899.25 1.4787e-08
 899.50 1.6154e-08
 899.75 2.2134e-08
 900.00 2.6478e-08
 900.25 1.9115e-08
 900.50 1.6556e-08
 900.75 1.3173e-08
 901.00 6.2906e-09
 901.25 1.1975e-08
 901.50 2.0869e-08
 901.75 2.4017e-08
 902.00 2.3686e-08
 902.25 2.7166e-08
 902.50 2.4132e-08
 902.75 2.4127e-08
 903.00 2.3579e-08
 903.25 2.0481e-08
 903.50 1.6973e-08
 903.75 1.1242e-08
 904.00 1.4525e-08
 904.25 2.1075e-08
 904.50 1.8959e-08
 904.75 1.6689e-08
 905.00 1.7765e-08
 905.25 1.7304e-08
 905.50 1.9872e-08
 905.75 2.1226e-08
 906.00 1.8707e-08
 906.25 2.0227e-08
 906.50 2.6843e-08
 906.75 2.8058e-08
 907.00 2.7524e-08
 907.25 2.3502e-08
 907.50 2.2489e-08
 907.75 2.1333e-08
 908.00 1.6517e-08
 908.25 6.8215e-09
 908.50 2.6110e-09
 908.75 1.3445e-08
 909.00 2.7153e-08
 909.25 2.9218e-08
 909.50 2.4194e-08
 909.75 2.1239e-08
 910.00 1.7327e-08
 910.25 2.3337e-08
 910.50 2.1878e-08
 910.75 2.1224e-08
 911.00 2.4564e-08
 911.25 1.9936e-08
 911.50 1.8552e-08
 911.75 2.1748e-08
 912.00 2.7457e-08
 912.25 2.8593e-08
 912.50 2.1440e-08
 912.75 1.8228e-08
 913.00 1.4958e-08
 913.25 1.1869e-08
 913.50 1.4183e-08
 913.75 1.7215e-08
 914.00 2.1013e-08
 914.25 2.3360e-08
 914.50 2.1144e-08
 914.75 1.1903e-08
 915.00 1.3821e-08
 915.25 2.6996e-08
 915.50 3.3841e-08
 915.75 2.4381e-08
 916.00 1.8308e-08
 916.25 1.8712e-08
 916.50 1.7720e-08
 916.75 1.6969e-08
 917.00 1.9527e-08
 917.25 2.3279e-08
 917.50 1.8319e-08
 917.75 1.3702e-08
 918.00 9.3629e-09
 918.25 1.0813e-08
 918.50 1.9208e-08
 918.75 2.1459e-08
 919.00 1.4698e-08
 919.25 1.4727e-08
 919.50 1.6379e-08
 919.75 1.1488e-08
 920.00 9.3428e-09
 920.25 1.1066e-08
 920.50 9.2858e-09
 920.75 8.3208e-09
 921.00 1.0364e-08
 921.25 1.0513e-08
 921.50 1.7291e-08
 921.75 2.9128e-08
 922.00 2.8670e-08
 922.25 2.8336e-08
 922.50 4.1703e-08
 922.75 3.6438e-08
 923.00 2.3312e-08
 923.25 2.1066e-08
 923.50 2.1517e-08
 923.75 2.5245e-08
 924.00 2.1907e-08
 924.25 1.5936e-08
 924.50 1.3504e-08
 924.75 1.9800e-08
 925.00 2.6596e-08
 925.25 2.0356e-08
 925.50 1.7851e-08
 925.75 1.9553e-08
 926.00 1.4947e-08
 926.25 8.7311e-09
 926.50 1.0662e-08
 926.75 1.9439e-08
 927.00 2.6505e-08
 927.25 2.2466e-08
 927.50 1.9788e-08
 927.75 2.1222e-08
 928.00 1.4659e-08
 928.25 1.2647e-08
 928.50 1.7352e-08
 928.75 1.6765e-08
 929.00 1.1194e-08
 929.25 1.7740e-08
 929.50 2.1219e-08
 929.75 2.1359e-08
 930.00 2.2897e-08
 930.25 1.5028e-08
 930.50 1.4494e-08
 930.75 1.7788e-08
 931.00 1.1412e-08
 931.25 1.0477e-08
 931.50 1.4164e-08
 931.75 1.1131e-08
 932.00 2.5446e-09
 932.25 -8.0212e-09
 932.50 7.6919e-09
 932.75 3.1646e-08
 933.00 3.6634e-08
 933.25 3.2651e-08
 933.50 2.3889e-08
 933.75 1.3271e-08
 934.00 -4.5990e-09
 934.25 -9.0009e-09
 934.50 1.2576e-08
 934.75 2.4836e-08
 935.00 1.5440e-08
 935.25 1.0712e-08
 935.50 1.7566e-08
 935.75 2.0728e-08
 936.00 1.8536e-08
 936.25 1.7129e-08
 936.50 1.6642e-08
 936.75 2.0494e-08
 937.00 1.9727e-08
 937.25 9.7762e-09
 937.50 1.0697e-08
 937.75 1.4998e-08
 938.00 1.1771e-08
 938.25 1.4073e-08
 938.50 2.4174e-08
 938.75 2.4134e-08
 939.00 2.1241e-08
 939.25 2.9729e-08
 939.50 2.5788e-08
 939.75 7.1344e-09
 940.00 -1.6577e-09
 940.25 3.5209e-09
 940.50 5.1523e-09
 940.75 1.2942e-08
 941.00 2.4293e-08
 941.25 2.0174e-08
 941.50 1.0226e-08
 941.75 1.4002e-08
 942.00 1.5914e-08
 942.25 1.2497e-08
 942.50 1.7159e-08
 942.75 1.5544e-08
 943.00 1.5867e-08
 943.25 1.8345e-08
 943.50 1.7069e-08
 943.75 8.0604e-09
 944.00 -5.0650e-09
 944.25 -1.5621e-08
 944.50 -2.3111e-09
 944.75 2.2368e-08
 945.00 2.6792e-08
 945.25 1.7331e-08
 945.50 7.6210e-09
 945.75 7.8264e-09
 946.00 1.1999e-08
 946.25 1.4086e-08
 946.50 1.2740e-08
 946.75 1.6501e-08
 947.00 1.1538e-08
 947.25 1.3341e-08
 947.50 2.0209e-08
 947.75 1.4238e-08
 948.00 1.4900e-08
 948.25 1.4705e-08
 948.50 1.0343e-08
 948.75 2.9833e-09
 949.00 4.7901e-09
 949.25 1.8334e-08
 949.50 2.8078e-08
 949.75 2.8270e-08
 950.00 1.8784e-08
 950.25 1.6070e-08
 950.50 1.8231e-08
 950.75 1.6448e-08
 951.00 1.7994e-08
 951.25 2.1163e-08
 951.50 2.5365e-08
 951.75 3.1251e-08
 952.00 2.7909e-08
 952.25 1.4759e-08
 952.50 5.1129e-09
 952.75 5.8577e-09
 953.00 7.0398e-09
 953.25 6.4671e-09
 953.50 1.2743e-08
 953.75 1.1504e-08
 954.00 6.0678e-09
 954.25 9.8061e-09
 954.50 1.6957e-08
 954.75 1.2929e-08
 955.00 9.8088e-09
 955.25 1.0086e-08
 955.50 9.6792e-09
 955.75 8.1178e-09
 956.00 1.0758e-08
 956.25 2.2985e-08
 956.50 1.7658e-08
 956.75 2.0306e-08
 957.00 2.3726e-08
 957.25 1.4426e-08
 957.50 8.4463e-09
 957.75 1.2105e-08
 958.00 1.9673e-08
 958.25 1.5840e-08
 958.50 8.0232e-09
 958.75 9.3026e-09
 959.00 1.7562e-08
 959.25 2.0799e-08
 959.50 2.1500e-08
 959.75 8.2131e-09
 960.00 8.5597e-09
 960.25 1.9189e-08
 960.50 1.2511e-08
 960.75 8.5925e-09
 961.00 1.0441e-08
 961.25 9.8925e-09
 961.50 1.7639e-08
 961.75 2.3977e-08
 962.00 1.4956e-08
 962.25 8.2545e-09
 962.50 1.3486e-08
 962.75 1.5274e-08
 963.00 1.2298e-08
 963.25 1.6331e-08
 963.50 1.6050e-08
 963.75 1.2641e-08
 964.00 5.7419e-09
 964.25 6.9213e-09
 964.50 1.3788e-08
 964.75 1.8087e-08
 965.00 1.6109e-08
 965.25 1.2765e-08
 965.50 1.4496e-08
 965.75 8.0566e-09
 966.00 5.5045e-09
 966.25 1.0577e-08
 966.50 1.5073e-08
 966.75 1.8509e-08
 967.00 2.2802e-08
 967.25 1.6058e-08
 967.50 8.7775e-09
 967.75 1.1547e-08
 968.00 2.1413e-08
 968.25 2.5032e-08
 968.50 1.4264e-08
 968.75 6.6703e-09
 969.00 5.3610e-09
 969.25 -5.1416e-10
 969.50 -1.1972e-09
 969.75 1.4828e-08
 970.00 2.0134e-08
 970.25 1.1337e-08
 970.50 7.3887e-09
 970.75 7.6706e-09
 971.00 7.5754e-09
 971.25 1.1523e-08
 971.50 1.4116e-08
 971.75 1.6988e-08
 972.00 1.8823e-08
 972.25 2.3770e-08
 972.50 2.4368e-08
 972.75 9.1774e-09
 973.00 1.4351e-09
 973.25 5.2253e-09
 973.50 1.1844e-08
 973.75 1.1252e-08
 974.00 1.0631e-08
 974.25 1.4264e-08
 974.50 1.4851e-08
 974.75 7.0112e-09
 975.00 5.4156e-09
 975.25 1.1086e-08
 975.50 1.2813e-08
 975.75 2.0902e-08
 976.00 3.0177e-08
 976.25 2.5989e-08
 976.50 1.5413e-08
 976.75 1.2591e-08
 977.00 1.1482e-08
 977.25 8.2862e-09
 977.50 2.2586e-09
 977.75 1.6697e-09
 978.00 7.1393e-09
 978.25 1.9024e-08
 978.50 1.9826e-08
 978.75 1.1390e-08
 979.00 9.5010e-09
 979.25 1.0919e-08
 979.50 1.1110e-08
 979.75 2.1820e-09
 980.00 -2.6827e-09
 980.25 -5.9416e-09
 980.50 -4.9429e-09
 980.75 4.7476e-09
 981.00 8.9470e-09
 981.25 5.8125e-09
 981.50 6.1615e-09
 981.75 3.9836e-09
 982.00 -6.0348e-10
 982.25 -2.5940e-09
 982.50 6.3908e-09
 982.75 1.2145e-08
 983.00 1.0886e-08
 983.25 1.3070e-08
 983.50 5.3362e-09
 983.75 1.6587e-09
 984.00 1.2038e-08
 984.25 2.7485e-08
 984.50 1.8800e-08
 984.75 6.2441e-09
 985.00 7.6212e-09
 985.25 3.4542e-09
 985.50 4.8766e-09
 985.75 1.1996e-08
 986.00 1.1601e-08
 986.25 1.0714e-08
 986.50 1.1986e-08
 986.75 9.8983e-09
 987.00 8.4777e-09
 987.25 1.3220e-08
 987.50 9.7772e-09
 987.75 -3.8475e-09
 988.00 6.2740e-10
 988.25 8.0467e-09
 988.50 6.1244e-09
 988.75 7.4840e-09
 989.00 1.3494e-08
 989.25 6.5865e-09
 989.50 5.9480e-09
 989.75 1.7716e-08
 990.00 1.7037e-08
 990.25 6.3858e-09
 990.50 1.9105e-09
 990.75 1.5222e-08
 991.00 1.6504e-08
 991.25 8.6578e-09
 991.50 9.5460e-09
 991.75 8.5714e-09
 992.00 2.1213e-09
 992.25 2.6506e-09
 992.50 6.5013e-09
 992.75 5.1242e-09
 993.00 1.0289e-08
 993.25 1.7511e-08
 993.50 1.1587e-08
 993.75 4.7302e-09
 994.00 6.4803e-09
 994.25 7.1278e-09
 994.50 4.6082e-09
 994.75 7.4225e-09
 995.00 1.5178e-08
 995.25 2.0495e-08
 995.50 1.8412e-08
 995.75 3.8866e-09
 996.00 2.8439e-09
 996.25 1.2770e-08
 996.50 1.3914e-08
 996.75 1.6047e-08
 997.00 1.6190e-08
 997.25 1.7536e-08
 997.50 1.1770e-08
 997.75 -2.5719e-09
 998.00 -9.5852e-10
 998.25 4.9713e-09
 998.50 1.2299e-08
 998.75 1.0809e-08
 999.00 7.2262e-09
 999.25 5.1185e-09
 999.50 -1.1564e-08
 999.75 -1.3065e-08
1000.00 -3.1137e-09
1000.25 -2.1302e-09
1000.50 -7.7388e-09
1000.75 -4.5025e-09
1001.00 -1.1355e-09
1001.25 3.8295e-09
1001.50 1.0179e-08
1001.75 6.9412e-09
1002.00 5.5946e-09
1002.25 5.5352e-09
1002.50 1.1442e-08
1002.75 2.6199e-08
1003.00 2.8344e-08
1003.25 2.1938e-08
1003.50 2.3858e-08
1003.75 2.6850e-08
1004.00 2.8616e-08
1004.25 1.2577e-08
1004.50 2.3825e-10
1004.75 4.1647e-09
1005.00 5.1699e-09
1005.25 5.2252e-09
1005.50 -2.9499e-09
1005.75 -2.6281e-09
1006.00 1.2667e-08
1006.25 1.1639e-08
1006.50 6.0578e-09
1006.75 1.3039e-08
1007.00 1.2682e-08
1007.25 5.1912e-09
1007.50 4.4011e-09
1007.75 1.3553e-08
1008.00 1.3364e-08
1008.25 1.7888e-09
1008.50 5.8599e-09
1008.75 8.7374e-09
1009.00 6.5628e-09
1009.25 1.0700e-08
1009.50 1.3704e-08
1009.75 1.8821e-08
1010.00 8.3994e-09
1010.25 1.9480e-09
1010.50 1.1073e-08
1010.75 1.2705e-08
1011.00 9.3471e-09
1011.25 8.0278e-09
1011.50 -2.7124e-09
1011.75 -9.7237e-10
1012.00 2.1298e-08
1012.25 2.8605e-08
1012.50 2.7180e-08
1012.75 2.2601e-08
1013.00 9.3370e-09
1013.25 -1.9090e-09
1013.50 -1.5514e-10
1013.75 -4.7413e-10
1014.00 -5.6575e-10
1014.25 -4.7322e-09
1014.50 -6.9395e-09
1014.75 3.6924e-09
1015.00 8.1889e-09
1015.25 8.4609e-09
1015.50 1.3992e-08
1015.75 1.3381e-08
1016.00 5.4556e-10
1016.25 2.3456e-10
1016.50 7.5395e-09
1016.75 5.5780e-09
1017.00 -1.9004e-09
1017.25 -5.7081e-09
1017.50 3.9159e-09
1017.75 9.1773e-09
1018.00 4.0735e-09
1018.25 1.1061e-08
1018.50 1.3077e-08
1018.75 1.5789e-08
1019.00 1.9355e-08
1019.25 1.4055e-08
1019.50 1.3540e-08
1019.75 1.5917e-08
1020.00 1.7003e-08
1020.25 1.5823e-08
1020.50 1.5679e-08
1020.75 1.1683e-08
1021.00 1.7729e-08
1021.25 2.5002e-08
1021.50 2.2300e-08
1021.75 1.4623e-08
1022.00 3.3527e-09
1022.25 -1.0461e-09
1022.50 2.8673e-09
1022.75 1.0578e-08
1023.00 1.2566e-08
1023.25 1.7057e-09
1023.50 -5.5082e-09
1023.75 -8.6917e-09
1024.00 -6.3563e-09
1024.25 8.1976e-09
1024.50 2.1379e-08
1024.75 1.9952e-08
1025.00 -2.9429e-10
1025.25 -8.5074e-09
1025.50 -1.1912e-09
1025.75 2.9192e-09
1026.00 4.9396e-09
1026.25 4.9863e-09
1026.50 -9.2982e-10
1026.75 -5.0902e-09
1027.00 -6.3298e-09
1027.25 -2.8080e-09
1027.50 -1.4408e-09
1027.75 1.6182e-09
1028.00 1.4129e-08
1028.25 1.7313e-08
1028.50 2.0838e-08
1028.75 2.1348e-08
1029.00 1.5076e-08
1029.25 1.5590e-08
1029.50 1.6674e-08
1029.75 9.4601e-09
1030.00 6.2771e-09
1030.25 4.8806e-09
1030.50 5.7993e-09
1030.75 1.7892e-08
1031.00 2.3975e-08
1031.25 2.1903e-08
1031.50 1.9394e-08
1031.75 1.2048e-08
1032.00 -1.6585e-09
1032.25 -3.8300e-09
1032.50 8.8225e-09
1032.75 1.3535e-08
1033.00 1.3779e-08
1033.25 2.9965e-08
1033.50 1.4964e-08
1033.75 -2.0565e-08
1034.00 -9.6450e-09
1034.25 1.9518e-09
1034.50 1.4335e-09
1034.75 1.0721e-08
1035.00 2.1522e-08
1035.25 1.5477e-08
1035.50 -1.3456e-09
1035.75 1.3635e-09
1036.00 9.0361e-09
1036.25 5.0938e-09
1036.50 -1.6552e-09
1036.75 5.2485e-10
1037.00 2.0056e-09
1037.25 1.2031e-08
1037.50 1.5824e-08
1037.75 1.2621e-08
1038.00 1.1153e-08
1038.25 9.0616e-09
1038.50 1.4139e-08
1038.75 1.1879e-08
1039.00 1.4707e-08
1039.25 1.9400e-08
1039.50 1.6780e-08
1039.75 3.0664e-09
1040.00 -1.7016e-08
1040.25 -8.8193e-09
1040.50 1.4215e-08
1040.75 9.6629e-09
1041.00 6.3766e-09
1041.25 1.3109e-08
1041.50 1.1694e-08
1041.75 1.3536e-08
1042.00 8.6846e-09
1042.25 -1.9680e-09
1042.50 9.0919e-09
1042.75 1.8014e-08
1043.00 5.4425e-09
1043.25 4.7224e-09
1043.50 8.3745e-09
1043.75 1.5810e-09
1044.00 1.7209e-09
1044.25 7.7338e-09
1044.50 5.8669e-09
1044.75 2.1537e-09
1045.00 1.6517e-09
1045.25 5.0781e-09
1045.50 6.7489e-09
1045.75 1.1831e-08
1046.00 9.2173e-09
1046.25 1.2609e-08
1046.50 1.3121e-08
1046.75 4.7302e-09
1047.00 9.5081e-09
1047.25 1.1381e-08
1047.50 7.1121e-09
1047.75 -2.8824e-09
1048.00 6.3019e-09
1048.25 1.6187e-08
1048.50 1.8166e-08
1048.75 1.8008e-08
1049.00 1.4959e-09
1049.25 -1.0371e-08
1049.50 4.6235e-09
1049.75 1.5732e-08
1050.00 2.0432e-08
1050.25 2.8731e-08
1050.50 2.4955e-08
1050.75 7.9866e-09
1051.00 -9.8333e-09
1051.25 7.9923e-10
1051.50 1.9282e-08
1051.75 2.3863e-08
1052.00 -3.7542e-09
1052.25 -2.1784e-08
1052.50 -7.9906e-09
1052.75 3.6261e-09
1053.00 8.0867e-09
1053.25 1.2906e-08
1053.50 1.9215e-08
1053.75 2.2775e-08
1054.00 1.6245e-08
1054.25 2.5597e-09
1054.50 1.4591e-08
1054.75 2.3419e-08
1055.00 1.4074e-08
1055.25 8.1474e-09
1055.50 8.8906e-09
1055.75 8.0865e-09
1056.00 3.5300e-09
1056.25 3.7512e-09
1056.50 9.5874e-09
1056.75 2.8576e-09
1057.00 -1.1479e-08
1057.25 -4.7358e-10
1057.50 2.5763e-08
1057.75 3.5817e-08
1058.00 2.1290e-08
1058.25 3.3112e-09
1058.50 -7.4295e-09
1058.75 -9.4916e-09
1059.00 1.2914e-09
1059.25 9.3454e-09
1059.50 1.1250e-09
1059.75 -4.4079e-09
1060.00 -1.4163e-09
1060.25 1.4577e-08
1060.50 2.8344e-08
1060.75 1.7767e-08
1061.00 6.5758e-09
1061.25 -1.6593e-09
1061.50 -1.0722e-08
1061.75 -8.2860e-09
1062.00 1.1408e-09
1062.25 4.1140e-09
1062.50 4.1745e-09
1062.75 1.1489e-09
1063.00 7.9004e-09
1063.25 1.7312e-08
1063.50 1.5553e-08
1063.75 1.5207e-08
1064.00 1.0450e-08
1064.25 3.7085e-09
1064.50 -7.5353e-09
1064.75 -7.1914e-09
1065.00 1.2719e-08
1065.25 1.6382e-08
1065.50 5.4323e-09
1065.75 1.6176e-08
1066.00 2.4593e-08
1066.25 5.7129e-09
1066.50 -3.5168e-09
1066.75 8.9035e-09
1067.00 1.7422e-08
1067.25 8.9725e-09
1067.50 -1.8290e-09
1067.75 -2.9929e-09
1068.00 1.3593e-08
1068.25 2.3329e-08
1068.50 1.4504e-08
1068.75 1.0525e-08
1069.00 7.8866e-09
1069.25 -2.2933e-09
1069.50 -1.2894e-09
1069.75 5.1362e-09
1070.00 1.3042e-09
1070.25 1.1325e-08
1070.50 1.4573e-08
1070.75 -6.6262e-09
1071.00 -1.1345e-08
1071.25 3.7555e-09
1071.50 3.2666e-09
1071.75 6.3087e-09
1072.00 1.6469e-08
1072.25 1.3178e-08
1072.50 -1.8337e-09
1072.75 -1.7072e-09
1073.00 1.6254e-08
1073.25 1.0472e-08
1073.50 5.9244e-09
1073.75 1.4112e-08
1074.00 1.6956e-08
1074.25 1.2538e-08
1074.50 1.1353e-08
1074.75 1.3321e-08
1075.00 1.1651e-08
1075.25 1.0844e-08
1075.50 8.5004e-09
1075.75 1.0362e-09
1076.00 -9.2804e-09
1076.25 9.6707e-09
1076.50 2.6015e-08
1076.75 7.5413e-09
1077.00 -1.4484e-09
1077.25 6.3809e-09
1077.50 5.0970e-09
1077.75 -3.6882e-09
1078.00 7.9676e-09
1078.25 2.8973e-08
1078.50 2.4111e-08
1078.75 4.5731e-09
1079.00 -1.0196e-08
1079.25 -1.0121e-08
1079.50 5.8099e-09
1079.75 4.8740e-09
1080.00 -6.9962e-09
1080.25 5.6906e-09
1080.50 2.2562e-08
1080.75 1.7021e-08
1081.00 1.8567e-08
1081.25 2.7612e-08
1081.50 1.7250e-08
1081.75 2.5884e-09
1082.00 2.8678e-09
1082.25 1.5313e-08
1082.50 1.3312e-08
1082.75 7.9242e-09
1083.00 -7.8606e-09
1083.25 -2.3599e-08
1083.50 -2.5426e-08
1083.75 -3.1986e-08
1084.00 -2.2894e-08
1084.25 -6.5019e-09
1084.50 1.2970e-08
1084.75 1.5043e-08
1085.00 1.0679e-08
1085.25 1.7022e-08
1085.50 1.7996e-08
1085.75 1.2280e-08
1086.00 3.2513e-10
1086.25 1.1576e-08
1086.50 2.9084e-08
1086.75 2.0101e-08
1087.00 8.2631e-09
1087.25 6.2823e-10
1087.50 4.7288e-09
1087.75 2.2535e-08
1088.00 2.7536e-08
1088.25 3.1806e-08
1088.50 2.8676e-08
1088.75 6.8562e-09
1089.00 -1.4853e-08
1089.25 -2.0296e-08
1089.50 -3.1358e-09
1089.75 1.5117e-08
1090.00 1.0929e-08
1090.25 1.5756e-08
1090.50 3.0014e-08
1090.75 1.9642e-08
1091.00 1.2454e-08
1091.25 2.1623e-08
1091.50 3.5057e-08
1091.75 2.5660e-08
1092.00 1.5118e-09
1092.25 2.8437e-09
1092.50 8.6108e-09
1092.75 -6.5332e-09
1093.00 -1.3955e-08
1093.25 2.4580e-09
1093.50 1.5843e-08
1093.75 2.1997e-08
1094.00 2.0778e-08
1094.25 3.8809e-09
1094.50 9.7380e-10
1094.75 1.7884e-08
1095.00 2.8026e-08
1095.25 2.0433e-08
1095.50 6.4505e-09
1095.75 8.2047e-09
1096.00 5.8048e-09
1096.25 -1.1102e-08
1096.50 -1.2145e-08
1096.75 -5.1969e-09
1097.00 3.5762e-09
1097.25 9.5331e-09
1097.50 1.3637e-08
1097.75 1.9374e-08
1098.00 9.1847e-09
1098.25 -3.4768e-09
1098.50 -8.9964e-09
1098.75 6.5085e-09
1099.00 2.0788e-08
1099.25 1.9684e-08
1099.50 1.1973e-08
1099.75 1.3338e-08
1100.00 1.7808e-08
1100.25 8.8132e-09
1100.50 1.4157e-08
1100.75 1.6566e-08
1101.00 7.2829e-09
1101.25 -6.5301e-09
1101.50 -1.1422e-08
1101.75 -1.5906e-09
1102.00 8.0039e-09
1102.25 5.3258e-09
1102.50 4.0420e-09
1102.75 3.6619e-09
1103.00 3.4064e-09
1103.25 5.7841e-09
1103.50 -2.7652e-10
1103.75 4.9165e-09
1104.00 1.4886e-08
1104.25 2.2511e-08
1104.50 3.2699e-08
1104.75 2.0930e-08
1105.00 -7.4258e-09
1105.25 -6.8919e-09
1105.50 -2.1421e-09
1105.75 -2.2725e-09
1106.00 2.2254e-10
1106.25 -4.3971e-09
1106.50 -4.8245e-09
1106.75 3.3743e-10
1107.00 3.7644e-09
1107.25 7.9308e-09
1107.50 2.4898e-08
1107.75 2.7842e-08
1108.00 1.0956e-08
1108.25 -4.3529e-09
1108.50 -6.8383e-09
1108.75 3.2345e-09
1109.00 1.7017e-08
1109.25 2.0391e-08
1109.50 1.5546e-08
1109.75 1.1377e-08
1110.00 1.1478e-08
1110.25 1.3160e-08
1110.50 7.8289e-09
1110.75 1.1435e-08
1111.00 2.3604e-08
1111.25 1.2268e-08
1111.50 -5.2219e-09
1111.75 4.5578e-09
1112.00 1.6004e-08
1112.25 1.3780e-08
1112.50 1.2121e-08
1112.75 2.0828e-08
1113.00 2.3410e-08
1113.25 1.6950e-08
1113.50 1.5393e-08
1113.75 6.5017e-09
1114.00 -2.1288e-09
1114.25 3.5494e-10
1114.50 3.6689e-09
1114.75 8.1493e-09
1115.00 6.9627e-09
1115.25 1.2872e-08
1115.50 1.2750e-08
1115.75 -7.9704e-10
1116.00 -2.5421e-09
1116.25 -1.1498e-08
1116.50 -1.7204e-08
1116.75 -3.4279e-09
1117.00 1.3209e-08
1117.25 8.5965e-09
1117.50 1.3680e-08
1117.75 2.3773e-08
1118.00 2.9475e-09
1118.25 -1.0299e-08
1118.50 -8.3113e-09
1118.75 -4.7659e-09
1119.00 -8.0803e-09
1119.25 -1.0957e-08
1119.50 4.4313e-09
1119.75 1.6131e-08
1120.00 3.6314e-09
1120.25 2.3257e-09
1120.50 1.4432e-08
1120.75 1.9303e-08
1121.00 1.3476e-08
1121.25 5.5810e-09
1121.50 1.2333e-08
1121.75 1.0114e-08
1122.00 5.9521e-09
1122.25 1.0384e-08
1122.50 6.7576e-09
1122.75 1.4513e-08
1123.00 3.6004e-08
1123.25 2.9191e-08
1123.50 4.6767e-09
1123.75 -1.2924e-08
1124.00 -7.6228e-09
1124.25 7.8663e-09
1124.50 1.6578e-09
1124.75 -5.6475e-09
1125.00 -1.2441e-08
