# Spectrum from Mathe et al. 2019
2221
292
 570.00 1.2658e-08
 570.25 -2.4785e-09
 570.50 -5.5606e-09
 570.75 1.9369e-08
 571.00 1.9284e-08
 571.25 1.2339e-08
 571.50 1.6497e-08
 571.75 3.2331e-08
 572.00 3.2250e-08
 572.25 5.9145e-09
 572.50 -1.2070e-08
 572.75 8.3831e-09
 573.00 6.9221e-09
 573.25 -3.3215e-08
 573.50 -1.1406e-07
 573.75 -1.8949e-07
 574.00 -5.0586e-08
 574.25 2.2298e-08
 574.50 -1.1912e-08
 574.75 1.8310e-08
 575.00 3.1706e-08
 575.25 4.7067e-08
 575.50 4.2112e-08
 575.75 2.9343e-08
 576.00 1.9307e-08
 576.25 2.3552e-08
 576.50 1.1274e-08
 576.75 -3.2882e-09
 577.00 1.6718e-09
 577.25 1.8338e-08
 577.50 2.9825e-08
 577.75 2.8157e-08
 578.00 1.3730e-08
 578.25 4.1459e-09
 578.50 7.9895e-10
 578.75 -5.4910e-09
 579.00 -1.2258e-11
 579.25 1.3096e-08
 579.50 2.5902e-08
 579.75 2.9425e-08
 580.00 2.3630e-08
 580.25 1.5063e-08
 580.50 1.3465e-08
 580.75 1.0326e-08
 581.00 7.9750e-09
 581.25 -1.4256e-10
 581.50 -5.0440e-09
 581.75 -6.3847e-09
 582.00 6.7089e-09
 582.25 1.9839e-08
 582.50 2.6276e-08
 582.75 2.5048e-08
 583.00 1.1099e-08
 583.25 9.7267e-09
 583.50 1.5240e-08
 583.75 9.1655e-09
 584.00 5.3141e-09
 584.25 6.9838e-09
 584.50 1.4141e-09
 584.75 -9.2711e-09
 585.00 -1.8737e-08
 585.25 -6.3816e-09
 585.50 3.5971e-09
 585.75 9.8788e-09
 586.00 1.1366e-08
 586.25 1.2498e-08
 586.50 1.0212e-08
 586.75 1.1118e-09
 587.00 3.5085e-09
 587.25 1.1398e-08
 587.50 1.1732e-08
 587.75 1.4570e-09
 588.00 2.4461e-09
 588.25 1.0939e-08
 588.50 1.1756e-08
 588.75 1.4513e-08
 589.00 1.2725e-08
 589.25 -4.5482e-09
 589.50 -8.1039e-09
 589.75 -8.9920e-10
 590.00 4.1607e-09
 590.25 7.4008e-09
 590.50 7.2347e-09
 590.75 1.9114e-09
 591.00 2.5696e-10
 591.25 1.6912e-09
 591.50 -3.5307e-09
 591.75 -4.6362e-09
 592.00 5.1725e-09
 592.25 1.2639e-08
 592.50 1.0414e-08
 592.75 7.9159e-09
 593.00 2.2781e-09
 593.25 3.7017e-09
 593.50 9.3532e-09
 593.75 6.0294e-09
 594.00 -1.4623e-10
 594.25 5.1674e-09
 594.50 8.1295e-09
 594.75 2.6918e-10
 595.00 1.2496e-10
 595.25 5.1395e-09
 595.50 9.5044e-09
 595.75 1.1736e-08
 596.00 8.3711e-09
 596.25 1.9205e-09
 596.50 1.5262e-09
 596.75 -3.9585e-11
 597.00 -6.2363e-09
 597.25 -8.1810e-09
 597.50 -2.2502e-09
 597.75 7.3547e-10
 598.00 -5.3607e-10
 598.25 4.6092e-09
 598.50 4.2195e-09
 598.75 1.6764e-09
 599.00 2.5956e-09
 599.25 6.0991e-09
 599.50 9.2421e-09
 599.75 1.1164e-08
 600.00 1.0667e-08
 600.25 5.7441e-09
 600.50 2.5584e-09
 600.75 4.5594e-09
 601.00 7.0545e-09
 601.25 6.7474e-09
 601.50 1.1471e-08
 601.75 8.7296e-09
 602.00 3.3147e-09
 602.25 3.0735e-09
 602.50 3.0660e-09
 602.75 2.9578e-09
 603.00 6.4686e-09
 603.25 7.7319e-09
 603.50 2.7389e-09
 603.75 1.9036e-09
 604.00 2.1356e-09
 604.25 2.9113e-09
 604.50 4.1765e-09
 604.75 7.1086e-09
 605.00 1.1281e-08
 605.25 1.1197e-08
 605.50 8.8622e-09
 605.75 9.4500e-09
 606.00 3.9976e-09
 606.25 -2.8248e-09
 606.50 -1.6746e-09
 606.75 4.9704e-09
 607.00 1.1890e-08
 607.25 8.2149e-09
 607.50 1.9794e-09
 607.75 4.9740e-09
 608.00 7.5904e-09
 608.25 4.3686e-09
 608.50 5.4996e-09
 608.75 8.4258e-09
 609.00 4.3524e-09
 609.25 6.0121e-09
 609.50 9.5012e-09
 609.75 6.7633e-09
 610.00 6.8426e-09
 610.25 4.0304e-09
 610.50 4.1062e-09
 610.75 8.2054e-09
 611.00 3.0588e-09
 611.25 -3.6071e-09
 611.50 1.8562e-09
 611.75 1.5363e-09
 612.00 -5.9284e-09
 612.25 -1.5079e-09
 612.50 5.5606e-09
 612.75 7.3556e-09
 613.00 7.1433e-09
 613.25 8.4515e-09
 613.50 9.2101e-09
 613.75 6.9664e-09
 614.00 7.4878e-09
 614.25 9.1634e-09
 614.50 9.0151e-09
 614.75 9.2301e-09
 615.00 7.4118e-09
 615.25 6.9578e-11
 615.50 -5.8623e-10
 615.75 8.5616e-09
 616.00 1.1302e-08
 616.25 1.1483e-08
 616.50 1.3419e-08
 616.75 1.3931e-08
 617.00 1.2711e-08
 617.25 1.3014e-08
 617.50 1.0700e-08
 617.75 6.7106e-09
 618.00 4.6201e-09
 618.25 4.1055e-09
 618.50 4.5920e-09
 618.75 7.1213e-09
 619.00 1.1622e-08
 619.25 1.1568e-08
 619.50 1.0485e-08
 619.75 1.2487e-08
 620.00 1.6492e-08
 620.25 1.6309e-08
 620.50 1.1368e-08
 620.75 7.7456e-09
 621.00 8.1768e-09
 621.25 5.1913e-09
 621.50 9.4263e-09
 621.75 1.6592e-08
 622.00 1.5117e-08
 622.25 1.1982e-08
 622.50 6.6142e-09
 622.75 2.0009e-09
 623.00 2.3284e-09
 623.25 5.4071e-09
 623.50 4.0538e-09
 623.75 7.1487e-09
 624.00 1.3491e-08
 624.25 1.1147e-08
 624.50 6.8545e-09
 624.75 9.1199e-09
 625.00 1.2305e-08
 625.25 6.5832e-09
 625.50 5.7013e-09
 625.75 1.1319e-08
 626.00 8.5342e-09
 626.25 5.5945e-09
 626.50 4.7038e-09
 626.75 1.0966e-08
 627.00 1.5204e-08
 627.25 1.6664e-08
 627.50 2.1430e-08
 627.75 4.8856e-08
 628.00 7.1965e-08
 628.25 4.3307e-08
 628.50 1.7937e-08
 628.75 1.0799e-08
 629.00 7.4492e-09
 629.25 7.6230e-09
 629.50 1.7376e-08
 629.75 2.5283e-08
 630.00 1.9354e-08
 630.25 1.3541e-08
 630.50 1.1741e-08
 630.75 1.5927e-08
 631.00 1.4391e-08
 631.25 1.7405e-08
 631.50 1.8885e-08
 631.75 1.5985e-08
 632.00 1.4742e-08
 632.25 1.4716e-08
 632.50 1.6985e-08
 632.75 1.8029e-08
 633.00 2.4096e-08
 633.25 1.8531e-08
 633.50 1.2399e-08
 633.75 1.6045e-08
 634.00 2.1365e-08
 634.25 2.5070e-08
 634.50 2.1973e-08
 634.75 2.2252e-08
 635.00 1.9487e-08
 635.25 1.5429e-08
 635.50 1.0515e-08
 635.75 8.5698e-09
 636.00 1.0480e-08
 636.25 1.2258e-08
 636.50 1.4442e-08
 636.75 9.3642e-09
 637.00 4.3820e-09
 637.25 3.8391e-09
 637.50 5.6280e-09
 637.75 4.5462e-09
 638.00 6.3698e-09
 638.25 6.4057e-09
 638.50 1.5152e-09
 638.75 4.9439e-09
 639.00 1.1553e-08
 639.25 1.3254e-08
 639.50 1.0662e-08
 639.75 6.9355e-09
 640.00 1.7421e-09
 640.25 2.5801e-09
 640.50 4.7619e-09
 640.75 7.5108e-09
 641.00 1.3970e-08
 641.25 9.1598e-09
 641.50 6.0457e-09
 641.75 6.5026e-09
 642.00 9.2491e-09
 642.25 1.0346e-08
 642.50 6.7188e-09
 642.75 1.1297e-08
 643.00 9.4932e-09
 643.25 3.5100e-09
 643.50 4.5957e-09
 643.75 9.0880e-09
 644.00 1.1300e-08
 644.25 1.3166e-08
 644.50 1.0425e-08
 644.75 4.3909e-09
 645.00 1.1998e-09
 645.25 1.3438e-09
 645.50 9.7169e-09
 645.75 1.4722e-08
 646.00 1.0861e-08
 646.25 3.8469e-09
 646.50 5.7052e-09
 646.75 1.0270e-08
 647.00 4.5751e-09
 647.25 4.7585e-09
 647.50 1.0462e-08
 647.75 1.1712e-08
 648.00 1.1492e-08
 648.25 1.0876e-08
 648.50 6.7628e-09
 648.75 4.9003e-09
 649.00 7.8758e-09
 649.25 6.0820e-09
 649.50 5.7170e-09
 649.75 9.8522e-09
 650.00 1.4304e-08
 650.25 1.2210e-08
 650.50 5.9516e-09
 650.75 7.9427e-09
 651.00 7.3994e-09
 651.25 7.6009e-10
 651.50 3.7472e-10
 651.75 2.1714e-09
 652.00 8.1665e-10
 652.25 4.5513e-09
 652.50 1.4582e-08
 652.75 1.6678e-08
 653.00 1.4395e-08
 653.25 1.3761e-08
 653.50 9.4947e-09
 653.75 6.6516e-09
 654.00 5.9231e-09
 654.25 5.4841e-09
 654.50 5.0537e-09
 654.75 5.2585e-09
 655.00 1.8541e-09
 655.25 -8.3131e-10
 655.50 5.3646e-09
 655.75 1.1451e-08
 656.00 1.0449e-08
 656.25 6.7516e-09
 656.50 6.0806e-09
 656.75 5.9778e-09
 657.00 1.2180e-09
 657.25 -3.0295e-09
 657.50 -3.2927e-09
 657.75 8.2338e-10
 658.00 5.4469e-09
 658.25 5.7780e-09
 658.50 8.7672e-09
 658.75 1.4037e-08
 659.00 8.8954e-09
 659.25 3.8148e-09
 659.50 4.5194e-09
 659.75 2.0107e-09
 660.00 4.4870e-09
 660.25 6.9723e-09
 660.50 7.4295e-09
 660.75 8.2268e-09
 661.00 1.2353e-08
 661.25 1.2437e-08
 661.50 1.2215e-08
 661.75 1.1973e-08
 662.00 1.1621e-08
 662.25 1.5583e-08
 662.50 1.2327e-08
 662.75 6.7422e-09
 663.00 1.2051e-09
 663.25 2.8188e-09
 663.50 2.6638e-09
 663.75 2.0039e-09
 664.00 5.0783e-09
 664.25 9.0974e-09
 664.50 1.2973e-08
 664.75 1.1578e-08
 665.00 1.0307e-08
 665.25 1.1586e-08
 665.50 1.6200e-08
 665.75 1.6513e-08
 666.00 1.0106e-08
 666.25 9.7967e-09
 666.50 6.1337e-09
 666.75 3.2984e-09
 667.00 1.1654e-08
 667.25 2.2863e-08
 667.50 4.1398e-08
 667.75 4.2231e-08
 668.00 2.7174e-08
 668.25 1.7708e-08
 668.50 1.3622e-08
 668.75 1.1138e-08
 669.00 8.0958e-09
 669.25 2.3164e-09
 669.50 -1.3889e-09
 669.75 1.3885e-09
 670.00 3.8577e-09
 670.25 9.3145e-09
 670.50 1.7405e-08
 670.75 1.5161e-08
 671.00 8.8088e-09
 671.25 1.0248e-08
 671.50 5.8353e-09
 671.75 4.2840e-09
 672.00 7.6445e-09
 672.25 9.0547e-09
 672.50 1.2573e-08
 672.75 1.3712e-08
 673.00 8.5945e-09
 673.25 9.7632e-09
 673.50 1.4991e-08
 673.75 9.8008e-09
 674.00 1.2991e-09
 674.25 3.6550e-09
 674.50 6.1782e-09
 674.75 3.4454e-09
 675.00 1.1476e-08
 675.25 1.3370e-08
 675.50 8.3611e-09
 675.75 9.7335e-09
 676.00 9.3285e-09
 676.25 5.0798e-09
 676.50 1.0381e-08
 676.75 1.5538e-08
 677.00 1.5250e-08
 677.25 2.0428e-08
 677.50 2.1643e-08
 677.75 1.5369e-08
 678.00 5.6659e-09
 678.25 1.3985e-09
 678.50 4.8608e-09
 678.75 9.0285e-09
 679.00 1.4993e-08
 679.25 2.2566e-08
 679.50 2.6687e-08
 679.75 2.1075e-08
 680.00 1.0929e-08
 680.25 7.8462e-09
 680.50 9.2125e-09
 680.75 1.0908e-08
 681.00 9.0494e-09
 681.25 8.8229e-09
 681.50 1.0651e-08
 681.75 1.3883e-08
 682.00 1.9379e-08
 682.25 1.9556e-08
 682.50 1.3100e-08
 682.75 4.4748e-09
 683.00 2.9113e-09
 683.25 8.6977e-09
 683.50 1.3457e-08
 683.75 1.2316e-08
 684.00 9.5351e-09
 684.25 1.4452e-08
 684.50 1.8990e-08
 684.75 1.0309e-08
 685.00 -2.7926e-10
 685.25 5.5243e-09
 685.50 1.4324e-08
 685.75 8.6017e-09
 686.00 5.8463e-09
 686.25 6.3554e-09
 686.50 9.9859e-09
 686.75 1.9096e-08
 687.00 1.3936e-08
 687.25 2.9330e-09
 687.50 3.1087e-09
 687.75 9.4142e-09
 688.00 1.4313e-08
 688.25 1.7396e-08
 688.50 1.7093e-08
 688.75 1.6740e-08
 689.00 2.4671e-08
 689.25 2.1641e-08
 689.50 9.2910e-09
 689.75 6.5642e-09
 690.00 5.7669e-09
 690.25 3.4794e-09
 690.50 6.2544e-09
 690.75 1.9153e-08
 691.00 2.6350e-08
 691.25 3.1762e-08
 691.50 2.9536e-08
 691.75 8.4490e-09
 692.00 -2.8039e-09
 692.25 5.1691e-09
 692.50 1.1766e-08
 692.75 7.2731e-09
 693.00 3.4182e-09
 693.25 8.1146e-09
 693.50 1.3479e-08
 693.75 2.2399e-08
 694.00 2.5071e-08
 694.25 1.6368e-08
 694.50 1.4828e-08
 694.75 9.4258e-09
 695.00 1.2404e-09
 695.25 1.1366e-09
 695.50 1.2654e-08
 695.75 1.7746e-08
 696.00 1.9742e-08
 696.25 2.1700e-08
 696.50 1.7979e-08
 696.75 2.0171e-08
 697.00 1.9047e-08
 697.25 1.7966e-08
 697.50 1.0147e-08
 697.75 8.2874e-09
 698.00 1.4090e-08
 698.25 2.1852e-08
 698.50 2.7014e-08
 698.75 1.5309e-08
 699.00 8.2827e-09
 699.25 1.3277e-08
 699.50 1.6731e-08
 699.75 1.2329e-08
 700.00 1.5555e-08
 700.25 2.4232e-08
 700.50 2.4978e-08
 700.75 2.7284e-08
 701.00 1.6711e-08
 701.25 1.3641e-08
 701.50 2.1641e-08
 701.75 1.0162e-08
 702.00 2.1665e-09
 702.25 5.4883e-09
 702.50 1.0341e-08
 702.75 1.1479e-08
 703.00 2.3237e-08
 703.25 2.6239e-08
 703.50 9.0176e-09
 703.75 6.1620e-10
 704.00 3.8815e-09
 704.25 1.1851e-08
 704.50 1.5216e-08
 704.75 1.6583e-08
 705.00 2.1204e-08
 705.25 2.8816e-08
 705.50 2.7645e-08
 705.75 2.6946e-08
 706.00 2.8985e-08
 706.25 1.9852e-08
 706.50 9.1846e-09
 706.75 8.1311e-09
 707.00 1.2983e-08
 707.25 1.9339e-08
 707.50 2.5582e-08
 707.75 2.5215e-08
 708.00 2.4838e-08
 708.25 1.7632e-08
 708.50 7.9724e-09
 708.75 4.0390e-09
 709.00 1.2090e-09
 709.25 6.8692e-09
 709.50 7.2481e-09
 709.75 8.9785e-09
 710.00 2.1229e-08
 710.25 3.1898e-08
 710.50 3.0476e-08
 710.75 2.1549e-08
 711.00 1.9272e-08
 711.25 2.4129e-08
 711.50 3.2609e-08
 711.75 4.1017e-08
 712.00 6.4411e-08
 712.25 7.2797e-08
 712.50 6.3943e-08
 712.75 5.9971e-08
 713.00 4.1079e-08
 713.25 2.8706e-08
 713.50 2.7441e-08
 713.75 2.7501e-08
 714.00 3.0365e-08
 714.25 3.2679e-08
 714.50 4.2429e-08
 714.75 4.9281e-08
 715.00 4.7929e-08
 715.25 3.4436e-08
 715.50 2.1456e-08
 715.75 1.7458e-08
 716.00 2.4282e-08
 716.25 5.6912e-08
 716.50 5.0881e-08
 716.75 2.0503e-08
 717.00 1.5955e-08
 717.25 3.3273e-08
 717.50 4.3013e-08
 717.75 2.2946e-08
 718.00 1.7298e-08
 718.25 1.2915e-08
 718.50 1.1350e-08
 718.75 1.2877e-08
 719.00 1.3091e-08
 719.25 1.8564e-08
 719.50 3.3369e-08
 719.75 6.7515e-08
 720.00 6.2808e-08
 720.25 1.7312e-08
 720.50 1.8307e-09
 720.75 1.4540e-08
 721.00 2.0055e-08
 721.25 1.5261e-08
 721.50 1.3924e-08
 721.75 1.9405e-08
 722.00 2.4909e-08
 722.25 2.0182e-08
 722.50 8.0379e-09
 722.75 8.8044e-09
 723.00 1.1113e-08
 723.25 1.0232e-08
 723.50 1.1963e-08
 723.75 1.8267e-08
 724.00 1.9419e-08
 724.25 1.6721e-08
 724.50 1.4666e-08
 724.75 9.9997e-09
 725.00 8.7838e-09
 725.25 1.0832e-08
 725.50 1.3689e-08
 725.75 1.4683e-08
 726.00 1.2680e-08
 726.25 7.7165e-09
 726.50 1.1658e-08
 726.75 1.2762e-08
 727.00 8.3893e-09
 727.25 7.7102e-09
 727.50 1.2942e-08
 727.75 1.5133e-08
 728.00 2.8757e-08
 728.25 6.2027e-08
 728.50 7.6113e-08
 728.75 8.4425e-08
 729.00 1.5975e-07
 729.25 2.4869e-07
 729.50 2.1960e-07
 729.75 1.4274e-07
 730.00 9.7912e-08
 730.25 7.6290e-08
 730.50 6.6196e-08
 730.75 6.9536e-08
 731.00 1.1268e-07
 731.25 1.1687e-07
 731.50 7.2034e-08
 731.75 4.8517e-08
 732.00 3.7795e-08
 732.25 3.1069e-08
 732.50 3.5033e-08
 732.75 4.3982e-08
 733.00 3.5267e-08
 733.25 2.0530e-08
 733.50 1.9489e-08
 733.75 2.6548e-08
 734.00 2.6276e-08
 734.25 2.1488e-08
 734.50 1.9954e-08
 734.75 1.6546e-08
 735.00 1.7863e-08
 735.25 1.4391e-08
 735.50 2.3165e-08
 735.75 3.2263e-08
 736.00 2.8795e-08
 736.25 2.8026e-08
 736.50 1.6227e-08
 736.75 7.9341e-09
 737.00 6.7310e-09
 737.25 8.8666e-09
 737.50 9.4578e-09
 737.75 7.9846e-09
 738.00 1.4979e-08
 738.25 2.5470e-08
 738.50 3.6400e-08
 738.75 2.9067e-08
 739.00 1.5772e-08
 739.25 1.5814e-08
 739.50 2.2534e-08
 739.75 2.4496e-08
 740.00 1.3435e-08
 740.25 1.8094e-08
 740.50 3.5959e-08
 740.75 3.8021e-08
 741.00 3.1792e-08
 741.25 2.4227e-08
 741.50 1.6871e-08
 741.75 1.6809e-08
 742.00 1.6910e-08
 742.25 1.3886e-08
 742.50 1.3101e-08
 742.75 1.8781e-08
 743.00 3.5090e-08
 743.25 4.4760e-08
 743.50 2.8600e-08
 743.75 1.4382e-08
 744.00 2.1151e-08
 744.25 2.8662e-08
 744.50 2.3736e-08
 744.75 1.5960e-08
 745.00 1.9437e-08
 745.25 3.4450e-08
 745.50 4.2655e-08
 745.75 2.9516e-08
 746.00 1.8450e-08
 746.25 1.9468e-08
 746.50 2.1184e-08
 746.75 1.7104e-08
 747.00 1.6073e-08
 747.25 1.8805e-08
 747.50 2.3600e-08
 747.75 3.9409e-08
 748.00 5.2347e-08
 748.25 3.7757e-08
 748.50 1.9663e-08
 748.75 2.3538e-08
 749.00 1.9972e-08
 749.25 1.3089e-08
 749.50 1.1370e-08
 749.75 1.3468e-08
 750.00 2.5827e-08
 750.25 3.7495e-08
 750.50 2.9223e-08
 750.75 1.8038e-08
 751.00 1.9710e-08
 751.25 1.7857e-08
 751.50 1.0951e-08
 751.75 7.2501e-09
 752.00 1.3085e-08
 752.25 1.4289e-08
 752.50 2.4598e-08
 752.75 3.2704e-08
 753.00 2.0889e-08
 753.25 2.7750e-08
 753.50 3.4160e-08
 753.75 2.3325e-08
 754.00 1.5002e-08
 754.25 1.1676e-08
 754.50 1.9541e-08
 754.75 2.8300e-08
 755.00 3.3173e-08
 755.25 2.8039e-08
 755.50 2.3871e-08
 755.75 2.6838e-08
 756.00 2.4381e-08
 756.25 2.2886e-08
 756.50 1.3379e-08
 756.75 8.6342e-09
 757.00 1.8099e-08
 757.25 2.9023e-08
 757.50 2.6363e-08
 757.75 1.9811e-08
 758.00 2.2980e-08
 758.25 1.0896e-08
 758.50 2.1611e-09
 758.75 7.1287e-09
 759.00 8.6140e-09
 759.25 1.5689e-08
 759.50 1.9368e-08
 759.75 2.0514e-08
 760.00 2.1700e-08
 760.25 2.2527e-08
 760.50 2.2459e-08
 760.75 1.5412e-08
 761.00 9.4902e-09
 761.25 1.1037e-08
 761.50 2.1467e-08
 761.75 2.9932e-08
 762.00 3.2223e-08
 762.25 2.1083e-08
 762.50 1.4823e-08
 762.75 1.5848e-08
 763.00 1.1841e-08
 763.25 1.1697e-08
 763.50 8.4592e-09
 763.75 8.4230e-09
 764.00 1.9214e-08
 764.25 2.7788e-08
 764.50 2.4812e-08
 764.75 1.4831e-08
 765.00 -4.5082e-08
 765.25 -6.7075e-08
 765.50 -1.1219e-08
 765.75 6.5691e-09
 766.00 1.4147e-08
 766.25 2.8877e-08
 766.50 3.6796e-08
 766.75 3.7049e-08
 767.00 2.5514e-08
 767.25 1.7503e-08
 767.50 1.4638e-08
 767.75 1.7804e-08
 768.00 2.1805e-08
 768.25 1.7563e-08
 768.50 1.5692e-08
 768.75 2.1615e-08
 769.00 3.0853e-08
 769.25 3.1642e-08
 769.50 1.2832e-08
 769.75 6.2574e-10
 770.00 3.2117e-09
 770.25 1.3903e-08
 770.50 2.3913e-08
 770.75 3.1359e-08
 771.00 3.1475e-08
 771.25 2.7404e-08
 771.50 2.6856e-08
 771.75 2.4540e-08
 772.00 2.4638e-08
 772.25 2.2420e-08
 772.50 1.1753e-08
 772.75 4.3588e-09
 773.00 5.3870e-09
 773.25 1.2891e-08
 773.50 1.8930e-08
 773.75 2.0373e-08
 774.00 2.3072e-08
 774.25 1.8637e-08
 774.50 1.4561e-08
 774.75 1.2636e-08
 775.00 1.5406e-08
 775.25 1.8203e-08
 775.50 1.9235e-08
 775.75 2.0710e-08
 776.00 2.0625e-08
 776.25 1.9679e-08
 776.50 1.6542e-08
 776.75 1.7585e-08
 777.00 1.7854e-08
 777.25 1.7834e-08
 777.50 1.7348e-08
 777.75 1.7503e-08
 778.00 1.9084e-08
 778.25 2.3657e-08
 778.50 3.1026e-08
 778.75 2.6448e-08
 779.00 1.9346e-08
 779.25 2.2391e-08
 779.50 2.1564e-08
 779.75 1.5648e-08
 780.00 9.6731e-09
 780.25 1.1009e-08
 780.50 2.1127e-08
 780.75 2.8104e-08
 781.00 2.0059e-08
 781.25 1.7002e-08
 781.50 1.9078e-08
 781.75 1.8996e-08
 782.00 2.3939e-08
 782.25 2.3543e-08
 782.50 2.2288e-08
 782.75 2.3303e-08
 783.00 3.4261e-08
 783.25 3.2770e-08
 783.50 2.3726e-08
 783.75 2.7070e-08
 784.00 2.6809e-08
 784.25 2.0909e-08
 784.50 2.1393e-08
 784.75 1.9113e-08
 785.00 1.5078e-08
 785.25 2.6307e-08
 785.50 3.5068e-08
 785.75 3.2087e-08
 786.00 2.8509e-08
 786.25 2.7359e-08
 786.50 2.5994e-08
 786.75 2.3928e-08
 787.00 1.8331e-08
 787.25 1.7331e-08
 787.50 2.2471e-08
 787.75 3.1879e-08
 788.00 3.4692e-08
 788.25 2.4165e-08
 788.50 1.2368e-08
 788.75 9.1596e-09
 789.00 7.2387e-09
 789.25 1.1396e-08
 789.50 2.1178e-08
 789.75 2.3927e-08
 790.00 2.9123e-08
 790.25 2.7724e-08
 790.50 2.5013e-08
 790.75 3.2077e-08
 791.00 3.6380e-08
 791.25 3.1885e-08
 791.50 2.9875e-08
 791.75 3.0916e-08
 792.00 3.5962e-08
 792.25 4.0750e-08
 792.50 3.2824e-08
 792.75 2.7658e-08
 793.00 2.8081e-08
 793.25 3.0890e-08
 793.50 3.5825e-08
 793.75 3.1164e-08
 794.00 3.0233e-08
 794.25 3.5197e-08
 794.50 3.8928e-08
 794.75 4.1829e-08
 795.00 3.4948e-08
 795.25 3.0374e-08
 795.50 3.4183e-08
 795.75 3.6592e-08
 796.00 3.3442e-08
 796.25 3.1002e-08
 796.50 3.1154e-08
 796.75 2.3284e-08
 797.00 2.1271e-08
 797.25 2.5161e-08
 797.50 1.9722e-08
 797.75 2.0624e-08
 798.00 2.6200e-08
 798.25 3.2861e-08
 798.50 4.0325e-08
 798.75 4.8357e-08
 799.00 5.4649e-08
 799.25 4.7655e-08
 799.50 3.4470e-08
 799.75 3.5578e-08
 800.00 3.1323e-08
 800.25 1.4302e-08
 800.50 1.8102e-08
 800.75 3.4261e-08
 801.00 4.7788e-08
 801.25 5.8585e-08
 801.50 6.5426e-08
 801.75 4.6793e-08
 802.00 2.7168e-08
 802.25 3.2929e-08
 802.50 3.8404e-08
 802.75 2.9932e-08
 803.00 2.1287e-08
 803.25 3.1883e-08
 803.50 4.8648e-08
 803.75 6.2855e-08
 804.00 6.7498e-08
 804.25 4.4840e-08
 804.50 2.4002e-08
 804.75 3.3517e-08
 805.00 3.8340e-08
 805.25 2.3999e-08
 805.50 1.1799e-08
 805.75 2.2823e-08
 806.00 4.8111e-08
 806.25 7.9760e-08
 806.50 1.0172e-07
 806.75 7.4048e-08
 807.00 2.7931e-08
 807.25 2.0941e-08
 807.50 3.6068e-08
 807.75 3.5661e-08
 808.00 2.6536e-08
 808.25 2.6571e-08
 808.50 3.1908e-08
 808.75 5.7608e-08
 809.00 9.7752e-08
 809.25 8.8492e-08
 809.50 3.9468e-08
 809.75 1.6648e-08
 810.00 2.4783e-08
 810.25 4.0485e-08
 810.50 3.7113e-08
 810.75 1.9218e-08
 811.00 2.2833e-08
 811.25 3.8712e-08
 811.50 8.4750e-08
 811.75 1.1557e-07
 812.00 6.6994e-08
 812.25 1.7125e-08
 812.50 1.2840e-08
 812.75 3.4028e-08
 813.00 5.7246e-08
 813.25 3.7988e-08
 813.50 2.3284e-08
 813.75 4.1289e-08
 814.00 7.2245e-08
 814.25 1.2631e-07
 814.50 1.0720e-07
 814.75 3.5474e-08
 815.00 1.1372e-08
 815.25 1.5736e-08
 815.50 2.9009e-08
 815.75 4.4113e-08
 816.00 3.5518e-08
 816.25 3.4077e-08
 816.50 4.9100e-08
 816.75 8.8434e-08
 817.00 1.2297e-07
 817.25 6.7470e-08
 817.50 1.8510e-09
 817.75 -5.3435e-09
 818.00 1.3074e-08
 818.25 3.7926e-08
 818.50 4.5337e-08
 818.75 3.1468e-08
 819.00 3.7726e-08
 819.25 6.5307e-08
 819.50 1.0925e-07
 819.75 1.0315e-07
 820.00 3.2677e-08
 820.25 1.4896e-09
 820.50 7.5506e-09
 820.75 1.1130e-08
 821.00 2.4910e-08
 821.25 3.4425e-08
 821.50 3.0643e-08
 821.75 2.6092e-08
 822.00 6.8104e-08
 822.25 1.5773e-07
 822.50 1.2290e-07
 822.75 2.6121e-08
 823.00 3.7768e-09
 823.25 8.9023e-09
 823.50 3.2341e-08
 823.75 5.4209e-08
 824.00 4.9379e-08
 824.25 5.1341e-08
 824.50 7.9650e-08
 824.75 1.2559e-07
 825.00 1.1788e-07
 825.25 3.1276e-08
 825.50 -6.0859e-09
 825.75 8.2210e-09
 826.00 2.0518e-08
 826.25 2.8424e-08
 826.50 3.4393e-08
 826.75 3.8225e-08
 827.00 4.4081e-08
 827.25 7.8314e-08
 827.50 1.2272e-07
 827.75 8.8417e-08
 828.00 1.7200e-08
 828.25 5.8317e-09
 828.50 1.3463e-08
 828.75 3.3617e-08
 829.00 4.9079e-08
 829.25 4.1824e-08
 829.50 4.5476e-08
 829.75 6.3845e-08
 830.00 1.0656e-07
 830.25 1.2367e-07
 830.50 5.1395e-08
 830.75 3.5026e-09
 831.00 1.2338e-08
 831.25 2.6629e-08
 831.50 4.6183e-08
 831.75 3.8424e-08
 832.00 2.7645e-08
 832.25 3.3721e-08
 832.50 7.0434e-08
 832.75 1.3667e-07
 833.00 1.1349e-07
 833.25 3.0371e-08
 833.50 1.2133e-08
 833.75 2.6995e-08
 834.00 5.3784e-08
 834.25 4.8368e-08
 834.50 1.5359e-08
 834.75 2.6311e-08
 835.00 6.2518e-08
 835.25 9.7581e-08
 835.50 1.1718e-07
 835.75 5.8269e-08
 836.00 -2.2305e-08
 836.25 -1.8627e-08
 836.50 3.8384e-08
 836.75 6.0582e-08
 837.00 3.5178e-08
 837.25 1.8596e-08
 837.50 2.2929e-08
 837.75 5.3786e-08
 838.00 9.0394e-08
 838.25 9.8460e-08
 838.50 5.4958e-08
 838.75 1.2176e-08
 839.00 1.3988e-08
 839.25 3.4462e-08
 839.50 3.6213e-08
 839.75 1.5565e-08
 840.00 1.1765e-08
 840.25 3.5623e-08
 840.50 7.0346e-08
 840.75 7.9920e-08
 841.00 6.4060e-08
 841.25 3.5360e-08
 841.50 2.0493e-08
 841.75 2.6309e-08
 842.00 3.6359e-08
 842.25 4.1997e-08
 842.50 3.0546e-08
 842.75 3.0465e-08
 843.00 4.9652e-08
 843.25 5.6921e-08
 843.50 5.3375e-08
 843.75 4.1967e-08
 844.00 2.9692e-08
 844.25 2.4796e-08
 844.50 3.3108e-08
 844.75 3.7845e-08
 845.00 2.1152e-08
 845.25 1.5792e-08
 845.50 2.4864e-08
 845.75 4.0135e-08
 846.00 5.6392e-08
 846.25 5.2286e-08
 846.50 4.0600e-08
 846.75 3.3499e-08
 847.00 2.1556e-08
 847.25 2.4161e-08
 847.50 3.0194e-08
 847.75 1.9405e-08
 848.00 8.7510e-09
 848.25 1.4408e-08
 848.50 3.6207e-08
 848.75 4.8090e-08
 849.00 3.7931e-08
 849.25 2.5365e-08
 849.50 1.5817e-08
 849.75 1.4353e-08
 850.00 2.7664e-08
 850.25 3.3349e-08
 850.50 2.7842e-08
 850.75 2.2017e-08
 851.00 2.3160e-08
 851.25 2.8237e-08
 851.50 3.4002e-08
 851.75 3.5496e-08
 852.00 2.8591e-08
 852.25 2.3854e-08
 852.50 2.9482e-08
 852.75 3.2494e-08
 853.00 2.3789e-08
 853.25 1.8063e-08
 853.50 2.1372e-08
 853.75 2.8145e-08
 854.00 3.1426e-08
 854.25 3.0980e-08
 854.50 2.4630e-08
 854.75 1.7543e-08
 855.00 2.0261e-08
 855.25 2.7148e-08
 855.50 2.6182e-08
 855.75 2.1330e-08
 856.00 2.0940e-08
 856.25 2.9526e-08
 856.50 3.9631e-08
 856.75 3.9653e-08
 857.00 3.1060e-08
 857.25 2.2629e-08
 857.50 2.0784e-08
 857.75 2.6784e-08
 858.00 3.7545e-08
 858.25 3.3655e-08
 858.50 1.9875e-08
 858.75 1.5546e-08
 859.00 2.0227e-08
 859.25 2.4541e-08
 859.50 2.1226e-08
 859.75 1.6685e-08
 860.00 2.0705e-08
 860.25 2.8034e-08
 860.50 2.2961e-08
 860.75 1.3985e-08
 861.00 1.6407e-08
 861.25 2.2254e-08
 861.50 2.1157e-08
 861.75 2.1973e-08
 862.00 2.0290e-08
 862.25 1.4115e-08
 862.50 1.9016e-08
 862.75 2.3781e-08
 863.00 2.3355e-08
 863.25 1.8945e-08
 863.50 1.2433e-08
 863.75 1.3804e-08
 864.00 2.0577e-08
 864.25 1.8941e-08
 864.50 1.5692e-08
 864.75 2.0538e-08
 865.00 2.3621e-08
 865.25 2.3138e-08
 865.50 1.6075e-08
 865.75 1.5765e-08
 866.00 2.1600e-08
 866.25 1.5707e-08
 866.50 1.2890e-08
 866.75 1.5024e-08
 867.00 1.0495e-08
 867.25 1.4716e-08
 867.50 2.0154e-08
 867.75 1.7241e-08
 868.00 1.8032e-08
 868.25 1.6314e-08
 868.50 1.7059e-08
 868.75 1.5184e-08
 869.00 8.6190e-09
 869.25 8.5783e-09
 869.50 6.9164e-09
 869.75 9.3020e-09
 870.00 6.8934e-09
 870.25 4.5291e-09
 870.50 1.3241e-08
 870.75 1.0650e-08
 871.00 3.5014e-09
 871.25 4.4451e-09
 871.50 8.4035e-09
 871.75 1.3778e-08
 872.00 2.0259e-08
 872.25 1.7331e-08
 872.50 6.5798e-09
 872.75 9.2542e-09
 873.00 1.9336e-08
 873.25 1.6692e-08
 873.50 1.1168e-08
 873.75 1.1731e-08
 874.00 1.2054e-08
 874.25 4.4196e-09
 874.50 -1.2048e-09
 874.75 7.0920e-09
 875.00 1.9757e-08
 875.25 1.8796e-08
 875.50 7.2576e-09
 875.75 1.1132e-08
 876.00 2.0319e-08
 876.25 1.4281e-08
 876.50 2.4750e-09
 876.75 3.9720e-09
 877.00 1.0777e-08
 877.25 1.4705e-08
 877.50 1.5189e-08
 877.75 1.1447e-08
 878.00 7.3427e-09
 878.25 1.7631e-11
 878.50 -3.8599e-09
 878.75 2.7821e-09
 879.00 9.3181e-09
 879.25 7.0308e-09
 879.50 3.0195e-09
 879.75 6.2948e-09
 880.00 1.2923e-08
 880.25 4.4312e-09
 880.50 -1.6799e-09
 880.75 4.7499e-09
 881.00 9.5243e-09
 881.25 1.6539e-08
 881.50 1.5261e-08
 881.75 6.3122e-09
 882.00 7.8285e-09
 882.25 9.7346e-09
 882.50 1.3822e-08
 882.75 1.7777e-08
 883.00 1.4506e-08
 883.25 1.1306e-08
 883.50 2.5603e-09
 883.75 -5.0312e-09
 884.00 -7.5676e-09
 884.25 -2.0810e-09
 884.50 8.4379e-09
 884.75 1.1235e-08
 885.00 4.6301e-09
 885.25 2.0764e-09
 885.50 8.9260e-09
 885.75 1.2422e-08
 886.00 6.9740e-09
 886.25 -4.9728e-11
 886.50 4.5089e-09
 886.75 1.1381e-08
 887.00 1.5196e-09
 887.25 -2.8154e-09
 887.50 7.0642e-09
 887.75 7.6042e-09
 888.00 -2.0031e-09
 888.25 9.5391e-11
 888.50 5.0757e-09
 888.75 2.4932e-09
 889.00 3.5769e-09
 889.25 -2.9257e-10
 889.50 -1.1534e-09
 889.75 2.1024e-09
 890.00 4.9693e-09
 890.25 5.6691e-09
 890.50 4.2885e-10
 890.75 -8.6307e-09
 891.00 -5.6277e-09
 891.25 7.7959e-09
 891.50 1.3873e-08
 891.75 4.2469e-09
 892.00 -1.0174e-08
 892.25 -7.3316e-09
 892.50 3.8831e-09
 892.75 5.2560e-09
 893.00 -7.6079e-09
 893.25 -1.1613e-08
 893.50 -2.0014e-09
 893.75 5.4216e-09
 894.00 5.3404e-09
 894.25 7.3297e-09
 894.50 7.8315e-09
 894.75 5.6582e-09
 895.00 7.7889e-10
 895.25 -2.1043e-09
 895.50 7.2477e-09
 895.75 1.5799e-08
 896.00 1.2771e-08
 896.25 -3.3221e-10
 896.50 7.5269e-10
 896.75 1.4822e-08
 897.00 1.9546e-08
 897.25 1.8213e-08
 897.50 1.3835e-08
 897.75 3.4933e-09
 898.00 3.8390e-09
 898.25 1.2335e-08
 898.50 1.2048e-08
 898.75 6.7156e-09
 899.00 6.7536e-09
 899.25 3.9128e-09
 899.50 -8.1543e-10
 899.75 3.0216e-09
 900.00 6.0800e-09
 900.25 2.4126e-09
 900.50 1.6862e-09
 900.75 9.2807e-10
 901.00 -5.4609e-09
 901.25 -3.5512e-09
 901.50 -2.3667e-09
 901.75 -6.6938e-09
 902.00 2.7106e-09
 902.25 1.2824e-08
 902.50 2.3972e-09
 902.75 -2.5418e-09
 903.00 4.0000e-09
 903.25 1.0272e-08
 903.50 8.3339e-09
 903.75 3.7495e-09
 904.00 1.0128e-09
 904.25 4.6251e-09
 904.50 1.2797e-08
 904.75 1.1937e-08
 905.00 1.0050e-08
 905.25 6.1812e-09
 905.50 1.2631e-08
 905.75 1.6975e-08
 906.00 1.3695e-08
 906.25 8.7044e-09
 906.50 6.9705e-09
 906.75 9.9172e-09
 907.00 4.2511e-09
 907.25 -2.0841e-09
 907.50 2.5894e-09
 907.75 1.0497e-08
 908.00 8.3741e-09
 908.25 -4.3260e-09
 908.50 -1.6784e-08
 908.75 -1.2330e-08
 909.00 -4.1814e-09
 909.25 -1.2212e-09
 909.50 -5.4857e-09
 909.75 -6.8304e-09
 910.00 -9.0519e-09
 910.25 -1.2323e-08
 910.50 -1.4906e-09
 910.75 8.7101e-09
 911.00 9.2993e-09
 911.25 3.3207e-09
 911.50 2.7966e-09
 911.75 6.0173e-09
 912.00 7.4897e-09
 912.25 4.9660e-09
 912.50 -7.0253e-10
 912.75 -7.9794e-09
 913.00 -1.0248e-08
 913.25 -7.8950e-10
 913.50 4.6280e-09
 913.75 -3.4945e-09
 914.00 -4.4544e-09
 914.25 4.0241e-09
 914.50 2.6073e-09
 914.75 3.4287e-09
 915.00 5.9001e-09
 915.25 5.1471e-09
 915.50 8.9043e-09
 915.75 9.5479e-09
 916.00 8.0826e-09
 916.25 3.7050e-09
 916.50 3.2534e-09
 916.75 1.0752e-08
 917.00 9.9506e-09
 917.25 -1.4888e-10
 917.50 -9.4958e-09
 917.75 -7.0201e-09
 918.00 1.5085e-09
 918.25 5.9951e-09
 918.50 6.1581e-09
 918.75 7.5725e-09
 919.00 5.0401e-09
 919.25 -4.7715e-09
 919.50 -3.9467e-09
 919.75 -2.8690e-11
 920.00 2.5787e-09
 920.25 8.3881e-09
 920.50 3.6890e-09
 920.75 1.0779e-09
 921.00 9.1073e-09
 921.25 8.3423e-09
 921.50 8.5735e-09
 921.75 1.3131e-08
 922.00 1.7967e-09
 922.25 -8.1318e-09
 922.50 4.5315e-09
 922.75 1.2089e-08
 923.00 1.0355e-08
 923.25 7.6393e-09
 923.50 1.5780e-09
 923.75 3.9605e-09
 924.00 1.0012e-08
 924.25 7.7797e-09
 924.50 -4.5984e-09
 924.75 -6.3809e-09
 925.00 -2.2090e-09
 925.25 -8.1857e-09
 925.50 -1.1955e-08
 925.75 -4.6505e-10
 926.00 3.0270e-09
 926.25 -6.3760e-09
 926.50 -5.9154e-09
 926.75 8.4781e-09
 927.00 1.8253e-08
 927.25 6.6161e-09
 927.50 5.4529e-10
 927.75 4.7438e-09
 928.00 5.5739e-09
 928.25 2.4849e-09
 928.50 3.4232e-09
 928.75 8.2990e-09
 929.00 1.1369e-08
 929.25 6.0032e-09
 929.50 -3.3141e-09
 929.75 -2.1607e-09
 930.00 2.1484e-09
 930.25 -3.7969e-09
 930.50 -1.2463e-08
 930.75 -1.0654e-08
 931.00 -1.0854e-09
 931.25 7.1682e-09
 931.50 6.8027e-09
 931.75 -3.2759e-10
 932.00 -4.0468e-09
 932.25 -3.2581e-09
 932.50 -9.2986e-09
 932.75 -1.1993e-09
 933.00 7.1868e-09
 933.25 3.2377e-09
 933.50 9.2389e-10
 933.75 2.1054e-09
 934.00 8.5865e-09
 934.25 3.7435e-09
 934.50 2.7893e-09
 934.75 5.0665e-09
 935.00 -9.9596e-10
 935.25 2.4924e-09
 935.50 1.0678e-08
 935.75 5.9516e-09
 936.00 -4.5801e-09
 936.25 -3.9223e-09
 936.50 8.0433e-09
 936.75 1.3029e-08
 937.00 9.7686e-09
 937.25 4.9914e-09
 937.50 5.0973e-09
 937.75 7.6066e-09
 938.00 4.3611e-09
 938.25 8.0074e-09
 938.50 9.7002e-09
 938.75 6.3305e-09
 939.00 1.0600e-08
 939.25 6.9329e-09
 939.50 -1.7975e-10
 939.75 -3.1560e-09
 940.00 -1.2308e-08
 940.25 -9.1862e-09
 940.50 3.7174e-09
 940.75 2.0228e-09
 941.00 -4.0890e-09
 941.25 4.8290e-09
 941.50 2.1856e-09
 941.75 -1.0452e-08
 942.00 -8.2986e-09
 942.25 -2.7086e-09
 942.50 -1.5049e-09
 942.75 -4.4365e-09
 943.00 -3.2986e-09
 943.25 -5.2353e-09
 943.50 -2.6664e-09
 943.75 5.8510e-09
 944.00 3.8093e-09
 944.25 -3.9742e-09
 944.50 -9.5403e-09
 944.75 -8.7042e-09
 945.00 -1.1871e-09
 945.25 -2.5873e-09
 945.50 -1.0842e-08
 945.75 1.5212e-09
 946.00 1.2219e-08
 946.25 4.8396e-09
 946.50 -9.6366e-10
 946.75 4.4765e-09
 947.00 8.3996e-09
 947.25 4.3555e-09
 947.50 8.1402e-09
 947.75 6.9360e-09
 948.00 2.4078e-09
 948.25 5.1741e-09
 948.50 8.8055e-09
 948.75 7.2801e-09
 949.00 8.1647e-10
 949.25 -1.1084e-09
 949.50 -2.4684e-09
 949.75 -1.8506e-09
 950.00 -6.5937e-10
 950.25 -9.2837e-09
 950.50 -1.2610e-08
 950.75 1.0665e-10
 951.00 1.0659e-08
 951.25 6.0181e-09
 951.50 -2.4211e-09
 951.75 -2.6159e-09
 952.00 2.2266e-09
 952.25 1.0773e-08
 952.50 1.8783e-08
 952.75 1.4847e-08
 953.00 -1.0672e-09
 953.25 -5.2716e-09
 953.50 -4.6162e-09
 953.75 -8.5531e-09
 954.00 -7.9340e-09
 954.25 -4.1480e-09
 954.50 -9.8527e-09
 954.75 -2.0466e-08
 955.00 -8.1286e-09
 955.25 4.2700e-09
 955.50 6.3546e-09
 955.75 1.1186e-08
 956.00 1.6782e-08
 956.25 1.1350e-08
 956.50 -7.7353e-09
 956.75 -1.6104e-08
 957.00 -5.3664e-09
 957.25 -6.3789e-09
 957.50 -7.0246e-09
 957.75 1.1641e-08
 958.00 2.1816e-08
 958.25 1.7360e-08
 958.50 1.4624e-09
 958.75 -8.5519e-09
 959.00 -9.4684e-10
 959.25 1.2298e-08
 959.50 9.4847e-09
 959.75 4.3793e-09
 960.00 8.5413e-11
 960.25 -2.3178e-09
 960.50 3.7175e-10
 960.75 -1.8105e-09
 961.00 9.5996e-10
 961.25 -8.1640e-10
 961.50 -4.5713e-09
 961.75 9.8783e-10
 962.00 4.3078e-09
 962.25 3.0626e-09
 962.50 1.0382e-08
 962.75 1.0540e-08
 963.00 3.6039e-09
 963.25 -8.7861e-10
 963.50 -1.8455e-09
 963.75 -4.0666e-09
 964.00 -3.4162e-09
 964.25 8.7272e-10
 964.50 -5.4281e-10
 964.75 -2.0937e-09
 965.00 1.4522e-09
 965.25 4.6242e-09
 965.50 -1.7863e-09
 965.75 8.3791e-10
 966.00 9.3665e-09
 966.25 1.3697e-08
 966.50 1.3406e-08
 966.75 1.4389e-08
 967.00 1.1801e-08
 967.25 6.3914e-09
 967.50 5.5410e-09
 967.75 4.3471e-10
 968.00 -4.5592e-09
 968.25 6.4285e-09
 968.50 1.3800e-08
 968.75 -5.9351e-09
 969.00 -1.6369e-08
 969.25 -7.6985e-09
 969.50 7.6685e-09
 969.75 1.3627e-08
 970.00 1.4570e-08
 970.25 1.5061e-08
 970.50 9.7332e-09
 970.75 1.0574e-08
 971.00 6.3770e-09
 971.25 -4.7743e-09
 971.50 -1.0172e-08
 971.75 -5.8482e-09
 972.00 -4.3197e-09
 972.25 -2.1414e-09
 972.50 5.7850e-09
 972.75 6.3223e-09
 973.00 -2.9712e-09
 973.25 -1.1117e-09
 973.50 1.1007e-08
 973.75 1.1947e-08
 974.00 1.0956e-08
 974.25 4.0560e-09
 974.50 -7.2241e-10
 974.75 -2.3843e-09
 975.00 -7.2403e-09
 975.25 -3.6575e-09
 975.50 -5.6010e-09
 975.75 -8.7804e-09
 976.00 -2.9389e-09
 976.25 1.4949e-08
 976.50 2.0898e-08
 976.75 7.5543e-09
 977.00 1.3206e-09
 977.25 -2.0769e-09
 977.50 -6.8755e-09
 977.75 -7.6237e-09
 978.00 -4.2188e-09
 978.25 2.1513e-09
 978.50 6.7354e-09
 978.75 3.0191e-09
 979.00 2.6797e-10
 979.25 5.4480e-10
 979.50 -1.5990e-09
 979.75 -6.1795e-09
 980.00 2.5574e-09
 980.25 1.2511e-08
 980.50 7.9170e-09
 980.75 4.9258e-09
 981.00 6.5523e-09
 981.25 4.4098e-09
 981.50 1.4664e-09
 981.75 6.4797e-09
 982.00 1.1381e-08
 982.25 1.7215e-08
 982.50 1.3619e-08
 982.75 6.7561e-09
 983.00 -7.8302e-10
 983.25 -1.0580e-08
 983.50 -1.1076e-08
 983.75 -4.9687e-09
 984.00 -2.5397e-09
 984.25 -5.9666e-09
 984.50 -3.7277e-09
 984.75 -5.6576e-09
 985.00 -5.5120e-09
 985.25 3.4698e-09
 985.50 1.3377e-08
 985.75 1.5099e-08
 986.00 1.5115e-08
 986.25 1.6138e-08
 986.50 7.3863e-09
 986.75 -4.1258e-09
 987.00 -5.1873e-09
 987.25 -3.5817e-09
 987.50 -5.0935e-09
 987.75 3.6053e-09
 988.00 4.3873e-09
 988.25 -6.0249e-10
 988.50 2.6919e-09
 988.75 1.1673e-08
 989.00 1.6128e-08
 989.25 5.1275e-09
 989.50 -5.5531e-09
 989.75 -6.6105e-09
 990.00 -6.4864e-10
 990.25 7.9523e-09
 990.50 1.1956e-08
 990.75 1.0799e-08
 991.00 9.2471e-09
 991.25 2.2628e-09
 991.50 -1.5251e-09
 991.75 -1.6672e-09
 992.00 -9.7539e-10
 992.25 5.2402e-09
 992.50 5.3483e-09
 992.75 5.2692e-09
 993.00 1.1985e-08
 993.25 1.5796e-08
 993.50 6.9277e-09
 993.75 -4.1540e-09
 994.00 -1.5155e-09
 994.25 5.8755e-09
 994.50 3.7136e-09
 994.75 -3.1105e-09
 995.00 -9.5587e-09
 995.25 -5.2779e-09
 995.50 9.4954e-09
 995.75 1.4792e-08
 996.00 9.9743e-09
 996.25 4.8597e-09
 996.50 -7.3837e-10
 996.75 4.9453e-09
 997.00 1.1385e-08
 997.25 7.8759e-09
 997.50 6.6580e-09
 997.75 -5.8264e-09
 998.00 -9.1516e-09
 998.25 -2.4980e-09
 998.50 5.9638e-09
 998.75 5.8096e-09
 999.00 -4.4879e-09
 999.25 -8.4475e-09
 999.50 -6.3808e-09
 999.75 7.0461e-09
1000.00 5.0409e-09
1000.25 -6.4552e-09
1000.50 -6.7788e-09
1000.75 4.6985e-09
1001.00 1.2948e-08
1001.25 1.1702e-08
1001.50 2.9353e-10
1001.75 -1.1466e-08
1002.00 -8.3629e-09
1002.25 1.1283e-09
1002.50 6.0145e-09
1002.75 -4.6642e-09
1003.00 -1.3601e-08
1003.25 -8.8859e-09
1003.50 -3.9128e-09
1003.75 -2.3267e-09
1004.00 -4.8983e-09
1004.25 -2.8733e-09
1004.50 9.1723e-09
1004.75 1.0827e-08
1005.00 8.7780e-09
1005.25 6.4621e-09
1005.50 4.0692e-09
1005.75 1.4281e-09
1006.00 -2.6176e-09
1006.25 1.4458e-09
1006.50 1.0136e-08
1006.75 1.5646e-08
1007.00 1.2011e-08
1007.25 -3.4111e-09
1007.50 -1.1460e-08
1007.75 3.3421e-09
1008.00 9.0477e-09
1008.25 9.1759e-09
1008.50 7.6854e-09
1008.75 1.8955e-09
1009.00 6.4775e-09
1009.25 1.1327e-08
1009.50 9.7961e-09
1009.75 3.2299e-09
1010.00 8.2434e-10
1010.25 9.3852e-09
1010.50 1.4023e-08
1010.75 3.4410e-09
1011.00 -4.1518e-09
1011.25 -1.6375e-09
1011.50 -2.2301e-09
1011.75 8.0058e-10
1012.00 4.9221e-09
1012.25 -6.1729e-09
1012.50 -5.6807e-09
1012.75 2.2304e-09
1013.00 -3.3748e-10
1013.25 2.5052e-09
1013.50 1.7499e-09
1013.75 1.2689e-09
1014.00 9.6774e-09
1014.25 1.1553e-08
1014.50 3.0054e-09
1014.75 -5.8280e-09
1015.00 -7.8989e-09
1015.25 -1.7388e-09
1015.50 3.0115e-09
1015.75 5.1704e-09
1016.00 9.7367e-09
1016.25 9.4642e-09
1016.50 -1.2793e-09
1016.75 -1.3215e-08
1017.00 -1.0512e-08
1017.25 -4.7481e-09
1017.50 -9.4895e-09
1017.75 -8.8445e-09
1018.00 -1.1928e-09
1018.25 -4.9490e-09
1018.50 -1.0906e-08
1018.75 1.5936e-09
1019.00 2.0283e-08
1019.25 1.6161e-08
1019.50 1.4083e-09
1019.75 -5.2682e-09
1020.00 -7.1092e-09
1020.25 -3.8656e-09
1020.50 -2.0750e-09
1020.75 1.5341e-09
1021.00 -1.0174e-09
1021.25 -7.9795e-09
1021.50 -9.9227e-09
1021.75 -9.0174e-09
1022.00 -4.0485e-09
1022.25 2.3733e-09
1022.50 4.6615e-09
1022.75 1.3068e-10
1023.00 -2.6868e-09
1023.25 -3.1295e-09
1023.50 9.8267e-11
1023.75 9.0502e-09
1024.00 1.7118e-08
1024.25 1.4812e-08
1024.50 -7.1472e-10
1024.75 -1.6280e-08
1025.00 -8.3635e-09
1025.25 1.0804e-08
1025.50 9.5223e-09
1025.75 -2.8810e-09
1026.00 -9.3315e-09
1026.25 -8.3197e-09
1026.50 -5.9948e-09
1026.75 -7.0582e-09
1027.00 2.3554e-11
1027.25 -5.6075e-09
1027.50 -1.9023e-08
1027.75 -1.0169e-08
1028.00 -5.2248e-10
1028.25 -1.6121e-09
1028.50 -1.8504e-08
1028.75 -2.0101e-08
1029.00 2.1544e-09
1029.25 6.2224e-09
1029.50 4.3859e-10
1029.75 2.8332e-09
1030.00 4.4501e-10
1030.25 -2.9056e-10
1030.50 5.4937e-09
1030.75 4.6492e-09
1031.00 1.0401e-08
1031.25 1.6373e-08
1031.50 1.2098e-08
1031.75 5.7982e-09
1032.00 5.2387e-10
1032.25 1.1096e-09
1032.50 9.7801e-10
1032.75 -4.8193e-09
1033.00 -1.1416e-08
1033.25 -7.4378e-09
1033.50 2.1480e-08
1033.75 3.2064e-08
1034.00 1.1214e-08
1034.25 1.3867e-08
1034.50 9.5918e-09
1034.75 -9.2766e-09
1035.00 -3.4568e-09
1035.25 -5.3297e-09
1035.50 -1.8196e-08
1035.75 -1.6216e-08
1036.00 -5.7996e-09
1036.25 -3.7479e-09
1036.50 -5.8774e-09
1036.75 6.1379e-10
1037.00 8.3806e-09
1037.25 8.3879e-09
1037.50 2.4581e-09
1037.75 2.6242e-09
1038.00 1.6888e-09
1038.25 -2.8273e-09
1038.50 8.1611e-10
1038.75 2.5587e-09
1039.00 -3.1937e-09
1039.25 -1.8839e-09
1039.50 1.2959e-08
1039.75 8.9035e-09
1040.00 -7.9470e-09
1040.25 -5.5112e-09
1040.50 1.6942e-09
1040.75 6.0864e-09
1041.00 -1.6997e-10
1041.25 -3.6546e-09
1041.50 1.3106e-09
1041.75 3.9959e-09
1042.00 1.6264e-09
1042.25 2.5123e-09
1042.50 7.6736e-09
1042.75 6.3924e-09
1043.00 4.6083e-09
1043.25 -4.6795e-09
1043.50 -5.5634e-09
1043.75 3.2431e-09
1044.00 4.0276e-09
1044.25 -6.1798e-09
1044.50 -9.5174e-09
1044.75 -9.2229e-09
1045.00 -2.5234e-09
1045.25 9.4211e-09
1045.50 1.1962e-08
1045.75 9.5927e-09
1046.00 1.0288e-09
1046.25 4.7793e-09
1046.50 1.8932e-08
1046.75 2.6712e-08
1047.00 1.0017e-08
1047.25 -3.6062e-09
1047.50 -6.7161e-09
1047.75 -6.4973e-09
1048.00 -3.9319e-10
1048.25 1.4526e-09
1048.50 7.6914e-09
1048.75 1.6693e-09
1049.00 -4.7335e-09
1049.25 1.4543e-09
1049.50 6.7385e-09
1049.75 1.1668e-08
1050.00 1.2189e-08
1050.25 -1.4877e-09
1050.50 -1.2491e-09
1050.75 1.6087e-08
1051.00 2.7100e-09
1051.25 -1.5855e-08
1051.50 -1.2822e-08
1051.75 7.3218e-10
1052.00 1.7861e-08
1052.25 8.7512e-09
1052.50 1.3202e-09
1052.75 8.5964e-09
1053.00 3.9901e-09
1053.25 1.8003e-09
1053.50 7.5118e-09
1053.75 5.2798e-09
1054.00 3.0960e-09
1054.25 6.0963e-09
1054.50 2.0244e-09
1054.75 -2.3063e-09
1055.00 6.0754e-10
1055.25 2.8826e-09
1055.50 -4.9553e-09
1055.75 -4.4212e-09
1056.00 -1.9046e-09
1056.25 -9.3709e-09
1056.50 -9.8656e-09
1056.75 -7.4126e-10
1057.00 7.9294e-09
1057.25 6.8990e-09
1057.50 2.4486e-09
1057.75 5.9103e-09
1058.00 9.6777e-09
1058.25 1.2083e-08
1058.50 7.5343e-09
1058.75 -3.9921e-09
1059.00 -1.4327e-09
1059.25 -4.8875e-09
1059.50 -1.7085e-08
1059.75 -7.5957e-09
1060.00 1.1552e-08
1060.25 1.3928e-08
1060.50 5.9621e-09
1060.75 8.7246e-09
1061.00 8.0871e-09
1061.25 -2.3226e-09
1061.50 4.8504e-09
1061.75 1.4106e-08
1062.00 5.8453e-09
1062.25 -8.1051e-10
1062.50 6.8061e-09
1062.75 -1.2242e-09
1063.00 -1.5729e-08
1063.25 -1.2603e-08
1063.50 -1.1842e-08
1063.75 -4.5747e-09
1064.00 7.1643e-09
1064.25 1.1251e-08
1064.50 1.1390e-08
1064.75 1.4270e-08
1065.00 1.3803e-08
1065.25 6.7970e-09
1065.50 5.3397e-11
1065.75 2.8212e-11
1066.00 3.8896e-09
1066.25 1.0836e-08
1066.50 1.7061e-08
1066.75 1.2798e-08
1067.00 4.2966e-09
1067.25 -5.3154e-09
1067.50 -1.5824e-08
1067.75 -2.0901e-08
1068.00 -9.8910e-09
1068.25 3.8667e-09
1068.50 1.3710e-08
1068.75 1.7341e-08
1069.00 7.5399e-09
1069.25 -4.5684e-09
1069.50 -3.2592e-09
1069.75 1.1610e-08
1070.00 1.5384e-08
1070.25 4.9578e-09
1070.50 1.6278e-09
1070.75 6.1890e-10
1071.00 -5.0699e-09
1071.25 -5.6694e-09
1071.50 1.4817e-09
1071.75 1.6102e-08
1072.00 1.7095e-08
1072.25 1.1156e-08
1072.50 9.7409e-09
1072.75 2.3781e-09
1073.00 -4.8963e-10
1073.25 -6.7201e-09
1073.50 6.5086e-09
1073.75 3.0992e-08
1074.00 1.8482e-08
1074.25 -4.0807e-09
1074.50 -5.3929e-09
1074.75 -1.1645e-08
1075.00 -1.6217e-08
1075.25 -1.0458e-09
1075.50 1.1564e-08
1075.75 2.3499e-08
1076.00 1.1375e-08
1076.25 -4.5665e-09
1076.50 -2.0664e-09
1076.75 -2.1828e-09
1077.00 -6.7160e-09
1077.25 -1.7088e-08
1077.50 -1.3014e-08
1077.75 -6.4032e-09
1078.00 -1.7780e-08
1078.25 -3.0622e-08
1078.50 -2.3835e-08
1078.75 -1.6189e-08
1079.00 -8.9838e-09
1079.25 7.3023e-09
1079.50 1.6657e-08
1079.75 2.3131e-09
1080.00 -1.2616e-08
1080.25 4.7610e-09
1080.50 2.2235e-08
1080.75 1.7215e-08
1081.00 5.1491e-09
1081.25 1.1973e-09
1081.50 3.6420e-09
1081.75 7.3136e-09
1082.00 2.4591e-09
1082.25 -5.9652e-09
1082.50 -4.3195e-09
1082.75 9.3170e-09
1083.00 9.7089e-09
1083.25 -2.9112e-09
1083.50 -2.0483e-09
1083.75 -3.5363e-09
1084.00 -2.7244e-09
1084.25 -5.3507e-09
1084.50 -6.8856e-09
1084.75 2.1335e-09
1085.00 1.1876e-09
1085.25 2.1504e-09
1085.50 7.7432e-09
1085.75 1.5667e-09
1086.00 -1.0233e-08
1086.25 -9.7257e-09
1086.50 -6.3857e-09
1086.75 -4.1438e-09
1087.00 -4.5718e-09
1087.25 7.7533e-10
1087.50 8.0179e-09
1087.75 -8.4231e-09
1088.00 -1.2880e-08
1088.25 -9.7578e-10
1088.50 8.2935e-09
1088.75 1.1528e-08
1089.00 3.2417e-10
1089.25 -9.1191e-09
1089.50 -1.5439e-09
1089.75 5.5555e-09
1090.00 -8.7974e-09
1090.25 -1.2007e-08
1090.50 1.2555e-09
1090.75 2.7440e-09
1091.00 2.0451e-09
1091.25 1.2814e-08
1091.50 1.6930e-08
1091.75 5.7581e-09
1092.00 -1.0352e-09
1092.25 -1.0459e-09
1092.50 -3.6625e-10
1092.75 7.4801e-09
1093.00 1.0969e-08
1093.25 2.4005e-09
1093.50 -1.0011e-08
1093.75 -1.3874e-08
1094.00 -4.2788e-09
1094.25 -2.1549e-09
1094.50 2.7600e-09
1094.75 3.2873e-09
1095.00 -1.4546e-08
1095.25 -1.1254e-08
1095.50 1.1431e-08
1095.75 8.4412e-09
1096.00 5.3677e-09
1096.25 1.2848e-08
1096.50 6.6120e-09
1096.75 6.3291e-09
1097.00 4.2867e-09
1097.25 9.5981e-09
1097.50 1.6708e-08
1097.75 1.3684e-08
1098.00 1.1750e-08
1098.25 3.7882e-09
1098.50 7.6882e-09
1098.75 1.0192e-08
1099.00 5.3568e-10
1099.25 8.7315e-09
1099.50 6.5211e-10
1099.75 -1.9829e-08
1100.00 -1.8904e-08
1100.25 -1.9082e-08
1100.50 -1.4878e-08
1100.75 4.1600e-09
1101.00 1.9735e-08
1101.25 1.1627e-08
1101.50 8.0188e-09
1101.75 1.2445e-08
1102.00 1.0216e-08
1102.25 6.9622e-09
1102.50 1.9804e-09
1102.75 -8.2619e-09
1103.00 -1.2342e-08
1103.25 -1.0011e-09
1103.50 1.1319e-08
1103.75 6.2260e-09
1104.00 -8.8256e-11
1104.25 1.5289e-08
1104.50 1.4545e-08
1104.75 1.5945e-09
1105.00 -9.0933e-09
1105.25 1.0636e-08
1105.50 2.8797e-08
1105.75 9.5620e-09
1106.00 -1.6579e-09
1106.25 -9.4234e-09
1106.50 -1.9112e-08
1106.75 -2.1112e-08
1107.00 -3.4332e-09
1107.25 2.0051e-09
1107.50 -4.8807e-10
1107.75 4.0235e-09
1108.00 -2.3250e-09
1108.25 -9.5141e-09
1108.50 -1.4480e-08
1108.75 -7.7359e-09
1109.00 8.7285e-09
1109.25 2.2056e-08
1109.50 1.8204e-08
1109.75 7.7588e-09
1110.00 1.8823e-09
1110.25 -8.8536e-09
1110.50 -5.0097e-09
1110.75 -1.5597e-09
1111.00 -6.0323e-09
1111.25 -5.9554e-09
1111.50 -8.6077e-09
1111.75 -1.3725e-10
1112.00 -1.6284e-09
1112.25 -9.5754e-09
1112.50 -4.9399e-09
1112.75 1.0257e-08
1113.00 1.7919e-08
1113.25 1.7519e-08
1113.50 2.1137e-08
1113.75 1.2935e-08
1114.00 -4.2736e-10
1114.25 -1.1100e-08
1114.50 -1.6912e-08
1114.75 -2.1287e-08
1115.00 -1.4563e-08
1115.25 -7.4545e-09
1115.50 -2.7276e-09
1115.75 -1.1665e-08
1116.00 -1.4727e-08
1116.25 -1.0165e-08
1116.50 -9.5005e-09
1116.75 6.6724e-10
1117.00 -1.7667e-08
1117.25 -1.2027e-08
1117.50 1.6970e-09
1117.75 -2.8199e-08
1118.00 -4.8563e-08
1118.25 -2.1448e-08
1118.50 2.9253e-09
1118.75 1.9338e-09
1119.00 8.4952e-09
1119.25 1.2232e-08
1119.50 -2.1970e-09
1119.75 -5.5541e-09
1120.00 9.8920e-09
1120.25 -7.7531e-09
1120.50 -7.3949e-09
1120.75 2.2036e-08
1121.00 6.8122e-09
1121.25 -2.6615e-08
1121.50 -1.5343e-08
1121.75 -8.1494e-09
1122.00 -1.4738e-08
1122.25 -3.2900e-09
1122.50 4.3900e-09
1122.75 8.0154e-09
1123.00 1.2974e-08
1123.25 1.9592e-08
1123.50 2.4271e-08
1123.75 1.3123e-08
1124.00 -9.7241e-09
1124.25 3.2676e-09
1124.50 1.1460e-08
1124.75 -2.2993e-10
1125.00 7.0384e-09
