# Spectrum from Mathe et al. 2019
2221
102
 570.00 4.1743e-08
 570.25 5.7154e-08
 570.50 7.4548e-08
 570.75 5.9499e-08
 571.00 3.3430e-08
 571.25 7.4055e-09
 571.50 3.0185e-08
 571.75 1.5243e-08
 572.00 3.0312e-10
 572.25 4.4513e-08
 572.50 -2.1851e-08
 572.75 -5.2398e-08
 573.00 -1.4670e-07
 573.25 -2.7584e-07
 573.50 -3.5991e-07
 573.75 3.4778e-07
 574.00 8.2127e-07
 574.25 3.4764e-07
 574.50 1.8044e-07
 574.75 1.8292e-07
 575.00 1.8272e-07
 575.25 1.2607e-07
 575.50 5.4588e-08
 575.75 5.1628e-08
 576.00 1.1095e-07
 576.25 1.3054e-07
 576.50 9.1241e-08
 576.75 6.3460e-08
 577.00 4.1379e-08
 577.25 6.2002e-08
 577.50 7.9347e-08
 577.75 6.1760e-08
 578.00 4.8708e-08
 578.25 6.5714e-08
 578.50 6.3378e-08
 578.75 7.7914e-08
 579.00 6.5314e-08
 579.25 5.6263e-08
 579.50 5.8318e-08
 579.75 6.0698e-08
 580.00 4.4934e-08
 580.25 4.1266e-08
 580.50 5.1077e-08
 580.75 4.1276e-08
 581.00 3.2874e-08
 581.25 4.8650e-08
 581.50 5.9128e-08
 581.75 5.2288e-08
 582.00 4.8321e-08
 582.25 4.6604e-08
 582.50 6.1039e-08
 582.75 6.5269e-08
 583.00 7.0215e-08
 583.25 6.3906e-08
 583.50 5.7490e-08
 583.75 6.2157e-08
 584.00 6.0791e-08
 584.25 4.5318e-08
 584.50 3.7122e-08
 584.75 4.0041e-08
 585.00 5.5325e-08
 585.25 6.7521e-08
 585.50 7.2023e-08
 585.75 6.5284e-08
 586.00 4.9231e-08
 586.25 5.1225e-08
 586.50 5.1111e-08
 586.75 4.8015e-08
 587.00 5.6836e-08
 587.25 6.3478e-08
 587.50 6.4656e-08
 587.75 6.8188e-08
 588.00 6.6662e-08
 588.25 6.9113e-08
 588.50 7.6312e-08
 588.75 7.7253e-08
 589.00 7.3860e-08
 589.25 7.1393e-08
 589.50 6.5694e-08
 589.75 6.4145e-08
 590.00 6.4933e-08
 590.25 6.0206e-08
 590.50 5.6254e-08
 590.75 6.6719e-08
 591.00 7.3756e-08
 591.25 7.2287e-08
 591.50 6.4933e-08
 591.75 5.7600e-08
 592.00 6.0706e-08
 592.25 6.8102e-08
 592.50 7.0739e-08
 592.75 6.5913e-08
 593.00 6.1608e-08
 593.25 6.6969e-08
 593.50 7.6019e-08
 593.75 7.0499e-08
 594.00 6.7565e-08
 594.25 6.4031e-08
 594.50 5.8334e-08
 594.75 5.7737e-08
 595.00 6.0283e-08
 595.25 6.1390e-08
 595.50 6.0363e-08
 595.75 6.2865e-08
 596.00 5.9077e-08
 596.25 4.4136e-08
 596.50 4.5871e-08
 596.75 5.4935e-08
 597.00 5.5868e-08
 597.25 6.3832e-08
 597.50 8.5408e-08
 597.75 9.0522e-08
 598.00 7.3015e-08
 598.25 6.2525e-08
 598.50 6.2089e-08
 598.75 6.4953e-08
 599.00 5.9151e-08
 599.25 5.6446e-08
 599.50 5.1023e-08
 599.75 5.1762e-08
 600.00 5.2015e-08
 600.25 5.1587e-08
 600.50 5.7844e-08
 600.75 5.8949e-08
 601.00 5.4532e-08
 601.25 5.7497e-08
 601.50 6.2719e-08
 601.75 6.0308e-08
 602.00 5.8289e-08
 602.25 5.8701e-08
 602.50 6.0506e-08
 602.75 5.8395e-08
 603.00 6.1741e-08
 603.25 6.3684e-08
 603.50 6.1147e-08
 603.75 5.8271e-08
 604.00 6.0887e-08
 604.25 6.5078e-08
 604.50 6.3743e-08
 604.75 5.9645e-08
 605.00 6.4061e-08
 605.25 6.7283e-08
 605.50 6.5942e-08
 605.75 6.4127e-08
 606.00 6.2442e-08
 606.25 6.0800e-08
 606.50 6.4377e-08
 606.75 6.9676e-08
 607.00 6.7729e-08
 607.25 6.8933e-08
 607.50 6.9931e-08
 607.75 6.3388e-08
 608.00 5.8433e-08
 608.25 6.3280e-08
 608.50 6.2781e-08
 608.75 6.4549e-08
 609.00 6.6222e-08
 609.25 6.5100e-08
 609.50 5.9611e-08
 609.75 5.3427e-08
 610.00 5.4968e-08
 610.25 5.7787e-08
 610.50 5.9445e-08
 610.75 6.4572e-08
 611.00 6.2442e-08
 611.25 5.8328e-08
 611.50 6.2543e-08
 611.75 6.4737e-08
 612.00 6.3210e-08
 612.25 5.8152e-08
 612.50 5.5661e-08
 612.75 5.7155e-08
 613.00 6.0911e-08
 613.25 6.4413e-08
 613.50 6.4641e-08
 613.75 5.8373e-08
 614.00 6.1884e-08
 614.25 6.8282e-08
 614.50 6.7634e-08
 614.75 6.8387e-08
 615.00 7.0860e-08
 615.25 6.8131e-08
 615.50 6.7387e-08
 615.75 6.5730e-08
 616.00 6.6463e-08
 616.25 6.8937e-08
 616.50 7.2412e-08
 616.75 7.1642e-08
 617.00 7.1802e-08
 617.25 7.3898e-08
 617.50 6.8877e-08
 617.75 6.9686e-08
 618.00 6.7208e-08
 618.25 7.2433e-08
 618.50 7.5539e-08
 618.75 8.4940e-08
 619.00 8.2887e-08
 619.25 7.4462e-08
 619.50 7.0210e-08
 619.75 7.6806e-08
 620.00 8.5359e-08
 620.25 8.0358e-08
 620.50 8.4651e-08
 620.75 7.8520e-08
 621.00 7.8180e-08
 621.25 8.8783e-08
 621.50 1.0089e-07
 621.75 8.5048e-08
 622.00 6.9376e-08
 622.25 7.8054e-08
 622.50 7.8848e-08
 622.75 8.0930e-08
 623.00 8.0477e-08
 623.25 7.7993e-08
 623.50 7.1381e-08
 623.75 7.3458e-08
 624.00 7.9904e-08
 624.25 8.0084e-08
 624.50 8.7564e-08
 624.75 8.5836e-08
 625.00 8.8351e-08
 625.25 8.4314e-08
 625.50 8.3700e-08
 625.75 8.2301e-08
 626.00 8.0800e-08
 626.25 8.7260e-08
 626.50 8.8363e-08
 626.75 9.9292e-08
 627.00 9.1921e-08
 627.25 8.6944e-08
 627.50 8.7469e-08
 627.75 1.5647e-07
 628.00 2.1905e-07
 628.25 1.6736e-07
 628.50 1.1400e-07
 628.75 9.1592e-08
 629.00 8.9871e-08
 629.25 8.8061e-08
 629.50 1.0236e-07
 629.75 1.0831e-07
 630.00 9.9641e-08
 630.25 1.0049e-07
 630.50 9.8463e-08
 630.75 1.1439e-07
 631.00 1.1423e-07
 631.25 1.4082e-07
 631.50 1.3654e-07
 631.75 1.2466e-07
 632.00 1.3121e-07
 632.25 1.2523e-07
 632.50 1.3992e-07
 632.75 1.3475e-07
 633.00 1.7423e-07
 633.25 1.7500e-07
 633.50 1.5278e-07
 633.75 1.3260e-07
 634.00 1.3006e-07
 634.25 1.3705e-07
 634.50 1.2737e-07
 634.75 1.4932e-07
 635.00 1.2676e-07
 635.25 1.1514e-07
 635.50 1.0443e-07
 635.75 1.0032e-07
 636.00 1.0457e-07
 636.25 1.0056e-07
 636.50 9.6229e-08
 636.75 8.3701e-08
 637.00 8.9962e-08
 637.25 9.5630e-08
 637.50 9.5358e-08
 637.75 8.6006e-08
 638.00 8.7870e-08
 638.25 9.0627e-08
 638.50 8.5093e-08
 638.75 8.6049e-08
 639.00 8.6758e-08
 639.25 9.0391e-08
 639.50 8.5216e-08
 639.75 8.5534e-08
 640.00 8.3540e-08
 640.25 8.2447e-08
 640.50 8.6036e-08
 640.75 7.4506e-08
 641.00 7.2537e-08
 641.25 7.5002e-08
 641.50 8.5604e-08
 641.75 8.0866e-08
 642.00 7.8994e-08
 642.25 8.3325e-08
 642.50 8.1466e-08
 642.75 8.4459e-08
 643.00 7.7396e-08
 643.25 7.8968e-08
 643.50 7.5467e-08
 643.75 7.8127e-08
 644.00 8.5868e-08
 644.25 8.4172e-08
 644.50 8.0271e-08
 644.75 7.1584e-08
 645.00 7.1181e-08
 645.25 6.8770e-08
 645.50 8.0378e-08
 645.75 9.1591e-08
 646.00 8.2122e-08
 646.25 7.5754e-08
 646.50 6.9767e-08
 646.75 7.1350e-08
 647.00 6.4530e-08
 647.25 6.5869e-08
 647.50 6.5722e-08
 647.75 6.4971e-08
 648.00 6.9400e-08
 648.25 6.9652e-08
 648.50 7.6967e-08
 648.75 8.1049e-08
 649.00 7.9428e-08
 649.25 6.7488e-08
 649.50 6.4313e-08
 649.75 6.6019e-08
 650.00 6.5986e-08
 650.25 6.6544e-08
 650.50 7.1205e-08
 650.75 5.4762e-08
 651.00 3.6868e-08
 651.25 5.7115e-08
 651.50 6.9865e-08
 651.75 6.9880e-08
 652.00 7.8329e-08
 652.25 7.2492e-08
 652.50 6.3333e-08
 652.75 5.6949e-08
 653.00 5.4960e-08
 653.25 6.6104e-08
 653.50 7.8703e-08
 653.75 7.5716e-08
 654.00 6.4393e-08
 654.25 5.9827e-08
 654.50 5.5874e-08
 654.75 6.3144e-08
 655.00 7.0914e-08
 655.25 6.4510e-08
 655.50 5.9746e-08
 655.75 7.2580e-08
 656.00 7.5191e-08
 656.25 7.6610e-08
 656.50 8.2945e-08
 656.75 7.7133e-08
 657.00 6.5890e-08
 657.25 6.3230e-08
 657.50 6.6383e-08
 657.75 6.9157e-08
 658.00 7.5188e-08
 658.25 7.1493e-08
 658.50 6.8594e-08
 658.75 7.2586e-08
 659.00 6.5372e-08
 659.25 6.1849e-08
 659.50 6.8280e-08
 659.75 6.6448e-08
 660.00 6.3840e-08
 660.25 5.4538e-08
 660.50 4.8418e-08
 660.75 5.9918e-08
 661.00 8.1998e-08
 661.25 7.7702e-08
 661.50 6.6273e-08
 661.75 6.8687e-08
 662.00 6.7630e-08
 662.25 5.9394e-08
 662.50 5.9216e-08
 662.75 5.8958e-08
 663.00 5.2259e-08
 663.25 5.6265e-08
 663.50 5.5338e-08
 663.75 5.2378e-08
 664.00 5.3097e-08
 664.25 5.8417e-08
 664.50 6.4707e-08
 664.75 7.1707e-08
 665.00 5.6872e-08
 665.25 4.7505e-08
 665.50 6.1657e-08
 665.75 7.6206e-08
 666.00 6.3160e-08
 666.25 4.8107e-08
 666.50 4.8924e-08
 666.75 5.1405e-08
 667.00 5.2091e-08
 667.25 1.2100e-07
 667.50 2.3386e-07
 667.75 2.2845e-07
 668.00 1.6812e-07
 668.25 1.2454e-07
 668.50 9.3134e-08
 668.75 6.8822e-08
 669.00 6.5328e-08
 669.25 6.0413e-08
 669.50 5.2903e-08
 669.75 6.7763e-08
 670.00 7.3957e-08
 670.25 7.8660e-08
 670.50 8.7324e-08
 670.75 7.7189e-08
 671.00 6.3195e-08
 671.25 6.5327e-08
 671.50 6.2841e-08
 671.75 5.8177e-08
 672.00 5.1541e-08
 672.25 4.8671e-08
 672.50 6.2436e-08
 672.75 8.1653e-08
 673.00 7.6325e-08
 673.25 7.3624e-08
 673.50 7.6141e-08
 673.75 6.6921e-08
 674.00 6.0240e-08
 674.25 7.9530e-08
 674.50 8.3972e-08
 674.75 7.7177e-08
 675.00 8.8746e-08
 675.25 7.8403e-08
 675.50 6.6467e-08
 675.75 6.7126e-08
 676.00 7.3500e-08
 676.25 7.5713e-08
 676.50 8.0769e-08
 676.75 7.0809e-08
 677.00 6.4496e-08
 677.25 7.9635e-08
 677.50 9.4892e-08
 677.75 1.1047e-07
 678.00 1.0965e-07
 678.25 9.0018e-08
 678.50 7.2615e-08
 678.75 6.3589e-08
 679.00 7.1569e-08
 679.25 9.2818e-08
 679.50 1.2125e-07
 679.75 1.3041e-07
 680.00 9.7002e-08
 680.25 6.6437e-08
 680.50 6.1410e-08
 680.75 6.9866e-08
 681.00 6.9217e-08
 681.25 6.1432e-08
 681.50 5.6182e-08
 681.75 6.8617e-08
 682.00 1.1090e-07
 682.25 1.3538e-07
 682.50 9.9640e-08
 682.75 6.1218e-08
 683.00 5.7858e-08
 683.25 6.3554e-08
 683.50 6.3230e-08
 683.75 6.6993e-08
 684.00 8.0835e-08
 684.25 1.2644e-07
 684.50 1.4635e-07
 684.75 8.7215e-08
 685.00 6.6027e-08
 685.25 8.9476e-08
 685.50 9.2780e-08
 685.75 6.7233e-08
 686.00 5.7978e-08
 686.25 6.5024e-08
 686.50 9.0038e-08
 686.75 1.2898e-07
 687.00 1.0402e-07
 687.25 6.3342e-08
 687.50 5.3742e-08
 687.75 5.2189e-08
 688.00 5.9583e-08
 688.25 8.7095e-08
 688.50 9.1179e-08
 688.75 9.8279e-08
 689.00 1.6138e-07
 689.25 1.5542e-07
 689.50 8.1650e-08
 689.75 6.1046e-08
 690.00 6.2124e-08
 690.25 6.2883e-08
 690.50 5.8584e-08
 690.75 6.2959e-08
 691.00 9.0254e-08
 691.25 1.4305e-07
 691.50 1.6732e-07
 691.75 1.0592e-07
 692.00 7.0694e-08
 692.25 7.0316e-08
 692.50 6.9268e-08
 692.75 6.5280e-08
 693.00 6.4241e-08
 693.25 7.1338e-08
 693.50 1.1631e-07
 693.75 2.1141e-07
 694.00 1.9230e-07
 694.25 1.1365e-07
 694.50 8.5667e-08
 694.75 6.8147e-08
 695.00 5.9647e-08
 695.25 5.9795e-08
 695.50 7.7525e-08
 695.75 9.4537e-08
 696.00 1.5056e-07
 696.25 1.7189e-07
 696.50 1.0538e-07
 696.75 8.2568e-08
 697.00 9.6225e-08
 697.25 9.6377e-08
 697.50 7.4900e-08
 697.75 6.8547e-08
 698.00 8.4113e-08
 698.25 1.5725e-07
 698.50 2.5088e-07
 698.75 1.8373e-07
 699.00 9.2231e-08
 699.25 8.6356e-08
 699.50 7.9303e-08
 699.75 6.4286e-08
 700.00 7.7024e-08
 700.25 1.0069e-07
 700.50 1.1890e-07
 700.75 1.8207e-07
 701.00 1.7758e-07
 701.25 1.1146e-07
 701.50 8.8784e-08
 701.75 7.3620e-08
 702.00 6.1827e-08
 702.25 6.3976e-08
 702.50 8.3259e-08
 702.75 1.1538e-07
 703.00 2.1946e-07
 703.25 2.9626e-07
 703.50 2.0129e-07
 703.75 9.9485e-08
 704.00 7.3475e-08
 704.25 6.8027e-08
 704.50 7.1569e-08
 704.75 7.8576e-08
 705.00 1.0132e-07
 705.25 1.4748e-07
 705.50 2.0772e-07
 705.75 2.0537e-07
 706.00 1.6208e-07
 706.25 1.2738e-07
 706.50 8.9067e-08
 706.75 7.8851e-08
 707.00 7.6743e-08
 707.25 9.0375e-08
 707.50 1.3449e-07
 707.75 2.2786e-07
 708.00 2.8540e-07
 708.25 1.8393e-07
 708.50 8.9722e-08
 708.75 6.6987e-08
 709.00 6.2945e-08
 709.25 8.0732e-08
 709.50 9.3124e-08
 709.75 1.1803e-07
 710.00 1.4923e-07
 710.25 2.0729e-07
 710.50 1.8565e-07
 710.75 1.0115e-07
 711.00 8.6629e-08
 711.25 9.4148e-08
 711.50 9.5512e-08
 711.75 1.2969e-07
 712.00 2.6731e-07
 712.25 3.5324e-07
 712.50 3.7285e-07
 712.75 3.6151e-07
 713.00 2.3987e-07
 713.25 1.5675e-07
 713.50 1.2628e-07
 713.75 1.1324e-07
 714.00 1.0576e-07
 714.25 1.2049e-07
 714.50 1.5882e-07
 714.75 1.9810e-07
 715.00 2.5029e-07
 715.25 1.9469e-07
 715.50 1.0074e-07
 715.75 6.9509e-08
 716.00 1.0045e-07
 716.25 1.8138e-07
 716.50 1.7983e-07
 716.75 1.3564e-07
 717.00 1.4422e-07
 717.25 2.2508e-07
 717.50 2.4740e-07
 717.75 1.6341e-07
 718.00 1.1074e-07
 718.25 7.3601e-08
 718.50 5.8969e-08
 718.75 6.8993e-08
 719.00 1.0168e-07
 719.25 1.2017e-07
 719.50 1.7038e-07
 719.75 2.5964e-07
 720.00 2.1743e-07
 720.25 1.1535e-07
 720.50 9.0297e-08
 720.75 1.1007e-07
 721.00 1.1089e-07
 721.25 1.0456e-07
 721.50 1.0256e-07
 721.75 1.3690e-07
 722.00 2.3385e-07
 722.25 2.2128e-07
 722.50 1.1561e-07
 722.75 7.7532e-08
 723.00 6.8922e-08
 723.25 7.7291e-08
 723.50 1.0623e-07
 723.75 1.3877e-07
 724.00 1.3120e-07
 724.25 1.4343e-07
 724.50 1.6088e-07
 724.75 1.1698e-07
 725.00 8.7457e-08
 725.25 8.0801e-08
 725.50 7.7760e-08
 725.75 7.7412e-08
 726.00 9.0924e-08
 726.25 9.4470e-08
 726.50 1.0880e-07
 726.75 1.1711e-07
 727.00 9.8736e-08
 727.25 9.2780e-08
 727.50 9.9889e-08
 727.75 1.0127e-07
 728.00 1.5229e-07
 728.25 2.9105e-07
 728.50 3.5748e-07
 728.75 3.4748e-07
 729.00 4.9490e-07
 729.25 7.2520e-07
 729.50 7.5536e-07
 729.75 6.5230e-07
 730.00 5.5908e-07
 730.25 4.8124e-07
 730.50 4.0155e-07
 730.75 3.4542e-07
 731.00 3.6686e-07
 731.25 3.7904e-07
 731.50 3.4208e-07
 731.75 2.6615e-07
 732.00 1.8984e-07
 732.25 1.5304e-07
 732.50 1.5836e-07
 732.75 1.7629e-07
 733.00 1.5337e-07
 733.25 1.3648e-07
 733.50 1.6517e-07
 733.75 2.6436e-07
 734.00 2.5914e-07
 734.25 1.4645e-07
 734.50 1.1126e-07
 734.75 1.1582e-07
 735.00 1.3098e-07
 735.25 1.2435e-07
 735.50 1.2922e-07
 735.75 1.4638e-07
 736.00 1.9123e-07
 736.25 2.2884e-07
 736.50 1.5999e-07
 736.75 9.2993e-08
 737.00 8.3551e-08
 737.25 1.1081e-07
 737.50 1.3251e-07
 737.75 1.2494e-07
 738.00 1.2967e-07
 738.25 1.8460e-07
 738.50 2.8628e-07
 738.75 2.5100e-07
 739.00 1.4879e-07
 739.25 1.2536e-07
 739.50 1.2336e-07
 739.75 1.3080e-07
 740.00 1.0821e-07
 740.25 1.1656e-07
 740.50 1.7565e-07
 740.75 2.5761e-07
 741.00 2.5623e-07
 741.25 1.5283e-07
 741.50 9.9564e-08
 741.75 1.0492e-07
 742.00 1.2659e-07
 742.25 1.0993e-07
 742.50 8.7175e-08
 742.75 1.1558e-07
 743.00 2.1032e-07
 743.25 3.0339e-07
 743.50 2.4467e-07
 743.75 1.4287e-07
 744.00 1.1915e-07
 744.25 1.4547e-07
 744.50 1.4546e-07
 744.75 1.0531e-07
 745.00 1.0446e-07
 745.25 1.5347e-07
 745.50 2.3492e-07
 745.75 2.2085e-07
 746.00 1.3484e-07
 746.25 1.1364e-07
 746.50 1.3561e-07
 746.75 1.2740e-07
 747.00 1.1584e-07
 747.25 1.3626e-07
 747.50 1.7322e-07
 747.75 2.7003e-07
 748.00 3.3274e-07
 748.25 2.5791e-07
 748.50 1.7034e-07
 748.75 1.5158e-07
 749.00 1.4160e-07
 749.25 1.0829e-07
 749.50 9.7333e-08
 749.75 1.1648e-07
 750.00 1.6378e-07
 750.25 2.3966e-07
 750.50 2.1275e-07
 750.75 1.3640e-07
 751.00 1.2894e-07
 751.25 1.3380e-07
 751.50 1.0870e-07
 751.75 9.5565e-08
 752.00 1.0922e-07
 752.25 1.4905e-07
 752.50 2.4123e-07
 752.75 2.5607e-07
 753.00 1.6391e-07
 753.25 1.4191e-07
 753.50 1.4513e-07
 753.75 1.1128e-07
 754.00 9.5830e-08
 754.25 8.7251e-08
 754.50 1.0654e-07
 754.75 1.6524e-07
 755.00 2.1812e-07
 755.25 1.6733e-07
 755.50 1.2161e-07
 755.75 1.2137e-07
 756.00 1.2222e-07
 756.25 1.3466e-07
 756.50 1.1659e-07
 756.75 1.0898e-07
 757.00 1.4810e-07
 757.25 2.3523e-07
 757.50 2.3152e-07
 757.75 1.5293e-07
 758.00 1.3359e-07
 758.25 1.1332e-07
 758.50 9.2354e-08
 758.75 9.4217e-08
 759.00 9.8605e-08
 759.25 1.1449e-07
 759.50 1.5314e-07
 759.75 1.7817e-07
 760.00 1.3986e-07
 760.25 1.3045e-07
 760.50 1.1947e-07
 760.75 1.0227e-07
 761.00 9.5810e-08
 761.25 9.2738e-08
 761.50 9.9041e-08
 761.75 1.5106e-07
 762.00 2.2884e-07
 762.25 1.8950e-07
 762.50 1.3288e-07
 762.75 1.0358e-07
 763.00 9.2644e-08
 763.25 9.8463e-08
 763.50 1.1288e-07
 763.75 1.0296e-07
 764.00 1.0532e-07
 764.25 1.3065e-07
 764.50 1.5269e-07
 764.75 1.7795e-07
 765.00 4.2979e-07
 765.25 6.6635e-07
 765.50 3.9902e-07
 765.75 1.5205e-07
 766.00 1.2049e-07
 766.25 1.1957e-07
 766.50 1.5749e-07
 766.75 1.9139e-07
 767.00 1.7110e-07
 767.25 1.2296e-07
 767.50 1.0785e-07
 767.75 1.0206e-07
 768.00 1.0092e-07
 768.25 8.5798e-08
 768.50 8.3406e-08
 768.75 1.0919e-07
 769.00 1.4970e-07
 769.25 1.3650e-07
 769.50 1.0855e-07
 769.75 9.8669e-08
 770.00 9.9529e-08
 770.25 9.8627e-08
 770.50 9.7604e-08
 770.75 1.0550e-07
 771.00 1.1600e-07
 771.25 1.5431e-07
 771.50 1.5874e-07
 771.75 1.1958e-07
 772.00 9.5528e-08
 772.25 8.2100e-08
 772.50 8.4110e-08
 772.75 9.4776e-08
 773.00 9.3105e-08
 773.25 9.3579e-08
 773.50 1.0506e-07
 773.75 1.2832e-07
 774.00 1.1476e-07
 774.25 9.2441e-08
 774.50 8.8622e-08
 774.75 8.3206e-08
 775.00 8.5319e-08
 775.25 9.3697e-08
 775.50 8.9024e-08
 775.75 1.0191e-07
 776.00 1.4417e-07
 776.25 1.3780e-07
 776.50 1.0280e-07
 776.75 1.0074e-07
 777.00 1.0987e-07
 777.25 9.9007e-08
 777.50 8.8133e-08
 777.75 8.7922e-08
 778.00 9.3024e-08
 778.25 1.1386e-07
 778.50 1.2515e-07
 778.75 1.0061e-07
 779.00 9.4151e-08
 779.25 1.0537e-07
 779.50 1.1275e-07
 779.75 1.1024e-07
 780.00 9.7475e-08
 780.25 9.3049e-08
 780.50 1.0963e-07
 780.75 1.3536e-07
 781.00 1.1604e-07
 781.25 9.7332e-08
 781.50 9.7421e-08
 781.75 1.0295e-07
 782.00 1.1045e-07
 782.25 1.0314e-07
 782.50 9.6289e-08
 782.75 9.9791e-08
 783.00 1.1512e-07
 783.25 1.2038e-07
 783.50 1.1534e-07
 783.75 1.0669e-07
 784.00 9.5189e-08
 784.25 9.3952e-08
 784.50 1.0201e-07
 784.75 1.0648e-07
 785.00 1.1307e-07
 785.25 1.2669e-07
 785.50 1.2619e-07
 785.75 1.1415e-07
 786.00 1.0463e-07
 786.25 9.5110e-08
 786.50 1.0500e-07
 786.75 1.1195e-07
 787.00 1.0459e-07
 787.25 1.0815e-07
 787.50 1.1409e-07
 787.75 1.2152e-07
 788.00 1.1864e-07
 788.25 1.0755e-07
 788.50 9.7625e-08
 788.75 9.0550e-08
 789.00 1.1496e-07
 789.25 1.3350e-07
 789.50 1.1661e-07
 789.75 1.0619e-07
 790.00 1.0689e-07
 790.25 1.1027e-07
 790.50 1.0554e-07
 790.75 1.0804e-07
 791.00 1.1640e-07
 791.25 1.1917e-07
 791.50 1.2812e-07
 791.75 1.2472e-07
 792.00 1.1833e-07
 792.25 1.1809e-07
 792.50 1.0482e-07
 792.75 1.0344e-07
 793.00 1.0888e-07
 793.25 1.1271e-07
 793.50 1.2265e-07
 793.75 1.2019e-07
 794.00 1.3091e-07
 794.25 1.2994e-07
 794.50 1.1789e-07
 794.75 1.2008e-07
 795.00 1.0711e-07
 795.25 9.1673e-08
 795.50 1.0387e-07
 795.75 1.1643e-07
 796.00 1.1670e-07
 796.25 1.1848e-07
 796.50 1.2516e-07
 796.75 1.3791e-07
 797.00 1.4153e-07
 797.25 1.3409e-07
 797.50 1.0650e-07
 797.75 9.3393e-08
 798.00 1.0421e-07
 798.25 1.2512e-07
 798.50 1.5432e-07
 798.75 1.7500e-07
 799.00 1.8526e-07
 799.25 1.6450e-07
 799.50 1.2973e-07
 799.75 1.2780e-07
 800.00 1.1241e-07
 800.25 8.1329e-08
 800.50 9.3228e-08
 800.75 1.2085e-07
 801.00 1.5116e-07
 801.25 1.8836e-07
 801.50 1.9358e-07
 801.75 1.5104e-07
 802.00 1.2314e-07
 802.25 1.3166e-07
 802.50 1.4043e-07
 802.75 1.1464e-07
 803.00 8.9457e-08
 803.25 1.1263e-07
 803.50 1.4928e-07
 803.75 1.8575e-07
 804.00 2.0669e-07
 804.25 1.6232e-07
 804.50 1.1344e-07
 804.75 1.2871e-07
 805.00 1.4870e-07
 805.25 1.3785e-07
 805.50 1.1392e-07
 805.75 1.1471e-07
 806.00 1.4663e-07
 806.25 2.1342e-07
 806.50 2.6745e-07
 806.75 2.0787e-07
 807.00 9.5542e-08
 807.25 8.0718e-08
 807.50 1.3637e-07
 807.75 1.4325e-07
 808.00 1.0176e-07
 808.25 8.2030e-08
 808.50 9.8770e-08
 808.75 1.5703e-07
 809.00 2.4674e-07
 809.25 2.3796e-07
 809.50 1.2976e-07
 809.75 7.1358e-08
 810.00 8.9330e-08
 810.25 1.3769e-07
 810.50 1.4912e-07
 810.75 1.2215e-07
 811.00 1.1997e-07
 811.25 1.3713e-07
 811.50 2.1378e-07
 811.75 2.6452e-07
 812.00 1.6933e-07
 812.25 8.1262e-08
 812.50 6.5838e-08
 812.75 9.2069e-08
 813.00 1.5137e-07
 813.25 1.4734e-07
 813.50 1.3368e-07
 813.75 1.5376e-07
 814.00 2.0452e-07
 814.25 2.9095e-07
 814.50 2.5183e-07
 814.75 1.2852e-07
 815.00 7.9366e-08
 815.25 7.6634e-08
 815.50 1.0549e-07
 815.75 1.3588e-07
 816.00 1.3010e-07
 816.25 1.3844e-07
 816.50 1.6722e-07
 816.75 2.3834e-07
 817.00 2.7698e-07
 817.25 1.8174e-07
 817.50 8.1021e-08
 817.75 6.1631e-08
 818.00 8.0617e-08
 818.25 1.2376e-07
 818.50 1.4569e-07
 818.75 1.3221e-07
 819.00 1.3441e-07
 819.25 1.8462e-07
 819.50 2.6488e-07
 819.75 2.5101e-07
 820.00 1.4061e-07
 820.25 7.0676e-08
 820.50 6.2691e-08
 820.75 8.1267e-08
 821.00 1.2227e-07
 821.25 1.3432e-07
 821.50 1.1207e-07
 821.75 8.5426e-08
 822.00 1.6623e-07
 822.25 3.0440e-07
 822.50 2.4267e-07
 822.75 1.0686e-07
 823.00 6.6350e-08
 823.25 5.7327e-08
 823.50 9.1792e-08
 823.75 1.4457e-07
 824.00 1.5450e-07
 824.25 1.5435e-07
 824.50 1.8971e-07
 824.75 2.7911e-07
 825.00 2.7210e-07
 825.25 1.4674e-07
 825.50 7.7091e-08
 825.75 5.4802e-08
 826.00 6.5374e-08
 826.25 1.1637e-07
 826.50 1.3008e-07
 826.75 1.2033e-07
 827.00 1.3756e-07
 827.25 2.0703e-07
 827.50 2.7370e-07
 827.75 1.9786e-07
 828.00 8.2002e-08
 828.25 3.9574e-08
 828.50 4.8757e-08
 828.75 1.0625e-07
 829.00 1.3852e-07
 829.25 1.2067e-07
 829.50 1.2507e-07
 829.75 1.5781e-07
 830.00 2.4136e-07
 830.25 2.7776e-07
 830.50 1.6533e-07
 830.75 7.6346e-08
 831.00 5.3116e-08
 831.25 7.4712e-08
 831.50 1.2958e-07
 831.75 1.1743e-07
 832.00 9.5288e-08
 832.25 1.1169e-07
 832.50 1.6784e-07
 832.75 2.6630e-07
 833.00 2.2150e-07
 833.25 8.4367e-08
 833.50 4.2755e-08
 833.75 6.3641e-08
 834.00 1.2896e-07
 834.25 1.4889e-07
 834.50 8.5941e-08
 834.75 6.7847e-08
 835.00 1.0150e-07
 835.25 1.7691e-07
 835.50 2.5424e-07
 835.75 2.1043e-07
 836.00 1.1489e-07
 836.25 7.0306e-08
 836.50 8.1961e-08
 836.75 1.2012e-07
 837.00 1.4761e-07
 837.25 1.3223e-07
 837.50 1.2000e-07
 837.75 1.7047e-07
 838.00 2.4688e-07
 838.25 2.6754e-07
 838.50 1.7859e-07
 838.75 7.0120e-08
 839.00 5.3667e-08
 839.25 1.0418e-07
 839.50 1.3407e-07
 839.75 1.0958e-07
 840.00 7.1078e-08
 840.25 1.0218e-07
 840.50 1.6516e-07
 840.75 2.0019e-07
 841.00 1.8544e-07
 841.25 1.1991e-07
 841.50 8.6488e-08
 841.75 1.0795e-07
 842.00 1.3987e-07
 842.25 1.0182e-07
 842.50 4.4568e-08
 842.75 6.4974e-08
 843.00 1.1451e-07
 843.25 1.5867e-07
 843.50 1.7266e-07
 843.75 1.4898e-07
 844.00 1.1175e-07
 844.25 9.2879e-08
 844.50 1.1247e-07
 844.75 1.2986e-07
 845.00 1.1114e-07
 845.25 8.5590e-08
 845.50 9.2191e-08
 845.75 1.2009e-07
 846.00 1.4717e-07
 846.25 1.4014e-07
 846.50 1.2383e-07
 846.75 1.1541e-07
 847.00 1.0293e-07
 847.25 1.0666e-07
 847.50 1.0328e-07
 847.75 9.0033e-08
 848.00 8.9551e-08
 848.25 1.1242e-07
 848.50 1.4167e-07
 848.75 1.4616e-07
 849.00 1.2951e-07
 849.25 1.0568e-07
 849.50 9.3856e-08
 849.75 1.0888e-07
 850.00 1.2116e-07
 850.25 1.1641e-07
 850.50 1.0129e-07
 850.75 9.1952e-08
 851.00 1.0880e-07
 851.25 1.2486e-07
 851.50 1.2059e-07
 851.75 1.1295e-07
 852.00 1.0798e-07
 852.25 1.0986e-07
 852.50 1.1459e-07
 852.75 1.1296e-07
 853.00 1.0554e-07
 853.25 8.4746e-08
 853.50 8.0435e-08
 853.75 9.9965e-08
 854.00 1.1038e-07
 854.25 1.0009e-07
 854.50 8.6229e-08
 854.75 9.6616e-08
 855.00 1.1331e-07
 855.25 1.0794e-07
 855.50 9.3631e-08
 855.75 8.6539e-08
 856.00 8.4274e-08
 856.25 9.1441e-08
 856.50 9.8360e-08
 856.75 9.4334e-08
 857.00 9.1804e-08
 857.25 9.4194e-08
 857.50 9.4641e-08
 857.75 9.6111e-08
 858.00 9.6370e-08
 858.25 8.8396e-08
 858.50 7.4917e-08
 858.75 6.9319e-08
 859.00 7.5845e-08
 859.25 7.1722e-08
 859.50 7.0353e-08
 859.75 7.7631e-08
 860.00 7.5448e-08
 860.25 6.8012e-08
 860.50 8.6019e-08
 860.75 1.1066e-07
 861.00 9.0062e-08
 861.25 8.0346e-08
 861.50 8.2998e-08
 861.75 7.7752e-08
 862.00 8.2440e-08
 862.25 8.6900e-08
 862.50 8.5214e-08
 862.75 7.4898e-08
 863.00 7.4058e-08
 863.25 7.8530e-08
 863.50 7.8313e-08
 863.75 7.8322e-08
 864.00 8.2091e-08
 864.25 7.3619e-08
 864.50 6.5784e-08
 864.75 6.7902e-08
 865.00 8.1315e-08
 865.25 9.0301e-08
 865.50 7.7764e-08
 865.75 6.6221e-08
 866.00 6.0729e-08
 866.25 6.8384e-08
 866.50 7.6325e-08
 866.75 7.5181e-08
 867.00 7.1756e-08
 867.25 6.8686e-08
 867.50 6.8383e-08
 867.75 6.9075e-08
 868.00 6.8034e-08
 868.25 6.4508e-08
 868.50 5.8810e-08
 868.75 5.4141e-08
 869.00 5.5414e-08
 869.25 6.4766e-08
 869.50 6.7536e-08
 869.75 6.1149e-08
 870.00 6.3568e-08
 870.25 6.5738e-08
 870.50 6.1258e-08
 870.75 5.9807e-08
 871.00 6.0895e-08
 871.25 5.6812e-08
 871.50 5.3612e-08
 871.75 6.0934e-08
 872.00 6.7727e-08
 872.25 6.8281e-08
 872.50 6.1525e-08
 872.75 4.4873e-08
 873.00 4.3482e-08
 873.25 5.7534e-08
 873.50 6.2403e-08
 873.75 5.7935e-08
 874.00 5.6384e-08
 874.25 5.4758e-08
 874.50 4.7748e-08
 874.75 4.7157e-08
 875.00 5.1662e-08
 875.25 5.6064e-08
 875.50 5.7022e-08
 875.75 5.2861e-08
 876.00 5.0805e-08
 876.25 5.0964e-08
 876.50 5.6217e-08
 876.75 5.8216e-08
 877.00 5.5716e-08
 877.25 5.7296e-08
 877.50 5.5993e-08
 877.75 5.5547e-08
 878.00 5.5163e-08
 878.25 5.5123e-08
 878.50 5.2779e-08
 878.75 3.7464e-08
 879.00 1.0155e-08
 879.25 1.6468e-08
 879.50 5.6371e-08
 879.75 6.7838e-08
 880.00 5.7636e-08
 880.25 5.3557e-08
 880.50 5.8468e-08
 880.75 6.2221e-08
 881.00 5.4763e-08
 881.25 4.8637e-08
 881.50 4.8375e-08
 881.75 4.8069e-08
 882.00 4.8622e-08
 882.25 5.7944e-08
 882.50 6.3484e-08
 882.75 4.8423e-08
 883.00 4.8136e-08
 883.25 5.2566e-08
 883.50 4.1547e-08
 883.75 3.5552e-08
 884.00 4.0543e-08
 884.25 4.4058e-08
 884.50 6.0540e-08
 884.75 8.1827e-08
 885.00 6.6641e-08
 885.25 5.0357e-08
 885.50 4.2190e-08
 885.75 3.9323e-08
 886.00 4.0779e-08
 886.25 4.3730e-08
 886.50 4.4841e-08
 886.75 3.5833e-08
 887.00 3.8917e-08
 887.25 4.4917e-08
 887.50 4.2588e-08
 887.75 4.1925e-08
 888.00 4.3900e-08
 888.25 4.5266e-08
 888.50 4.8213e-08
 888.75 4.7143e-08
 889.00 4.1510e-08
 889.25 3.8241e-08
 889.50 3.6399e-08
 889.75 3.5656e-08
 890.00 3.8627e-08
 890.25 4.3044e-08
 890.50 4.9964e-08
 890.75 4.8037e-08
 891.00 3.9436e-08
 891.25 3.8166e-08
 891.50 3.3050e-08
 891.75 2.9315e-08
 892.00 3.3516e-08
 892.25 3.4241e-08
 892.50 3.8700e-08
 892.75 3.9275e-08
 893.00 3.3999e-08
 893.25 3.4662e-08
 893.50 3.7657e-08
 893.75 3.9284e-08
 894.00 3.5161e-08
 894.25 4.1666e-08
 894.50 4.4983e-08
 894.75 3.9054e-08
 895.00 3.9937e-08
 895.25 4.1456e-08
 895.50 4.0103e-08
 895.75 3.6515e-08
 896.00 3.2612e-08
 896.25 3.3110e-08
 896.50 4.2710e-08
 896.75 3.8434e-08
 897.00 3.3149e-08
 897.25 4.1299e-08
 897.50 4.1457e-08
 897.75 3.4259e-08
 898.00 2.5989e-08
 898.25 2.9080e-08
 898.50 3.1070e-08
 898.75 3.2407e-08
 899.00 4.0579e-08
 899.25 4.7523e-08
 899.50 4.1243e-08
 899.75 2.5869e-08
 900.00 2.7052e-08
 900.25 3.8524e-08
 900.50 4.7291e-08
 900.75 3.5758e-08
 901.00 2.5160e-08
 901.25 2.3671e-08
 901.50 2.1296e-08
 901.75 2.6501e-08
 902.00 3.5244e-08
 902.25 3.7853e-08
 902.50 3.9061e-08
 902.75 4.7065e-08
 903.00 4.8035e-08
 903.25 4.0864e-08
 903.50 2.7657e-08
 903.75 2.6739e-08
 904.00 4.0615e-08
 904.25 4.3843e-08
 904.50 4.3626e-08
 904.75 4.6602e-08
 905.00 3.3934e-08
 905.25 2.8237e-08
 905.50 3.1506e-08
 905.75 3.9228e-08
 906.00 3.7386e-08
 906.25 2.7944e-08
 906.50 3.8121e-08
 906.75 4.6639e-08
 907.00 5.1800e-08
 907.25 5.5819e-08
 907.50 5.6700e-08
 907.75 4.9572e-08
 908.00 4.8489e-08
 908.25 4.9365e-08
 908.50 5.4593e-08
 908.75 6.3945e-08
 909.00 6.2834e-08
 909.25 5.5069e-08
 909.50 5.2261e-08
 909.75 4.5824e-08
 910.00 3.2798e-08
 910.25 4.2393e-08
 910.50 5.1671e-08
 910.75 5.0117e-08
 911.00 3.9439e-08
 911.25 3.2966e-08
 911.50 4.5488e-08
 911.75 4.9046e-08
 912.00 4.5148e-08
 912.25 4.9750e-08
 912.50 5.1249e-08
 912.75 4.9874e-08
 913.00 4.4734e-08
 913.25 4.9188e-08
 913.50 5.6788e-08
 913.75 5.2497e-08
 914.00 4.8130e-08
 914.25 4.2049e-08
 914.50 4.3150e-08
 914.75 4.7107e-08
 915.00 4.7086e-08
 915.25 5.4710e-08
 915.50 6.8564e-08
 915.75 5.9842e-08
 916.00 4.5453e-08
 916.25 3.8783e-08
 916.50 2.7249e-08
 916.75 2.6314e-08
 917.00 2.9496e-08
 917.25 2.9102e-08
 917.50 3.6770e-08
 917.75 3.8966e-08
 918.00 2.7846e-08
 918.25 2.6330e-08
 918.50 3.6879e-08
 918.75 4.3169e-08
 919.00 3.8746e-08
 919.25 3.5563e-08
 919.50 4.1338e-08
 919.75 4.3729e-08
 920.00 3.3838e-08
 920.25 3.1030e-08
 920.50 3.4609e-08
 920.75 4.1373e-08
 921.00 4.7774e-08
 921.25 4.5755e-08
 921.50 4.7695e-08
 921.75 4.9027e-08
 922.00 4.9929e-08
 922.25 6.2924e-08
 922.50 7.4008e-08
 922.75 6.3312e-08
 923.00 4.6907e-08
 923.25 3.6245e-08
 923.50 3.2557e-08
 923.75 3.4571e-08
 924.00 3.5960e-08
 924.25 3.1307e-08
 924.50 3.3668e-08
 924.75 4.2812e-08
 925.00 4.7360e-08
 925.25 4.8128e-08
 925.50 4.4638e-08
 925.75 4.5294e-08
 926.00 4.1103e-08
 926.25 3.3833e-08
 926.50 3.2771e-08
 926.75 4.0740e-08
 927.00 3.8801e-08
 927.25 2.6505e-08
 927.50 2.0947e-08
 927.75 2.3067e-08
 928.00 3.5805e-08
 928.25 4.3957e-08
 928.50 3.8645e-08
 928.75 3.8186e-08
 929.00 5.0113e-08
 929.25 4.7520e-08
 929.50 4.3166e-08
 929.75 4.3690e-08
 930.00 4.2357e-08
 930.25 4.4595e-08
 930.50 4.3871e-08
 930.75 4.4502e-08
 931.00 3.6009e-08
 931.25 2.8525e-08
 931.50 3.3151e-08
 931.75 3.9149e-08
 932.00 3.4520e-08
 932.25 2.4947e-08
 932.50 4.8982e-08
 932.75 6.6776e-08
 933.00 4.6287e-08
 933.25 3.9065e-08
 933.50 3.6025e-08
 933.75 2.9565e-08
 934.00 2.8605e-08
 934.25 2.8433e-08
 934.50 3.1677e-08
 934.75 3.8291e-08
 935.00 3.8081e-08
 935.25 3.7103e-08
 935.50 4.8796e-08
 935.75 4.4508e-08
 936.00 2.9449e-08
 936.25 2.5236e-08
 936.50 2.3335e-08
 936.75 2.8611e-08
 937.00 3.8021e-08
 937.25 3.8832e-08
 937.50 3.8898e-08
 937.75 3.3812e-08
 938.00 3.8135e-08
 938.25 4.6639e-08
 938.50 3.9633e-08
 938.75 3.5115e-08
 939.00 3.7759e-08
 939.25 3.4508e-08
 939.50 3.1130e-08
 939.75 3.5056e-08
 940.00 3.7215e-08
 940.25 3.9383e-08
 940.50 3.5751e-08
 940.75 2.9895e-08
 941.00 3.1806e-08
 941.25 3.5036e-08
 941.50 2.5604e-08
 941.75 2.4336e-08
 942.00 3.1405e-08
 942.25 3.7436e-08
 942.50 4.4578e-08
 942.75 3.9941e-08
 943.00 3.3483e-08
 943.25 3.5958e-08
 943.50 3.2767e-08
 943.75 1.5928e-08
 944.00 1.6100e-08
 944.25 3.9418e-08
 944.50 6.1561e-08
 944.75 5.9430e-08
 945.00 4.3475e-08
 945.25 3.5922e-08
 945.50 3.7300e-08
 945.75 3.2705e-08
 946.00 3.1956e-08
 946.25 3.8110e-08
 946.50 4.3087e-08
 946.75 4.3237e-08
 947.00 3.5855e-08
 947.25 3.8818e-08
 947.50 4.4751e-08
 947.75 3.7664e-08
 948.00 2.8157e-08
 948.25 3.8611e-08
 948.50 5.1814e-08
 948.75 4.7568e-08
 949.00 3.4378e-08
 949.25 4.7897e-08
 949.50 6.4902e-08
 949.75 5.5961e-08
 950.00 4.7517e-08
 950.25 4.0832e-08
 950.50 3.4192e-08
 950.75 2.9360e-08
 951.00 2.7776e-08
 951.25 3.8298e-08
 951.50 5.0500e-08
 951.75 4.0734e-08
 952.00 3.2234e-08
 952.25 3.5268e-08
 952.50 3.7828e-08
 952.75 3.7833e-08
 953.00 3.7584e-08
 953.25 3.1816e-08
 953.50 2.7632e-08
 953.75 3.0363e-08
 954.00 2.9495e-08
 954.25 3.4730e-08
 954.50 4.5786e-08
 954.75 5.6131e-08
 955.00 4.8194e-08
 955.25 2.1549e-08
 955.50 1.9840e-08
 955.75 4.0005e-08
 956.00 4.4749e-08
 956.25 3.7134e-08
 956.50 2.1891e-08
 956.75 1.6201e-08
 957.00 2.2001e-08
 957.25 2.2634e-08
 957.50 1.8364e-08
 957.75 1.1254e-08
 958.00 1.9631e-08
 958.25 3.6017e-08
 958.50 3.6631e-08
 958.75 3.2761e-08
 959.00 2.9843e-08
 959.25 3.0845e-08
 959.50 3.1590e-08
 959.75 3.4523e-08
 960.00 4.0573e-08
 960.25 3.9415e-08
 960.50 3.6181e-08
 960.75 3.1229e-08
 961.00 2.4090e-08
 961.25 1.3005e-08
 961.50 1.0157e-08
 961.75 1.1169e-08
 962.00 3.0448e-08
 962.25 4.2100e-08
 962.50 2.4738e-08
 962.75 2.0236e-08
 963.00 2.8427e-08
 963.25 3.6834e-08
 963.50 4.1503e-08
 963.75 3.6695e-08
 964.00 2.0766e-08
 964.25 1.2726e-08
 964.50 1.3942e-08
 964.75 1.4931e-08
 965.00 1.8183e-08
 965.25 2.9629e-08
 965.50 3.3462e-08
 965.75 2.1782e-08
 966.00 1.2989e-08
 966.25 2.4564e-08
 966.50 3.6110e-08
 966.75 3.0066e-08
 967.00 2.5507e-08
 967.25 2.2306e-08
 967.50 1.6329e-08
 967.75 1.8992e-08
 968.00 3.8499e-08
 968.25 5.0090e-08
 968.50 4.4186e-08
 968.75 3.9465e-08
 969.00 3.5872e-08
 969.25 2.5670e-08
 969.50 2.6940e-08
 969.75 3.8945e-08
 970.00 4.9138e-08
 970.25 4.1484e-08
 970.50 3.0447e-08
 970.75 3.0639e-08
 971.00 2.6477e-08
 971.25 2.6835e-08
 971.50 1.8199e-08
 971.75 9.0966e-09
 972.00 1.7497e-08
 972.25 2.0905e-08
 972.50 2.4352e-08
 972.75 3.3846e-08
 973.00 3.0167e-08
 973.25 4.2536e-08
 973.50 5.4553e-08
 973.75 4.5805e-08
 974.00 3.5808e-08
 974.25 2.1800e-08
 974.50 2.0206e-08
 974.75 1.9517e-08
 975.00 1.0957e-08
 975.25 2.0587e-08
 975.50 3.6115e-08
 975.75 3.0891e-08
 976.00 2.2779e-08
 976.25 2.1674e-08
 976.50 2.1003e-08
 976.75 1.6768e-08
 977.00 1.7490e-08
 977.25 2.7618e-08
 977.50 2.5765e-08
 977.75 1.7304e-08
 978.00 2.0561e-08
 978.25 3.4050e-08
 978.50 5.3781e-08
 978.75 5.5945e-08
 979.00 3.4948e-08
 979.25 2.5451e-08
 979.50 4.0942e-08
 979.75 3.6633e-08
 980.00 1.6010e-08
 980.25 7.0375e-09
 980.50 -3.9496e-09
 980.75 9.0055e-09
 981.00 2.3846e-08
 981.25 1.9293e-08
 981.50 1.9908e-08
 981.75 2.7143e-08
 982.00 2.9009e-08
 982.25 3.1033e-08
 982.50 3.4306e-08
 982.75 2.6960e-08
 983.00 1.8526e-08
 983.25 1.3583e-08
 983.50 2.0902e-08
 983.75 2.5521e-08
 984.00 1.4493e-08
 984.25 7.9662e-09
 984.50 1.4620e-08
 984.75 2.1636e-08
 985.00 2.2482e-08
 985.25 2.0857e-08
 985.50 1.5143e-08
 985.75 9.3081e-09
 986.00 1.1450e-08
 986.25 2.2723e-08
 986.50 3.1401e-08
 986.75 2.7053e-08
 987.00 2.0155e-08
 987.25 2.0037e-08
 987.50 1.7719e-08
 987.75 1.8980e-08
 988.00 2.7122e-08
 988.25 2.9204e-08
 988.50 2.6222e-08
 988.75 1.3678e-08
 989.00 -4.1070e-10
 989.25 1.4488e-09
 989.50 1.3171e-08
 989.75 1.8208e-08
 990.00 1.7560e-08
 990.25 2.0377e-08
 990.50 2.3682e-08
 990.75 2.3580e-08
 991.00 1.4997e-08
 991.25 1.5084e-08
 991.50 1.8362e-08
 991.75 1.0462e-08
 992.00 1.4858e-08
 992.25 3.4330e-08
 992.50 4.1115e-08
 992.75 3.0602e-08
 993.00 2.2076e-08
 993.25 2.5242e-08
 993.50 2.3972e-08
 993.75 1.4794e-08
 994.00 2.2564e-08
 994.25 2.6540e-08
 994.50 1.6243e-08
 994.75 9.3919e-09
 995.00 1.4052e-08
 995.25 1.9626e-08
 995.50 1.2180e-08
 995.75 7.8911e-09
 996.00 9.5972e-09
 996.25 1.6429e-08
 996.50 2.2503e-08
 996.75 3.1537e-08
 997.00 3.6232e-08
 997.25 3.2544e-08
 997.50 3.5128e-08
 997.75 2.4839e-08
 998.00 9.5536e-09
 998.25 8.6260e-09
 998.50 1.6492e-08
 998.75 1.9823e-08
 999.00 1.9452e-08
 999.25 1.5683e-08
 999.50 4.6099e-09
 999.75 1.1612e-09
1000.00 1.2897e-08
1000.25 2.0619e-08
1000.50 2.0539e-08
1000.75 2.1271e-08
1001.00 1.8799e-08
1001.25 2.1543e-08
1001.50 2.2597e-08
1001.75 1.1198e-08
1002.00 5.4390e-09
1002.25 1.9455e-08
1002.50 1.8797e-08
1002.75 1.1850e-08
1003.00 7.8016e-09
1003.25 1.4431e-08
1003.50 3.0298e-08
1003.75 2.5154e-08
1004.00 1.3268e-08
1004.25 -4.4202e-09
1004.50 -1.6434e-09
1004.75 1.3656e-08
1005.00 1.7627e-08
1005.25 1.0299e-08
1005.50 6.1912e-09
1005.75 1.2080e-08
1006.00 1.5513e-08
1006.25 2.2468e-08
1006.50 2.5807e-08
1006.75 1.4379e-08
1007.00 8.4740e-09
1007.25 2.2971e-08
1007.50 2.2070e-08
1007.75 1.2493e-08
1008.00 1.3546e-08
1008.25 1.0465e-08
1008.50 1.4812e-08
1008.75 2.3006e-08
1009.00 1.9885e-08
1009.25 1.0686e-08
1009.50 2.6290e-09
1009.75 7.7791e-10
1010.00 1.5449e-09
1010.25 1.6900e-08
1010.50 1.5589e-08
1010.75 -7.0555e-09
1011.00 -1.1590e-09
1011.25 1.9810e-08
1011.50 2.4367e-08
1011.75 3.0222e-08
1012.00 3.7007e-08
1012.25 2.7355e-08
1012.50 1.2780e-08
1012.75 8.2017e-09
1013.00 1.7904e-08
1013.25 1.8046e-08
1013.50 1.5687e-08
1013.75 1.5943e-08
1014.00 2.0615e-08
1014.25 2.1858e-08
1014.50 2.6778e-08
1014.75 3.0487e-08
1015.00 1.9423e-08
1015.25 8.3749e-09
1015.50 4.4083e-09
1015.75 1.7095e-08
1016.00 2.1237e-08
1016.25 1.8017e-08
1016.50 1.0970e-08
1016.75 5.4821e-09
1017.00 1.1755e-08
1017.25 1.2183e-08
1017.50 1.3998e-08
1017.75 3.0359e-08
1018.00 2.9923e-08
1018.25 1.5785e-08
1018.50 1.3811e-08
1018.75 1.7522e-08
1019.00 2.1772e-08
1019.25 1.9259e-08
1019.50 1.0148e-08
1019.75 5.4196e-09
1020.00 9.5978e-09
1020.25 1.4796e-08
1020.50 2.5659e-08
1020.75 3.8038e-08
1021.00 2.5145e-08
1021.25 5.8972e-09
1021.50 -3.5255e-09
1021.75 -9.7037e-09
1022.00 -5.0162e-10
1022.25 5.3563e-09
1022.50 1.5896e-08
1022.75 1.8317e-08
1023.00 9.3503e-09
1023.25 6.5083e-09
1023.50 1.3346e-08
1023.75 2.2875e-08
1024.00 1.9411e-08
1024.25 1.3910e-08
1024.50 8.5119e-10
1024.75 2.3509e-09
1025.00 2.6142e-08
1025.25 4.2480e-08
1025.50 3.1396e-08
1025.75 1.5496e-08
1026.00 5.8984e-09
1026.25 -2.9312e-10
1026.50 3.7459e-09
1026.75 8.3266e-09
1027.00 9.7695e-09
1027.25 1.6297e-08
1027.50 1.9773e-08
1027.75 1.5030e-08
1028.00 1.9101e-08
1028.25 2.3044e-08
1028.50 3.9396e-09
1028.75 -1.3089e-08
1029.00 -1.3200e-08
1029.25 -8.2689e-09
1029.50 8.4004e-09
1029.75 1.7612e-08
1030.00 9.3141e-09
1030.25 8.3867e-10
1030.50 1.2157e-08
1030.75 1.5834e-08
1031.00 2.5883e-08
1031.25 3.2718e-08
1031.50 1.6865e-08
1031.75 1.5036e-09
1032.00 -6.2973e-10
1032.25 5.1004e-09
1032.50 7.4530e-10
1032.75 1.2110e-08
1033.00 3.1250e-08
1033.25 3.9488e-08
1033.50 -3.5631e-08
1033.75 -7.7527e-08
1034.00 -1.7195e-08
1034.25 1.8653e-10
1034.50 -4.7848e-09
1034.75 4.0409e-09
1035.00 1.4586e-08
1035.25 8.5541e-09
1035.50 6.7369e-09
1035.75 1.7724e-08
1036.00 1.7775e-08
1036.25 1.1310e-08
1036.50 6.6927e-09
1036.75 1.3336e-08
1037.00 2.5144e-08
1037.25 3.0891e-08
1037.50 3.1039e-08
1037.75 2.8527e-08
1038.00 2.7360e-08
1038.25 2.8341e-08
1038.50 2.3077e-08
1038.75 2.0578e-08
1039.00 8.8940e-09
1039.25 -1.1783e-09
1039.50 -4.0099e-10
1039.75 -1.3950e-08
1040.00 -3.3613e-09
1040.25 1.8821e-08
1040.50 2.0475e-08
1040.75 1.9004e-08
1041.00 1.5551e-08
1041.25 1.8817e-08
1041.50 1.5559e-08
1041.75 9.5336e-09
1042.00 3.0136e-09
1042.25 -2.0935e-10
1042.50 1.6698e-08
1042.75 2.2688e-08
1043.00 1.4149e-08
1043.25 1.8388e-08
1043.50 1.7693e-08
1043.75 1.1634e-08
1044.00 2.0785e-08
1044.25 2.6269e-08
1044.50 1.8954e-08
1044.75 1.8509e-08
1045.00 2.8627e-08
1045.25 2.6176e-08
1045.50 1.5176e-08
1045.75 1.3827e-08
1046.00 1.5941e-08
1046.25 1.1356e-08
1046.50 9.3135e-09
1046.75 1.3820e-08
1047.00 2.0015e-08
1047.25 2.8417e-08
1047.50 2.4415e-08
1047.75 1.8811e-08
1048.00 1.7255e-08
1048.25 9.5084e-09
1048.50 1.6227e-08
1048.75 3.1476e-08
1049.00 3.1254e-08
1049.25 2.0183e-08
1049.50 1.6620e-08
1049.75 1.4246e-08
1050.00 6.3370e-09
1050.25 4.3913e-09
1050.50 5.9809e-09
1050.75 1.9783e-09
1051.00 -6.5729e-09
1051.25 -1.4565e-10
1051.50 6.6601e-09
1051.75 -6.9316e-09
1052.00 -1.1209e-08
1052.25 1.2717e-08
1052.50 3.0232e-08
1052.75 2.0289e-08
1053.00 9.5742e-09
1053.25 9.5355e-09
1053.50 1.8333e-08
1053.75 3.1876e-08
1054.00 2.1097e-08
1054.25 6.6853e-09
1054.50 1.0328e-08
1054.75 1.4820e-08
1055.00 2.4147e-08
1055.25 2.0808e-08
1055.50 1.0434e-08
1055.75 9.8168e-09
1056.00 2.0025e-08
1056.25 2.4696e-08
1056.50 1.8080e-08
1056.75 8.0184e-09
1057.00 -3.8531e-09
1057.25 -1.6536e-09
1057.50 6.3276e-10
1057.75 1.2945e-09
1058.00 1.9436e-08
1058.25 3.5703e-08
1058.50 3.1701e-08
1058.75 1.5867e-08
1059.00 3.3953e-09
1059.25 6.1279e-09
1059.50 9.1831e-09
1059.75 1.4754e-08
1060.00 1.6581e-08
1060.25 9.5844e-09
1060.50 3.3103e-09
1060.75 -4.7707e-09
1061.00 -6.6507e-09
1061.25 -1.9375e-09
1061.50 1.4405e-09
1061.75 8.1519e-09
1062.00 2.1256e-08
1062.25 1.7376e-08
1062.50 9.8748e-09
1062.75 1.8882e-08
1063.00 2.8021e-08
1063.25 3.0515e-08
1063.50 3.4318e-08
1063.75 3.7596e-08
1064.00 2.8070e-08
1064.25 1.1318e-08
1064.50 5.3906e-09
1064.75 4.9862e-10
1065.00 -3.5238e-09
1065.25 5.0717e-09
1065.50 1.8081e-08
1065.75 2.4173e-08
1066.00 1.7511e-08
1066.25 7.8052e-09
1066.50 2.5243e-09
1066.75 8.4320e-09
1067.00 1.9455e-08
1067.25 3.1545e-08
1067.50 3.5493e-08
1067.75 2.5001e-08
1068.00 9.1790e-09
1068.25 -1.0698e-08
1068.50 -7.1514e-09
1068.75 1.2809e-08
1069.00 4.4980e-09
1069.25 -2.8364e-09
1069.50 9.1317e-09
1069.75 1.5477e-08
1070.00 1.2726e-08
1070.25 -3.1284e-08
1070.50 -7.6201e-08
1070.75 -4.6749e-08
1071.00 -7.0758e-09
1071.25 8.0620e-10
1071.50 5.7727e-09
1071.75 1.6901e-08
1072.00 3.0787e-08
1072.25 3.2070e-08
1072.50 1.8312e-08
1072.75 -9.0768e-10
1073.00 -1.3225e-08
1073.25 -1.4661e-08
1073.50 -7.0286e-09
1073.75 5.1714e-09
1074.00 1.6585e-08
1074.25 9.9562e-09
1074.50 1.8463e-08
1074.75 3.0837e-08
1075.00 1.2004e-08
1075.25 7.4955e-10
1075.50 1.8602e-08
1075.75 2.9003e-08
1076.00 6.5153e-09
1076.25 2.6620e-09
1076.50 1.0928e-08
1076.75 1.6104e-08
1077.00 1.2289e-08
1077.25 -2.7354e-10
1077.50 -4.7755e-09
1077.75 1.7480e-08
1078.00 3.7081e-08
1078.25 2.2746e-08
1078.50 1.1548e-08
1078.75 1.1181e-08
1079.00 1.0658e-08
1079.25 -5.0491e-10
1079.50 5.4881e-09
1079.75 1.8836e-08
1080.00 1.8427e-08
1080.25 1.1282e-08
1080.50 1.4487e-08
1080.75 1.1269e-08
1081.00 -1.8179e-09
1081.25 -2.8091e-09
1081.50 -1.7610e-09
1081.75 6.6603e-09
1082.00 1.5911e-08
1082.25 1.5868e-08
1082.50 1.3284e-08
1082.75 1.1308e-08
1083.00 7.9308e-09
1083.25 2.3742e-08
1083.50 3.7614e-08
1083.75 2.8725e-08
1084.00 1.7187e-08
1084.25 2.5863e-08
1084.50 2.1471e-08
1084.75 2.5278e-09
1085.00 -2.9239e-09
1085.25 7.1246e-09
1085.50 2.7113e-08
1085.75 2.0463e-08
1086.00 1.6964e-08
1086.25 2.1320e-08
1086.50 1.3765e-08
1086.75 2.1619e-09
1087.00 3.7861e-09
1087.25 1.4547e-08
1087.50 2.2594e-08
1087.75 3.1461e-08
1088.00 2.7595e-08
1088.25 2.2377e-08
1088.50 2.2602e-08
1088.75 1.3827e-08
1089.00 1.1203e-08
1089.25 1.4731e-08
1089.50 9.9018e-09
1089.75 4.7868e-09
1090.00 -7.4697e-09
1090.25 -3.9743e-09
1090.50 1.5480e-08
1090.75 1.1798e-08
1091.00 -2.4356e-09
1091.25 5.9496e-09
1091.50 6.3354e-09
1091.75 -7.9518e-09
1092.00 -1.0049e-08
1092.25 1.7523e-09
1092.50 1.0191e-08
1092.75 1.7653e-09
1093.00 -2.9624e-09
1093.25 4.6658e-09
1093.50 2.1929e-08
1093.75 1.9361e-08
1094.00 4.4811e-09
1094.25 -5.5424e-10
1094.50 1.6653e-08
1094.75 2.5071e-08
1095.00 8.4739e-09
1095.25 3.6992e-09
1095.50 2.3380e-09
1095.75 5.6730e-09
1096.00 1.2830e-08
1096.25 1.3481e-08
1096.50 5.6200e-09
1096.75 4.1762e-09
1097.00 1.2013e-08
1097.25 2.0404e-08
1097.50 2.0816e-08
1097.75 2.0060e-08
1098.00 7.9527e-09
1098.25 -1.6522e-08
1098.50 -5.5120e-09
1098.75 3.1473e-08
1099.00 3.2449e-08
1099.25 -1.4085e-09
1099.50 -2.3607e-08
1099.75 -2.0898e-08
1100.00 5.2350e-09
1100.25 1.8096e-08
1100.50 1.4490e-08
1100.75 2.6791e-08
1101.00 3.6800e-08
1101.25 1.9234e-08
1101.50 -2.9229e-10
1101.75 -3.9627e-09
1102.00 3.3137e-09
1102.25 2.2602e-08
1102.50 3.0705e-08
1102.75 1.9349e-08
1103.00 6.3421e-09
1103.25 2.8477e-09
1103.50 5.5039e-09
1103.75 1.0016e-08
1104.00 1.8706e-08
1104.25 2.3829e-08
1104.50 2.2607e-08
1104.75 1.8538e-08
1105.00 7.5352e-09
1105.25 2.1223e-09
1105.50 5.5576e-09
1105.75 1.5881e-08
1106.00 2.2568e-08
1106.25 1.8663e-08
1106.50 1.4642e-08
1106.75 1.1412e-08
1107.00 8.0393e-09
1107.25 1.0085e-08
1107.50 1.6366e-08
1107.75 1.0677e-08
1108.00 6.9448e-09
1108.25 1.3937e-08
1108.50 2.1793e-08
1108.75 2.9932e-08
1109.00 2.1662e-08
1109.25 6.2129e-09
1109.50 6.8372e-09
1109.75 6.5124e-09
1110.00 1.4581e-08
1110.25 2.4759e-08
1110.50 1.8663e-08
1110.75 2.3982e-08
1111.00 2.4195e-08
1111.25 1.7573e-08
1111.50 -5.1341e-09
1111.75 -4.2968e-08
1112.00 -3.0060e-08
1112.25 6.0821e-09
1112.50 1.3721e-08
1112.75 4.4375e-09
1113.00 5.9870e-09
1113.25 1.2090e-08
1113.50 1.4251e-08
1113.75 1.6412e-08
1114.00 1.9772e-08
1114.25 1.7644e-08
1114.50 7.8639e-09
1114.75 1.3639e-08
1115.00 1.4000e-08
1115.25 9.4845e-09
1115.50 4.9440e-09
1115.75 6.4944e-09
1116.00 2.1654e-08
1116.25 3.0168e-08
1116.50 1.3400e-08
1116.75 4.3753e-09
1117.00 2.5500e-09
1117.25 -1.6912e-09
1117.50 1.0557e-08
1117.75 1.7772e-08
1118.00 4.3764e-08
1118.25 3.6493e-08
1118.50 1.8565e-08
1118.75 2.8851e-08
1119.00 1.8222e-08
1119.25 1.1674e-08
1119.50 1.7271e-08
1119.75 5.5988e-09
1120.00 -2.6665e-09
1120.25 1.6274e-08
1120.50 2.7989e-08
1120.75 2.2964e-08
1121.00 8.1273e-09
1121.25 9.4551e-09
1121.50 8.7396e-09
1121.75 5.0769e-09
1122.00 1.4258e-08
1122.25 2.1010e-08
1122.50 2.9060e-08
1122.75 2.6784e-08
1123.00 2.1291e-08
1123.25 1.4846e-08
1123.50 1.2170e-08
1123.75 1.1096e-08
1124.00 6.8444e-09
1124.25 1.3162e-09
1124.50 -2.3269e-09
1124.75 4.9995e-09
1125.00 7.4088e-09
