# Spectrum from Mathe et al. 2019
2221
188
 570.00 -1.5442e-08
 570.25 6.2598e-08
 570.50 1.3397e-07
 570.75 1.5922e-07
 571.00 9.2351e-08
 571.25 4.7876e-08
 571.50 3.2830e-08
 571.75 3.6803e-08
 572.00 6.4896e-08
 572.25 5.0993e-08
 572.50 9.6484e-08
 572.75 1.5553e-07
 573.00 1.7926e-07
 573.25 1.1997e-07
 573.50 6.1137e-08
 573.75 -1.4289e-07
 574.00 -2.8853e-07
 574.25 -1.9922e-07
 574.50 -1.2905e-07
 574.75 -4.9608e-08
 575.00 4.6361e-09
 575.25 2.9470e-08
 575.50 -1.7675e-08
 575.75 -1.1291e-08
 576.00 1.4463e-08
 576.25 1.7781e-08
 576.50 8.4058e-09
 576.75 5.7942e-09
 577.00 1.5735e-08
 577.25 1.2573e-08
 577.50 3.6826e-08
 577.75 3.3517e-08
 578.00 2.8631e-08
 578.25 3.5561e-08
 578.50 5.1133e-08
 578.75 4.6949e-08
 579.00 3.8847e-08
 579.25 2.6884e-08
 579.50 2.4671e-08
 579.75 4.4377e-08
 580.00 5.1977e-08
 580.25 4.3210e-08
 580.50 4.6271e-08
 580.75 4.0648e-08
 581.00 2.4062e-08
 581.25 2.6842e-08
 581.50 4.4213e-08
 581.75 4.9981e-08
 582.00 4.0725e-08
 582.25 4.6350e-08
 582.50 3.7262e-08
 582.75 1.1713e-08
 583.00 1.3983e-08
 583.25 3.5372e-08
 583.50 3.7550e-08
 583.75 3.2222e-08
 584.00 4.3200e-08
 584.25 6.1629e-08
 584.50 5.7654e-08
 584.75 4.4701e-08
 585.00 4.5458e-08
 585.25 5.1654e-08
 585.50 6.5521e-08
 585.75 6.9203e-08
 586.00 3.5473e-08
 586.25 1.3833e-08
 586.50 1.8891e-08
 586.75 2.3879e-08
 587.00 2.5967e-08
 587.25 2.6426e-08
 587.50 3.4087e-08
 587.75 3.2328e-08
 588.00 2.3693e-08
 588.25 2.3654e-08
 588.50 3.7863e-08
 588.75 4.7370e-08
 589.00 4.1237e-08
 589.25 4.8267e-08
 589.50 5.0702e-08
 589.75 3.1222e-08
 590.00 2.2328e-08
 590.25 2.4232e-08
 590.50 2.9932e-08
 590.75 2.5701e-08
 591.00 2.4224e-08
 591.25 3.0274e-08
 591.50 2.1887e-08
 591.75 2.0344e-08
 592.00 3.7105e-08
 592.25 4.0264e-08
 592.50 3.2011e-08
 592.75 3.2630e-08
 593.00 3.2571e-08
 593.25 3.1507e-08
 593.50 2.7595e-08
 593.75 2.3199e-08
 594.00 2.9264e-08
 594.25 4.0878e-08
 594.50 4.7531e-08
 594.75 5.0892e-08
 595.00 3.7170e-08
 595.25 2.6856e-08
 595.50 3.4235e-08
 595.75 3.9959e-08
 596.00 3.6452e-08
 596.25 3.1723e-08
 596.50 3.3446e-08
 596.75 3.4618e-08
 597.00 3.3889e-08
 597.25 2.7551e-08
 597.50 3.8819e-08
 597.75 5.2466e-08
 598.00 4.0284e-08
 598.25 3.1338e-08
 598.50 3.3514e-08
 598.75 3.9509e-08
 599.00 4.3705e-08
 599.25 4.4294e-08
 599.50 3.6853e-08
 599.75 2.6744e-08
 600.00 3.0521e-08
 600.25 3.2303e-08
 600.50 3.0008e-08
 600.75 3.3824e-08
 601.00 3.4422e-08
 601.25 3.0230e-08
 601.50 3.5366e-08
 601.75 4.1045e-08
 602.00 4.1586e-08
 602.25 4.0617e-08
 602.50 3.5882e-08
 602.75 3.1094e-08
 603.00 3.1349e-08
 603.25 3.9959e-08
 603.50 4.5169e-08
 603.75 3.9520e-08
 604.00 2.9220e-08
 604.25 2.0533e-08
 604.50 2.6428e-08
 604.75 4.2183e-08
 605.00 3.9271e-08
 605.25 2.4700e-08
 605.50 1.6514e-08
 605.75 2.4548e-08
 606.00 3.1960e-08
 606.25 3.0992e-08
 606.50 4.1234e-08
 606.75 4.8676e-08
 607.00 4.1824e-08
 607.25 3.7729e-08
 607.50 3.5071e-08
 607.75 3.1645e-08
 608.00 3.8217e-08
 608.25 4.4062e-08
 608.50 3.7669e-08
 608.75 3.1314e-08
 609.00 3.3324e-08
 609.25 3.7994e-08
 609.50 4.3911e-08
 609.75 3.7724e-08
 610.00 2.8468e-08
 610.25 2.3179e-08
 610.50 2.2999e-08
 610.75 2.9815e-08
 611.00 3.5668e-08
 611.25 3.8377e-08
 611.50 3.6292e-08
 611.75 3.7312e-08
 612.00 4.3091e-08
 612.25 4.5052e-08
 612.50 4.3342e-08
 612.75 4.5592e-08
 613.00 4.4523e-08
 613.25 3.7549e-08
 613.50 3.4451e-08
 613.75 3.7846e-08
 614.00 3.6814e-08
 614.25 3.6236e-08
 614.50 4.1000e-08
 614.75 4.1666e-08
 615.00 3.7740e-08
 615.25 3.4777e-08
 615.50 3.6514e-08
 615.75 3.9262e-08
 616.00 3.8342e-08
 616.25 4.2453e-08
 616.50 4.9771e-08
 616.75 4.8073e-08
 617.00 4.9497e-08
 617.25 5.0938e-08
 617.50 5.1051e-08
 617.75 4.9207e-08
 618.00 4.5664e-08
 618.25 5.0226e-08
 618.50 5.1971e-08
 618.75 5.1646e-08
 619.00 4.8446e-08
 619.25 5.1471e-08
 619.50 5.7583e-08
 619.75 5.5938e-08
 620.00 5.1020e-08
 620.25 5.3148e-08
 620.50 5.9695e-08
 620.75 5.4433e-08
 621.00 5.3845e-08
 621.25 6.0438e-08
 621.50 6.4189e-08
 621.75 4.6028e-08
 622.00 3.6447e-08
 622.25 5.2555e-08
 622.50 5.5837e-08
 622.75 4.7197e-08
 623.00 3.9561e-08
 623.25 4.9205e-08
 623.50 5.5907e-08
 623.75 5.0827e-08
 624.00 4.9254e-08
 624.25 4.8698e-08
 624.50 5.2150e-08
 624.75 5.4004e-08
 625.00 5.8265e-08
 625.25 6.0091e-08
 625.50 6.0050e-08
 625.75 5.8816e-08
 626.00 5.6008e-08
 626.25 5.6377e-08
 626.50 5.8628e-08
 626.75 7.4590e-08
 627.00 7.6066e-08
 627.25 6.8049e-08
 627.50 7.3003e-08
 627.75 1.5041e-07
 628.00 2.1631e-07
 628.25 1.6190e-07
 628.50 1.0506e-07
 628.75 7.5620e-08
 629.00 6.2459e-08
 629.25 5.9936e-08
 629.50 7.2321e-08
 629.75 7.4582e-08
 630.00 6.7709e-08
 630.25 7.4087e-08
 630.50 7.6983e-08
 630.75 8.4185e-08
 631.00 8.6666e-08
 631.25 1.0815e-07
 631.50 9.9449e-08
 631.75 8.0732e-08
 632.00 8.2278e-08
 632.25 9.0139e-08
 632.50 1.0362e-07
 632.75 1.0064e-07
 633.00 1.1503e-07
 633.25 1.1774e-07
 633.50 1.1376e-07
 633.75 9.7233e-08
 634.00 8.6620e-08
 634.25 9.3850e-08
 634.50 9.7005e-08
 634.75 1.1031e-07
 635.00 9.8044e-08
 635.25 9.2408e-08
 635.50 8.3314e-08
 635.75 7.7043e-08
 636.00 7.7940e-08
 636.25 7.6179e-08
 636.50 7.7979e-08
 636.75 7.1081e-08
 637.00 6.1267e-08
 637.25 4.8787e-08
 637.50 5.8237e-08
 637.75 6.1152e-08
 638.00 5.5581e-08
 638.25 5.2107e-08
 638.50 4.7617e-08
 638.75 4.8110e-08
 639.00 5.9775e-08
 639.25 6.3310e-08
 639.50 5.4652e-08
 639.75 5.5419e-08
 640.00 5.1894e-08
 640.25 5.1766e-08
 640.50 5.4096e-08
 640.75 4.5214e-08
 641.00 4.1986e-08
 641.25 4.8094e-08
 641.50 5.4474e-08
 641.75 5.7546e-08
 642.00 5.6819e-08
 642.25 5.2034e-08
 642.50 4.5021e-08
 642.75 4.8667e-08
 643.00 4.8302e-08
 643.25 5.2312e-08
 643.50 5.2054e-08
 643.75 5.2053e-08
 644.00 5.5257e-08
 644.25 4.9608e-08
 644.50 5.0544e-08
 644.75 4.7141e-08
 645.00 4.4968e-08
 645.25 4.4332e-08
 645.50 5.0595e-08
 645.75 5.5386e-08
 646.00 4.8161e-08
 646.25 4.1378e-08
 646.50 4.5194e-08
 646.75 5.3059e-08
 647.00 4.8284e-08
 647.25 4.7700e-08
 647.50 5.1627e-08
 647.75 4.4717e-08
 648.00 3.8656e-08
 648.25 3.9279e-08
 648.50 4.4313e-08
 648.75 5.4083e-08
 649.00 5.9545e-08
 649.25 4.7866e-08
 649.50 3.8843e-08
 649.75 4.2992e-08
 650.00 4.3736e-08
 650.25 4.1142e-08
 650.50 4.8035e-08
 650.75 5.1663e-08
 651.00 3.2899e-08
 651.25 2.4915e-08
 651.50 3.4713e-08
 651.75 4.2448e-08
 652.00 4.0045e-08
 652.25 2.4826e-08
 652.50 2.2610e-08
 652.75 3.2001e-08
 653.00 3.1754e-08
 653.25 3.1627e-08
 653.50 3.3812e-08
 653.75 3.3502e-08
 654.00 3.2920e-08
 654.25 3.0416e-08
 654.50 3.2108e-08
 654.75 3.8448e-08
 655.00 3.8025e-08
 655.25 3.2857e-08
 655.50 3.5875e-08
 655.75 4.5675e-08
 656.00 4.8080e-08
 656.25 4.7429e-08
 656.50 4.0389e-08
 656.75 3.4100e-08
 657.00 3.3719e-08
 657.25 2.2154e-08
 657.50 2.2982e-08
 657.75 4.0030e-08
 658.00 4.9715e-08
 658.25 4.7443e-08
 658.50 5.1332e-08
 658.75 5.0083e-08
 659.00 3.4507e-08
 659.25 3.2739e-08
 659.50 3.7206e-08
 659.75 3.8321e-08
 660.00 4.1528e-08
 660.25 3.7945e-08
 660.50 3.0788e-08
 660.75 3.7297e-08
 661.00 4.9335e-08
 661.25 5.3793e-08
 661.50 5.4835e-08
 661.75 4.2963e-08
 662.00 2.9972e-08
 662.25 3.4353e-08
 662.50 4.1078e-08
 662.75 4.1702e-08
 663.00 4.1262e-08
 663.25 4.2756e-08
 663.50 4.0507e-08
 663.75 4.2424e-08
 664.00 3.9695e-08
 664.25 3.7319e-08
 664.50 4.2011e-08
 664.75 3.9536e-08
 665.00 3.3104e-08
 665.25 3.5730e-08
 665.50 5.0693e-08
 665.75 5.3775e-08
 666.00 4.0077e-08
 666.25 3.2210e-08
 666.50 3.4825e-08
 666.75 4.0050e-08
 667.00 3.9691e-08
 667.25 5.8446e-08
 667.50 1.0598e-07
 667.75 1.1452e-07
 668.00 9.5794e-08
 668.25 7.6104e-08
 668.50 5.7351e-08
 668.75 4.6527e-08
 669.00 3.1938e-08
 669.25 1.7923e-08
 669.50 1.6929e-08
 669.75 3.4545e-08
 670.00 4.1872e-08
 670.25 4.7846e-08
 670.50 5.7979e-08
 670.75 5.3036e-08
 671.00 4.2757e-08
 671.25 3.8124e-08
 671.50 2.8271e-08
 671.75 2.2556e-08
 672.00 3.4125e-08
 672.25 4.2251e-08
 672.50 4.2701e-08
 672.75 5.0204e-08
 673.00 5.3942e-08
 673.25 5.3839e-08
 673.50 5.3885e-08
 673.75 4.3328e-08
 674.00 3.8925e-08
 674.25 5.5795e-08
 674.50 5.0939e-08
 674.75 3.9952e-08
 675.00 5.0207e-08
 675.25 4.8561e-08
 675.50 4.1765e-08
 675.75 3.6203e-08
 676.00 3.6168e-08
 676.25 4.1715e-08
 676.50 5.3128e-08
 676.75 4.1631e-08
 677.00 3.5384e-08
 677.25 5.0129e-08
 677.50 6.0828e-08
 677.75 7.0711e-08
 678.00 6.6890e-08
 678.25 5.6213e-08
 678.50 4.2647e-08
 678.75 3.9499e-08
 679.00 4.9029e-08
 679.25 6.0942e-08
 679.50 6.3664e-08
 679.75 6.3373e-08
 680.00 5.2910e-08
 680.25 3.6965e-08
 680.50 3.6015e-08
 680.75 4.0894e-08
 681.00 4.8995e-08
 681.25 4.5599e-08
 681.50 2.6636e-08
 681.75 2.9213e-08
 682.00 5.5474e-08
 682.25 7.6534e-08
 682.50 6.7519e-08
 682.75 4.0963e-08
 683.00 2.9221e-08
 683.25 2.6445e-08
 683.50 2.5853e-08
 683.75 4.0107e-08
 684.00 6.1892e-08
 684.25 8.3644e-08
 684.50 8.2607e-08
 684.75 4.3068e-08
 685.00 2.7831e-08
 685.25 4.3860e-08
 685.50 5.9983e-08
 685.75 5.3051e-08
 686.00 4.4618e-08
 686.25 4.7270e-08
 686.50 6.3110e-08
 686.75 8.3352e-08
 687.00 6.5227e-08
 687.25 4.4754e-08
 687.50 3.9938e-08
 687.75 4.3478e-08
 688.00 5.2220e-08
 688.25 6.3960e-08
 688.50 6.1471e-08
 688.75 5.6906e-08
 689.00 8.3747e-08
 689.25 8.3641e-08
 689.50 4.8047e-08
 689.75 4.3805e-08
 690.00 4.8894e-08
 690.25 4.5527e-08
 690.50 4.0719e-08
 690.75 4.5955e-08
 691.00 6.6557e-08
 691.25 9.8313e-08
 691.50 1.0282e-07
 691.75 5.9869e-08
 692.00 4.2025e-08
 692.25 4.8425e-08
 692.50 5.1839e-08
 692.75 3.8979e-08
 693.00 3.9380e-08
 693.25 5.4938e-08
 693.50 7.2067e-08
 693.75 1.1445e-07
 694.00 1.0634e-07
 694.25 6.6634e-08
 694.50 5.7459e-08
 694.75 5.0222e-08
 695.00 4.6902e-08
 695.25 4.6100e-08
 695.50 5.4278e-08
 695.75 6.1393e-08
 696.00 8.1566e-08
 696.25 9.2732e-08
 696.50 6.7051e-08
 696.75 6.7171e-08
 697.00 7.6780e-08
 697.25 7.1038e-08
 697.50 5.8385e-08
 697.75 5.0412e-08
 698.00 4.9161e-08
 698.25 8.3088e-08
 698.50 1.3005e-07
 698.75 9.9332e-08
 699.00 6.1371e-08
 699.25 7.1434e-08
 699.50 6.8367e-08
 699.75 5.1700e-08
 700.00 6.3503e-08
 700.25 8.0433e-08
 700.50 7.9234e-08
 700.75 9.6791e-08
 701.00 8.9589e-08
 701.25 6.7711e-08
 701.50 6.7886e-08
 701.75 5.4147e-08
 702.00 4.2331e-08
 702.25 4.1953e-08
 702.50 5.5283e-08
 702.75 7.5216e-08
 703.00 1.2939e-07
 703.25 1.6675e-07
 703.50 1.0887e-07
 703.75 5.5031e-08
 704.00 4.1373e-08
 704.25 3.4444e-08
 704.50 3.9751e-08
 704.75 5.0403e-08
 705.00 6.6929e-08
 705.25 7.8253e-08
 705.50 9.6311e-08
 705.75 1.0355e-07
 706.00 9.8352e-08
 706.25 8.7785e-08
 706.50 6.5752e-08
 706.75 6.0782e-08
 707.00 5.9242e-08
 707.25 6.6189e-08
 707.50 8.0252e-08
 707.75 1.2282e-07
 708.00 1.5156e-07
 708.25 9.2357e-08
 708.50 4.7851e-08
 708.75 4.5864e-08
 709.00 4.4650e-08
 709.25 5.1548e-08
 709.50 6.0997e-08
 709.75 8.5810e-08
 710.00 1.0017e-07
 710.25 1.1994e-07
 710.50 1.0174e-07
 710.75 5.8193e-08
 711.00 6.4469e-08
 711.25 6.9992e-08
 711.50 6.7593e-08
 711.75 9.6743e-08
 712.00 1.9682e-07
 712.25 2.5775e-07
 712.50 2.6423e-07
 712.75 2.4177e-07
 713.00 1.4698e-07
 713.25 9.3525e-08
 713.50 8.4124e-08
 713.75 8.5280e-08
 714.00 8.7096e-08
 714.25 9.1058e-08
 714.50 1.2419e-07
 714.75 1.5081e-07
 715.00 1.6850e-07
 715.25 1.3223e-07
 715.50 8.2617e-08
 715.75 6.1713e-08
 716.00 8.3523e-08
 716.25 1.5254e-07
 716.50 1.3470e-07
 716.75 8.7544e-08
 717.00 9.5712e-08
 717.25 1.3115e-07
 717.50 1.2472e-07
 717.75 7.6844e-08
 718.00 6.3971e-08
 718.25 5.3383e-08
 718.50 4.7755e-08
 718.75 5.2913e-08
 719.00 6.6081e-08
 719.25 7.6063e-08
 719.50 1.0544e-07
 719.75 1.6740e-07
 720.00 1.5160e-07
 720.25 7.9531e-08
 720.50 5.9819e-08
 720.75 7.1719e-08
 721.00 6.9923e-08
 721.25 6.7888e-08
 721.50 6.6579e-08
 721.75 7.5072e-08
 722.00 1.1592e-07
 722.25 1.0500e-07
 722.50 5.2366e-08
 722.75 4.1924e-08
 723.00 4.8454e-08
 723.25 5.2432e-08
 723.50 6.2997e-08
 723.75 7.8619e-08
 724.00 7.6245e-08
 724.25 8.3853e-08
 724.50 9.3597e-08
 724.75 7.4463e-08
 725.00 6.3713e-08
 725.25 6.3631e-08
 725.50 6.3763e-08
 725.75 6.6229e-08
 726.00 6.3206e-08
 726.25 6.0027e-08
 726.50 7.1965e-08
 726.75 7.7320e-08
 727.00 6.5683e-08
 727.25 6.3056e-08
 727.50 7.3972e-08
 727.75 7.8585e-08
 728.00 1.0823e-07
 728.25 1.9246e-07
 728.50 2.2456e-07
 728.75 2.2252e-07
 729.00 4.1457e-07
 729.25 7.1363e-07
 729.50 7.5483e-07
 729.75 5.9889e-07
 730.00 4.5489e-07
 730.25 3.5090e-07
 730.50 2.8665e-07
 730.75 2.6139e-07
 731.00 3.1421e-07
 731.25 3.1474e-07
 731.50 2.4102e-07
 731.75 1.8024e-07
 732.00 1.3580e-07
 732.25 1.2004e-07
 732.50 1.3005e-07
 732.75 1.3707e-07
 733.00 1.1234e-07
 733.25 8.7242e-08
 733.50 9.2328e-08
 733.75 1.4931e-07
 734.00 1.5091e-07
 734.25 8.4292e-08
 734.50 5.5490e-08
 734.75 5.8584e-08
 735.00 8.1645e-08
 735.25 8.8183e-08
 735.50 9.8187e-08
 735.75 1.0598e-07
 736.00 1.2269e-07
 736.25 1.4514e-07
 736.50 1.0308e-07
 736.75 6.8228e-08
 737.00 5.5960e-08
 737.25 6.7591e-08
 737.50 8.5323e-08
 737.75 8.4563e-08
 738.00 8.9056e-08
 738.25 1.1495e-07
 738.50 1.8113e-07
 738.75 1.5963e-07
 739.00 9.0191e-08
 739.25 7.3045e-08
 739.50 6.7770e-08
 739.75 7.7327e-08
 740.00 6.6874e-08
 740.25 7.1732e-08
 740.50 1.0970e-07
 740.75 1.4939e-07
 741.00 1.4617e-07
 741.25 9.3893e-08
 741.50 7.5900e-08
 741.75 7.9789e-08
 742.00 9.3642e-08
 742.25 8.4245e-08
 742.50 7.2489e-08
 742.75 8.9703e-08
 743.00 1.3993e-07
 743.25 1.9364e-07
 743.50 1.4454e-07
 743.75 8.4985e-08
 744.00 8.4017e-08
 744.25 9.1044e-08
 744.50 8.9144e-08
 744.75 8.0568e-08
 745.00 7.6281e-08
 745.25 9.8742e-08
 745.50 1.4233e-07
 745.75 1.3217e-07
 746.00 8.7339e-08
 746.25 7.2471e-08
 746.50 7.9025e-08
 746.75 8.3318e-08
 747.00 8.1253e-08
 747.25 9.9196e-08
 747.50 1.3154e-07
 747.75 2.0060e-07
 748.00 2.5275e-07
 748.25 1.8735e-07
 748.50 1.0512e-07
 748.75 9.3669e-08
 749.00 9.8552e-08
 749.25 8.5509e-08
 749.50 8.2614e-08
 749.75 9.4563e-08
 750.00 1.2603e-07
 750.25 1.6200e-07
 750.50 1.3003e-07
 750.75 7.9744e-08
 751.00 8.2481e-08
 751.25 9.0334e-08
 751.50 7.4591e-08
 751.75 5.4366e-08
 752.00 5.8288e-08
 752.25 7.6768e-08
 752.50 1.3725e-07
 752.75 1.6175e-07
 753.00 1.0863e-07
 753.25 1.0514e-07
 753.50 1.0967e-07
 753.75 8.4278e-08
 754.00 6.7547e-08
 754.25 6.3851e-08
 754.50 8.1254e-08
 754.75 1.1761e-07
 755.00 1.4768e-07
 755.25 1.2308e-07
 755.50 9.8036e-08
 755.75 1.0536e-07
 756.00 9.8397e-08
 756.25 9.2904e-08
 756.50 7.6510e-08
 756.75 7.2825e-08
 757.00 9.3097e-08
 757.25 1.4771e-07
 757.50 1.5490e-07
 757.75 9.9379e-08
 758.00 8.4037e-08
 758.25 7.9832e-08
 758.50 7.7534e-08
 758.75 7.4557e-08
 759.00 8.6001e-08
 759.25 9.9572e-08
 759.50 1.2472e-07
 759.75 1.3996e-07
 760.00 1.1485e-07
 760.25 9.5688e-08
 760.50 8.6975e-08
 760.75 6.7395e-08
 761.00 6.1936e-08
 761.25 6.2351e-08
 761.50 6.6783e-08
 761.75 9.0808e-08
 762.00 1.3372e-07
 762.25 1.2149e-07
 762.50 9.3701e-08
 762.75 9.0096e-08
 763.00 6.7049e-08
 763.25 6.3805e-08
 763.50 5.5595e-08
 763.75 6.4276e-08
 764.00 6.3338e-08
 764.25 9.0345e-08
 764.50 8.7550e-08
 764.75 1.5434e-08
 765.00 -2.9920e-07
 765.25 -4.0398e-07
 765.50 -2.6304e-08
 765.75 1.2035e-07
 766.00 1.0688e-07
 766.25 1.0090e-07
 766.50 1.2091e-07
 766.75 1.4259e-07
 767.00 1.0622e-07
 767.25 8.2106e-08
 767.50 7.3081e-08
 767.75 7.1492e-08
 768.00 6.4512e-08
 768.25 7.3261e-08
 768.50 8.4116e-08
 768.75 9.2253e-08
 769.00 9.3542e-08
 769.25 9.3541e-08
 769.50 7.5376e-08
 769.75 6.9510e-08
 770.00 7.2605e-08
 770.25 7.6115e-08
 770.50 7.8794e-08
 770.75 8.6116e-08
 771.00 9.0393e-08
 771.25 1.1796e-07
 771.50 1.3033e-07
 771.75 1.0008e-07
 772.00 7.6831e-08
 772.25 7.7526e-08
 772.50 6.9426e-08
 772.75 5.5827e-08
 773.00 6.7635e-08
 773.25 7.2360e-08
 773.50 7.9806e-08
 773.75 8.9378e-08
 774.00 8.6180e-08
 774.25 6.7183e-08
 774.50 6.3321e-08
 774.75 6.0734e-08
 775.00 7.1352e-08
 775.25 8.0461e-08
 775.50 7.7138e-08
 775.75 9.0912e-08
 776.00 1.1513e-07
 776.25 1.0294e-07
 776.50 7.6156e-08
 776.75 6.4723e-08
 777.00 5.1482e-08
 777.25 6.3622e-08
 777.50 7.9334e-08
 777.75 9.2439e-08
 778.00 9.4618e-08
 778.25 1.0123e-07
 778.50 1.0230e-07
 778.75 8.7627e-08
 779.00 8.3953e-08
 779.25 8.1696e-08
 779.50 7.7682e-08
 779.75 8.3193e-08
 780.00 9.1789e-08
 780.25 1.0517e-07
 780.50 1.0708e-07
 780.75 1.0271e-07
 781.00 8.7193e-08
 781.25 6.6101e-08
 781.50 6.4846e-08
 781.75 7.1867e-08
 782.00 8.4320e-08
 782.25 8.1648e-08
 782.50 7.4114e-08
 782.75 7.6552e-08
 783.00 9.4221e-08
 783.25 9.7225e-08
 783.50 8.4106e-08
 783.75 8.4592e-08
 784.00 9.0066e-08
 784.25 8.6146e-08
 784.50 8.9240e-08
 784.75 9.1988e-08
 785.00 9.2629e-08
 785.25 1.0291e-07
 785.50 1.0244e-07
 785.75 9.3466e-08
 786.00 8.2894e-08
 786.25 7.8455e-08
 786.50 8.2466e-08
 786.75 8.7216e-08
 787.00 9.0505e-08
 787.25 9.9248e-08
 787.50 9.6098e-08
 787.75 9.3140e-08
 788.00 9.5114e-08
 788.25 8.6338e-08
 788.50 8.0330e-08
 788.75 7.1197e-08
 789.00 7.6818e-08
 789.25 1.0695e-07
 789.50 1.0527e-07
 789.75 8.8386e-08
 790.00 9.1955e-08
 790.25 8.8917e-08
 790.50 8.2941e-08
 790.75 8.6009e-08
 791.00 8.2195e-08
 791.25 8.4953e-08
 791.50 1.0298e-07
 791.75 9.8696e-08
 792.00 8.9489e-08
 792.25 9.3369e-08
 792.50 8.4485e-08
 792.75 7.4423e-08
 793.00 7.3784e-08
 793.25 6.9241e-08
 793.50 7.5984e-08
 793.75 8.5868e-08
 794.00 1.0156e-07
 794.25 1.1023e-07
 794.50 9.5381e-08
 794.75 8.7987e-08
 795.00 8.3134e-08
 795.25 7.6455e-08
 795.50 7.8533e-08
 795.75 8.6011e-08
 796.00 9.9290e-08
 796.25 1.0373e-07
 796.50 9.8724e-08
 796.75 1.0337e-07
 797.00 1.0523e-07
 797.25 9.9847e-08
 797.50 7.5840e-08
 797.75 6.6430e-08
 798.00 8.7374e-08
 798.25 1.0721e-07
 798.50 1.2394e-07
 798.75 1.4041e-07
 799.00 1.5805e-07
 799.25 1.4562e-07
 799.50 1.0832e-07
 799.75 9.1695e-08
 800.00 7.5124e-08
 800.25 6.0445e-08
 800.50 8.0565e-08
 800.75 1.0281e-07
 801.00 1.2814e-07
 801.25 1.5878e-07
 801.50 1.5932e-07
 801.75 1.1992e-07
 802.00 9.2720e-08
 802.25 1.0444e-07
 802.50 1.0917e-07
 802.75 9.6670e-08
 803.00 8.0994e-08
 803.25 9.5395e-08
 803.50 1.1715e-07
 803.75 1.3637e-07
 804.00 1.7048e-07
 804.25 1.4069e-07
 804.50 9.3407e-08
 804.75 1.0607e-07
 805.00 1.1283e-07
 805.25 8.7346e-08
 805.50 6.8107e-08
 805.75 8.1209e-08
 806.00 1.2496e-07
 806.25 1.7948e-07
 806.50 2.1596e-07
 806.75 1.7614e-07
 807.00 8.9148e-08
 807.25 7.3428e-08
 807.50 1.0569e-07
 807.75 1.0442e-07
 808.00 7.8170e-08
 808.25 6.9618e-08
 808.50 8.8097e-08
 808.75 1.4077e-07
 809.00 2.0114e-07
 809.25 1.8280e-07
 809.50 1.0146e-07
 809.75 5.5185e-08
 810.00 6.6417e-08
 810.25 1.1722e-07
 810.50 1.2310e-07
 810.75 8.8690e-08
 811.00 1.0095e-07
 811.25 1.2148e-07
 811.50 1.8594e-07
 811.75 2.2761e-07
 812.00 1.4121e-07
 812.25 6.5571e-08
 812.50 5.4602e-08
 812.75 7.2489e-08
 813.00 1.2548e-07
 813.25 1.2506e-07
 813.50 1.0915e-07
 813.75 1.3398e-07
 814.00 1.7323e-07
 814.25 2.3979e-07
 814.50 2.0978e-07
 814.75 1.0127e-07
 815.00 5.6298e-08
 815.25 6.1025e-08
 815.50 9.9465e-08
 815.75 1.2313e-07
 816.00 1.1207e-07
 816.25 1.1915e-07
 816.50 1.4184e-07
 816.75 2.2440e-07
 817.00 2.7250e-07
 817.25 1.7751e-07
 817.50 6.7094e-08
 817.75 4.1398e-08
 818.00 6.4941e-08
 818.25 1.1502e-07
 818.50 1.4490e-07
 818.75 1.2523e-07
 819.00 1.1616e-07
 819.25 1.4993e-07
 819.50 2.3938e-07
 819.75 2.4082e-07
 820.00 1.2045e-07
 820.25 4.7487e-08
 820.50 4.9686e-08
 820.75 7.0604e-08
 821.00 9.6378e-08
 821.25 1.0448e-07
 821.50 9.9056e-08
 821.75 8.5519e-08
 822.00 1.6084e-07
 822.25 3.0245e-07
 822.50 2.3792e-07
 822.75 8.1462e-08
 823.00 4.0079e-08
 823.25 4.5682e-08
 823.50 7.7140e-08
 823.75 1.2102e-07
 824.00 1.3078e-07
 824.25 1.3258e-07
 824.50 1.6394e-07
 824.75 2.5082e-07
 825.00 2.6616e-07
 825.25 1.3271e-07
 825.50 4.8621e-08
 825.75 5.3097e-08
 826.00 7.3798e-08
 826.25 1.0524e-07
 826.50 1.1656e-07
 826.75 1.1779e-07
 827.00 1.3360e-07
 827.25 1.9971e-07
 827.50 2.7990e-07
 827.75 2.0531e-07
 828.00 7.9697e-08
 828.25 5.6036e-08
 828.50 5.5608e-08
 828.75 8.9313e-08
 829.00 1.2461e-07
 829.25 1.0754e-07
 829.50 1.1447e-07
 829.75 1.4734e-07
 830.00 2.1782e-07
 830.25 2.5120e-07
 830.50 1.3216e-07
 830.75 4.6726e-08
 831.00 4.0919e-08
 831.25 6.1953e-08
 831.50 1.1586e-07
 831.75 1.1019e-07
 832.00 8.8863e-08
 832.25 1.0767e-07
 832.50 1.6385e-07
 832.75 2.5604e-07
 833.00 2.2709e-07
 833.25 9.2951e-08
 833.50 4.4397e-08
 833.75 5.6982e-08
 834.00 1.0760e-07
 834.25 1.2635e-07
 834.50 9.1342e-08
 834.75 9.7260e-08
 835.00 1.1930e-07
 835.25 1.7679e-07
 835.50 2.2015e-07
 835.75 1.2650e-07
 836.00 3.8142e-08
 836.25 6.6252e-08
 836.50 1.2510e-07
 836.75 1.3128e-07
 837.00 7.2571e-08
 837.25 5.2765e-08
 837.50 9.3286e-08
 837.75 1.7363e-07
 838.00 2.3510e-07
 838.25 2.0596e-07
 838.50 1.1667e-07
 838.75 5.0849e-08
 839.00 6.9854e-08
 839.25 1.0893e-07
 839.50 1.0246e-07
 839.75 7.3170e-08
 840.00 6.7635e-08
 840.25 1.1171e-07
 840.50 1.7355e-07
 840.75 1.8937e-07
 841.00 1.5910e-07
 841.25 9.8374e-08
 841.50 7.1064e-08
 841.75 9.8514e-08
 842.00 1.2949e-07
 842.25 1.1771e-07
 842.50 5.6799e-08
 842.75 5.8111e-08
 843.00 1.1145e-07
 843.25 1.5689e-07
 843.50 1.6387e-07
 843.75 1.2593e-07
 844.00 9.9171e-08
 844.25 1.0126e-07
 844.50 1.1231e-07
 844.75 9.6243e-08
 845.00 7.0596e-08
 845.25 7.9758e-08
 845.50 1.0538e-07
 845.75 1.1798e-07
 846.00 1.4099e-07
 846.25 1.3782e-07
 846.50 1.3487e-07
 846.75 1.3359e-07
 847.00 1.0337e-07
 847.25 1.0311e-07
 847.50 1.0057e-07
 847.75 8.6054e-08
 848.00 8.0589e-08
 848.25 9.2361e-08
 848.50 1.1215e-07
 848.75 1.0553e-07
 849.00 9.1790e-08
 849.25 1.0300e-07
 849.50 9.4560e-08
 849.75 7.9369e-08
 850.00 9.0428e-08
 850.25 8.4435e-08
 850.50 7.0209e-08
 850.75 6.9737e-08
 851.00 8.4374e-08
 851.25 9.8602e-08
 851.50 9.4311e-08
 851.75 8.5133e-08
 852.00 8.8194e-08
 852.25 9.1021e-08
 852.50 9.8111e-08
 852.75 9.1557e-08
 853.00 6.9241e-08
 853.25 5.4783e-08
 853.50 5.8984e-08
 853.75 7.7153e-08
 854.00 8.4583e-08
 854.25 8.0568e-08
 854.50 6.5168e-08
 854.75 6.6989e-08
 855.00 8.7944e-08
 855.25 9.6837e-08
 855.50 8.7155e-08
 855.75 7.7224e-08
 856.00 6.5634e-08
 856.25 6.9657e-08
 856.50 8.4288e-08
 856.75 7.6480e-08
 857.00 7.3414e-08
 857.25 8.1680e-08
 857.50 9.3864e-08
 857.75 8.7831e-08
 858.00 7.0387e-08
 858.25 7.0210e-08
 858.50 7.3268e-08
 858.75 7.2501e-08
 859.00 7.4592e-08
 859.25 7.4069e-08
 859.50 6.9776e-08
 859.75 7.1854e-08
 860.00 7.6585e-08
 860.25 7.3352e-08
 860.50 8.1380e-08
 860.75 8.6920e-08
 861.00 6.1910e-08
 861.25 5.8947e-08
 861.50 6.6283e-08
 861.75 5.8339e-08
 862.00 5.3135e-08
 862.25 5.2107e-08
 862.50 5.9586e-08
 862.75 6.8604e-08
 863.00 8.3923e-08
 863.25 7.8341e-08
 863.50 6.3647e-08
 863.75 6.9262e-08
 864.00 7.4349e-08
 864.25 6.9414e-08
 864.50 6.4091e-08
 864.75 6.1972e-08
 865.00 6.1644e-08
 865.25 6.8072e-08
 865.50 6.6786e-08
 865.75 5.8568e-08
 866.00 6.2227e-08
 866.25 6.8462e-08
 866.50 6.5406e-08
 866.75 6.2740e-08
 867.00 6.5952e-08
 867.25 6.9269e-08
 867.50 6.7372e-08
 867.75 5.9338e-08
 868.00 5.2886e-08
 868.25 5.8000e-08
 868.50 5.4715e-08
 868.75 5.7949e-08
 869.00 6.7096e-08
 869.25 5.8801e-08
 869.50 4.6567e-08
 869.75 4.2708e-08
 870.00 5.8568e-08
 870.25 6.0213e-08
 870.50 5.5045e-08
 870.75 5.1092e-08
 871.00 4.2630e-08
 871.25 4.6345e-08
 871.50 4.6430e-08
 871.75 4.7131e-08
 872.00 5.5812e-08
 872.25 5.8808e-08
 872.50 6.5496e-08
 872.75 7.9643e-08
 873.00 7.2853e-08
 873.25 5.6860e-08
 873.50 4.9873e-08
 873.75 4.3321e-08
 874.00 3.7453e-08
 874.25 4.3982e-08
 874.50 5.2908e-08
 874.75 5.7005e-08
 875.00 5.6668e-08
 875.25 5.3210e-08
 875.50 5.7744e-08
 875.75 5.6983e-08
 876.00 5.5077e-08
 876.25 4.9576e-08
 876.50 4.9176e-08
 876.75 6.0480e-08
 877.00 6.4428e-08
 877.25 6.2967e-08
 877.50 5.3106e-08
 877.75 4.3465e-08
 878.00 3.8186e-08
 878.25 3.5511e-08
 878.50 3.7454e-08
 878.75 3.9238e-08
 879.00 3.4813e-08
 879.25 2.7433e-08
 879.50 2.9044e-08
 879.75 3.4296e-08
 880.00 3.8767e-08
 880.25 4.6828e-08
 880.50 4.3490e-08
 880.75 3.7297e-08
 881.00 3.7560e-08
 881.25 3.3102e-08
 881.50 3.0262e-08
 881.75 3.3133e-08
 882.00 4.6002e-08
 882.25 5.6953e-08
 882.50 4.8867e-08
 882.75 2.9964e-08
 883.00 3.2691e-08
 883.25 4.2021e-08
 883.50 3.6502e-08
 883.75 2.8164e-08
 884.00 3.0285e-08
 884.25 3.9643e-08
 884.50 4.9943e-08
 884.75 5.0135e-08
 885.00 4.1561e-08
 885.25 4.5515e-08
 885.50 3.9736e-08
 885.75 3.5646e-08
 886.00 3.7602e-08
 886.25 4.3353e-08
 886.50 5.0606e-08
 886.75 4.5332e-08
 887.00 3.6530e-08
 887.25 3.5090e-08
 887.50 3.1825e-08
 887.75 3.3598e-08
 888.00 4.0831e-08
 888.25 4.0107e-08
 888.50 3.7216e-08
 888.75 3.4897e-08
 889.00 3.9512e-08
 889.25 3.9939e-08
 889.50 4.4514e-08
 889.75 3.9272e-08
 890.00 3.0034e-08
 890.25 2.9472e-08
 890.50 3.9126e-08
 890.75 4.8732e-08
 891.00 4.0862e-08
 891.25 2.3481e-08
 891.50 1.6756e-08
 891.75 1.9687e-08
 892.00 1.8045e-08
 892.25 1.4438e-08
 892.50 7.9958e-09
 892.75 1.4661e-08
 893.00 1.8051e-08
 893.25 2.0596e-08
 893.50 2.7428e-08
 893.75 2.6263e-08
 894.00 1.8142e-08
 894.25 2.4320e-08
 894.50 3.1716e-08
 894.75 3.6925e-08
 895.00 4.8374e-08
 895.25 4.7568e-08
 895.50 3.6368e-08
 895.75 2.5774e-08
 896.00 2.4919e-08
 896.25 2.3711e-08
 896.50 3.4063e-08
 896.75 3.9636e-08
 897.00 3.5275e-08
 897.25 3.5626e-08
 897.50 3.4116e-08
 897.75 3.1724e-08
 898.00 2.7464e-08
 898.25 1.4403e-08
 898.50 1.2237e-08
 898.75 2.3218e-08
 899.00 2.7589e-08
 899.25 3.3566e-08
 899.50 4.0390e-08
 899.75 3.2110e-08
 900.00 2.3621e-08
 900.25 3.6865e-08
 900.50 4.1729e-08
 900.75 2.7953e-08
 901.00 2.5129e-08
 901.25 2.8782e-08
 901.50 1.9188e-08
 901.75 1.2719e-08
 902.00 2.0760e-08
 902.25 2.9834e-08
 902.50 3.6515e-08
 902.75 4.1969e-08
 903.00 3.1207e-08
 903.25 2.4728e-08
 903.50 2.5128e-08
 903.75 2.7570e-08
 904.00 3.9545e-08
 904.25 3.7414e-08
 904.50 2.2439e-08
 904.75 1.5851e-08
 905.00 1.9230e-08
 905.25 2.1095e-08
 905.50 2.3687e-08
 905.75 3.7880e-08
 906.00 4.7867e-08
 906.25 3.5195e-08
 906.50 3.1386e-08
 906.75 3.5647e-08
 907.00 3.4615e-08
 907.25 3.4470e-08
 907.50 3.7739e-08
 907.75 2.4486e-08
 908.00 1.3618e-08
 908.25 2.1488e-08
 908.50 3.5337e-08
 908.75 5.5838e-08
 909.00 5.3543e-08
 909.25 4.1682e-08
 909.50 4.1263e-08
 909.75 4.0779e-08
 910.00 2.5312e-08
 910.25 1.7120e-08
 910.50 2.1451e-08
 910.75 3.3066e-08
 911.00 4.3112e-08
 911.25 3.6181e-08
 911.50 3.2419e-08
 911.75 3.9855e-08
 912.00 4.8959e-08
 912.25 5.5619e-08
 912.50 5.4228e-08
 912.75 4.8534e-08
 913.00 4.6921e-08
 913.25 3.8211e-08
 913.50 3.0927e-08
 913.75 3.8407e-08
 914.00 4.3094e-08
 914.25 3.7927e-08
 914.50 4.1569e-08
 914.75 4.4887e-08
 915.00 4.7493e-08
 915.25 3.9892e-08
 915.50 2.7896e-08
 915.75 2.2235e-08
 916.00 2.5615e-08
 916.25 4.0097e-08
 916.50 3.9201e-08
 916.75 3.4536e-08
 917.00 2.7636e-08
 917.25 1.6862e-08
 917.50 2.0953e-08
 917.75 3.2499e-08
 918.00 3.0227e-08
 918.25 2.2295e-08
 918.50 2.1447e-08
 918.75 2.8216e-08
 919.00 2.4726e-08
 919.25 1.9338e-08
 919.50 1.7775e-08
 919.75 1.8047e-08
 920.00 2.1280e-08
 920.25 1.9214e-08
 920.50 4.3731e-08
 920.75 5.2069e-08
 921.00 2.4203e-08
 921.25 2.2065e-08
 921.50 4.1353e-08
 921.75 4.9647e-08
 922.00 4.8402e-08
 922.25 5.8255e-08
 922.50 6.7105e-08
 922.75 4.3828e-08
 923.00 3.1499e-08
 923.25 4.5228e-08
 923.50 4.9358e-08
 923.75 4.4858e-08
 924.00 3.8553e-08
 924.25 3.4742e-08
 924.50 2.9149e-08
 924.75 2.3600e-08
 925.00 1.8669e-08
 925.25 1.9069e-08
 925.50 2.1723e-08
 925.75 1.8929e-08
 926.00 1.6074e-08
 926.25 1.7815e-08
 926.50 2.2130e-08
 926.75 3.5212e-08
 927.00 3.3743e-08
 927.25 2.1341e-08
 927.50 2.7016e-08
 927.75 2.8627e-08
 928.00 2.8546e-08
 928.25 3.3502e-08
 928.50 3.5411e-08
 928.75 2.8932e-08
 929.00 2.2193e-08
 929.25 1.8683e-08
 929.50 2.7368e-08
 929.75 3.9936e-08
 930.00 3.1548e-08
 930.25 2.3958e-08
 930.50 2.5205e-08
 930.75 2.1081e-08
 931.00 2.8414e-08
 931.25 3.6569e-08
 931.50 2.6186e-08
 931.75 1.3690e-08
 932.00 5.9059e-09
 932.25 1.1686e-08
 932.50 3.5873e-08
 932.75 5.3245e-08
 933.00 4.0626e-08
 933.25 3.4752e-08
 933.50 3.6022e-08
 933.75 3.3063e-08
 934.00 3.0664e-08
 934.25 2.0235e-08
 934.50 2.0412e-08
 934.75 1.3515e-08
 935.00 1.0078e-08
 935.25 3.7650e-08
 935.50 4.7199e-08
 935.75 3.4205e-08
 936.00 2.4033e-08
 936.25 9.3147e-09
 936.50 1.0624e-08
 936.75 2.6615e-08
 937.00 3.8429e-08
 937.25 3.0995e-08
 937.50 2.1077e-08
 937.75 2.4898e-08
 938.00 2.9187e-08
 938.25 2.5117e-08
 938.50 2.2099e-08
 938.75 2.7331e-08
 939.00 2.5711e-08
 939.25 1.4723e-08
 939.50 1.3757e-08
 939.75 3.3412e-08
 940.00 4.0148e-08
 940.25 2.8612e-08
 940.50 2.9801e-08
 940.75 3.3064e-08
 941.00 2.2218e-08
 941.25 2.3267e-08
 941.50 2.1784e-08
 941.75 1.0012e-08
 942.00 1.9683e-08
 942.25 2.8574e-08
 942.50 2.0490e-08
 942.75 2.4700e-08
 943.00 3.1398e-08
 943.25 3.3485e-08
 943.50 3.0385e-08
 943.75 2.0084e-08
 944.00 2.4558e-08
 944.25 2.8348e-08
 944.50 2.6320e-08
 944.75 2.1954e-08
 945.00 2.2108e-08
 945.25 2.6042e-08
 945.50 2.3088e-08
 945.75 1.8419e-08
 946.00 1.1885e-08
 946.25 9.9441e-09
 946.50 1.5882e-08
 946.75 2.4385e-08
 947.00 2.7849e-08
 947.25 1.6254e-08
 947.50 1.1506e-08
 947.75 1.1119e-08
 948.00 7.5320e-09
 948.25 1.0319e-08
 948.50 1.0208e-08
 948.75 1.8764e-08
 949.00 3.2163e-08
 949.25 4.9476e-08
 949.50 6.4768e-08
 949.75 5.3840e-08
 950.00 2.9610e-08
 950.25 2.3903e-08
 950.50 3.5446e-08
 950.75 4.2277e-08
 951.00 3.0305e-08
 951.25 1.7629e-08
 951.50 2.7523e-08
 951.75 3.4186e-08
 952.00 2.6718e-08
 952.25 2.9832e-08
 952.50 1.5712e-08
 952.75 9.8320e-09
 953.00 1.6803e-08
 953.25 2.5009e-08
 953.50 3.4708e-08
 953.75 2.2013e-08
 954.00 2.0355e-08
 954.25 1.6812e-08
 954.50 1.8593e-08
 954.75 2.2738e-08
 955.00 2.5815e-08
 955.25 1.4775e-08
 955.50 1.4919e-08
 955.75 1.5135e-08
 956.00 2.1209e-08
 956.25 3.6692e-08
 956.50 9.8218e-08
 956.75 1.5903e-07
 957.00 6.8660e-08
 957.25 2.1578e-08
 957.50 2.9317e-08
 957.75 3.4269e-08
 958.00 3.6462e-08
 958.25 2.3295e-08
 958.50 2.8171e-08
 958.75 1.6363e-08
 959.00 1.2771e-08
 959.25 1.0425e-08
 959.50 1.6600e-08
 959.75 1.6032e-08
 960.00 1.6257e-08
 960.25 2.6126e-08
 960.50 3.3440e-08
 960.75 2.9233e-08
 961.00 2.2180e-08
 961.25 1.6916e-08
 961.50 2.2927e-08
 961.75 3.0839e-08
 962.00 1.8987e-08
 962.25 7.4120e-09
 962.50 1.7793e-08
 962.75 3.5549e-08
 963.00 3.5369e-08
 963.25 2.4719e-08
 963.50 1.3212e-08
 963.75 1.6724e-08
 964.00 1.1355e-08
 964.25 7.7238e-09
 964.50 1.2544e-08
 964.75 1.8128e-08
 965.00 2.2397e-08
 965.25 2.8375e-08
 965.50 2.9174e-08
 965.75 2.0857e-08
 966.00 3.0936e-08
 966.25 3.0783e-08
 966.50 2.7408e-08
 966.75 3.5625e-08
 967.00 3.0481e-08
 967.25 1.9538e-08
 967.50 2.3213e-08
 967.75 3.2229e-08
 968.00 5.2085e-08
 968.25 5.2443e-08
 968.50 9.8670e-09
 968.75 -6.4154e-09
 969.00 1.1835e-08
 969.25 2.8518e-08
 969.50 2.3460e-08
 969.75 1.2964e-08
 970.00 1.5509e-08
 970.25 2.0076e-08
 970.50 2.3224e-08
 970.75 1.6940e-08
 971.00 8.9210e-09
 971.25 1.5721e-09
 971.50 3.5257e-09
 971.75 6.8644e-09
 972.00 4.8509e-09
 972.25 8.3115e-09
 972.50 1.4432e-08
 972.75 1.4509e-08
 973.00 9.8841e-09
 973.25 5.0314e-09
 973.50 6.2170e-09
 973.75 1.4206e-08
 974.00 1.2799e-08
 974.25 1.6088e-08
 974.50 1.8170e-08
 974.75 1.4739e-08
 975.00 2.7528e-08
 975.25 4.4384e-08
 975.50 3.5584e-08
 975.75 2.0313e-08
 976.00 2.8365e-08
 976.25 3.9513e-08
 976.50 4.0002e-08
 976.75 3.2191e-08
 977.00 2.0295e-08
 977.25 1.7952e-08
 977.50 2.0401e-08
 977.75 3.3599e-08
 978.00 4.5522e-08
 978.25 3.2059e-08
 978.50 2.1343e-08
 978.75 2.8342e-08
 979.00 3.8860e-08
 979.25 3.3852e-08
 979.50 2.5931e-08
 979.75 2.1906e-08
 980.00 2.6408e-08
 980.25 1.5687e-08
 980.50 -9.4515e-09
 980.75 -1.7840e-09
 981.00 1.4903e-09
 981.25 1.1186e-09
 981.50 1.6749e-08
 981.75 1.2683e-08
 982.00 3.5070e-09
 982.25 1.1740e-08
 982.50 1.8550e-08
 982.75 1.2466e-08
 983.00 -4.4167e-09
 983.25 -3.3912e-09
 983.50 1.1778e-08
 983.75 1.1511e-08
 984.00 1.2120e-08
 984.25 2.2877e-08
 984.50 2.3871e-08
 984.75 1.7762e-08
 985.00 2.0036e-08
 985.25 2.9046e-08
 985.50 3.5853e-08
 985.75 1.8394e-08
 986.00 -4.4389e-09
 986.25 2.1211e-09
 986.50 1.5946e-08
 986.75 1.8129e-08
 987.00 1.1414e-08
 987.25 1.0912e-08
 987.50 2.9545e-08
 987.75 4.4061e-08
 988.00 3.9594e-08
 988.25 2.3093e-08
 988.50 1.1294e-08
 988.75 3.8005e-10
 989.00 -5.7665e-09
 989.25 -6.8157e-10
 989.50 1.0671e-08
 989.75 3.0786e-08
 990.00 3.4070e-08
 990.25 2.8772e-08
 990.50 2.8277e-08
 990.75 1.5838e-08
 991.00 -1.1162e-09
 991.25 2.2844e-09
 991.50 1.9181e-08
 991.75 2.6807e-08
 992.00 2.7999e-08
 992.25 1.4232e-08
 992.50 -6.1810e-10
 992.75 1.6394e-08
 993.00 2.6129e-08
 993.25 1.4768e-08
 993.50 1.7343e-08
 993.75 2.1934e-08
 994.00 1.4741e-08
 994.25 1.0779e-08
 994.50 1.7367e-08
 994.75 1.1249e-08
 995.00 1.2038e-08
 995.25 2.1790e-08
 995.50 2.2944e-08
 995.75 3.1081e-08
 996.00 3.0211e-08
 996.25 2.1726e-08
 996.50 1.7373e-08
 996.75 2.1554e-08
 997.00 1.6726e-08
 997.25 1.6041e-08
 997.50 2.3821e-08
 997.75 1.8844e-08
 998.00 2.8073e-08
 998.25 3.1687e-08
 998.50 1.4667e-08
 998.75 -4.0874e-09
 999.00 -7.5174e-10
 999.25 1.7871e-08
 999.50 1.5917e-08
 999.75 1.8649e-08
1000.00 2.6955e-08
1000.25 1.2101e-08
1000.50 2.7354e-09
1000.75 9.7554e-09
1001.00 1.8679e-08
1001.25 2.1283e-08
1001.50 2.0141e-08
1001.75 2.1391e-08
1002.00 1.8178e-08
1002.25 1.5275e-08
1002.50 1.4205e-08
1002.75 1.7987e-08
1003.00 2.5850e-08
1003.25 2.8617e-08
1003.50 1.6837e-08
1003.75 2.1535e-08
1004.00 2.9334e-08
1004.25 7.9374e-09
1004.50 1.7136e-09
1004.75 1.6156e-08
1005.00 1.7709e-08
1005.25 3.2751e-09
1005.50 6.9249e-09
1005.75 9.2432e-09
1006.00 4.7636e-09
1006.25 2.1921e-08
1006.50 3.2546e-08
1006.75 2.6192e-08
1007.00 1.1072e-08
1007.25 1.9256e-09
1007.50 2.6338e-09
1007.75 7.1215e-09
1008.00 2.1375e-08
1008.25 2.8061e-08
1008.50 2.0239e-08
1008.75 1.5582e-08
1009.00 1.6363e-08
1009.25 2.0732e-08
1009.50 2.0582e-08
1009.75 1.0836e-08
1010.00 7.0102e-09
1010.25 1.0616e-08
1010.50 1.9819e-08
1010.75 2.7753e-08
1011.00 3.4513e-08
1011.25 2.9294e-08
1011.50 1.3722e-08
1011.75 1.8579e-08
1012.00 2.3250e-08
1012.25 1.8668e-08
1012.50 1.2099e-08
1012.75 2.1029e-08
1013.00 3.0584e-08
1013.25 1.3229e-08
1013.50 6.5682e-09
1013.75 1.6809e-08
1014.00 1.0482e-08
1014.25 -2.5282e-09
1014.50 2.8386e-09
1014.75 1.4784e-08
1015.00 1.4150e-08
1015.25 6.3277e-09
1015.50 6.6621e-09
1015.75 1.5581e-08
1016.00 2.5536e-08
1016.25 1.1232e-08
1016.50 -4.3354e-09
1016.75 -5.6774e-09
1017.00 1.1343e-09
1017.25 -5.4757e-10
1017.50 -7.2427e-09
1017.75 3.3618e-09
1018.00 3.2750e-09
1018.25 1.4902e-09
1018.50 -1.4718e-09
1018.75 4.9863e-09
1019.00 1.9587e-08
1019.25 2.7047e-08
1019.50 2.0075e-08
1019.75 5.6261e-09
1020.00 9.3854e-09
1020.25 7.7393e-09
1020.50 6.9181e-09
1020.75 1.9964e-08
1021.00 2.3648e-08
1021.25 2.6494e-08
1021.50 1.7242e-08
1021.75 5.8721e-09
1022.00 1.3338e-08
1022.25 1.2491e-08
1022.50 6.7253e-09
1022.75 6.0355e-09
1023.00 1.6005e-08
1023.25 1.3284e-08
1023.50 1.4487e-08
1023.75 2.0960e-08
1024.00 1.1771e-08
1024.25 6.6191e-09
1024.50 3.7341e-10
1024.75 6.5423e-09
1025.00 1.5205e-08
1025.25 2.6875e-08
1025.50 3.7865e-08
1025.75 3.3296e-08
1026.00 2.0061e-08
1026.25 1.1141e-09
1026.50 -3.9086e-09
1026.75 -6.8568e-11
1027.00 -3.8323e-09
1027.25 -2.0552e-09
1027.50 1.5353e-08
1027.75 3.0380e-08
1028.00 4.0853e-08
1028.25 3.5280e-08
1028.50 1.4329e-08
1028.75 1.8167e-08
1029.00 2.1180e-08
1029.25 -3.4970e-10
1029.50 -6.2464e-09
1029.75 4.3736e-09
1030.00 3.2766e-09
1030.25 6.2346e-09
1030.50 1.8600e-08
1030.75 1.8423e-08
1031.00 1.4283e-08
1031.25 2.4177e-08
1031.50 2.8350e-08
1031.75 2.3296e-08
1032.00 2.9062e-08
1032.25 3.6637e-08
1032.50 3.0070e-08
1032.75 2.2616e-08
1033.00 2.4670e-08
1033.25 3.4784e-08
1033.50 7.2211e-08
1033.75 6.6164e-08
1034.00 5.8970e-09
1034.25 -1.6462e-08
1034.50 -6.6896e-09
1034.75 -2.5412e-09
1035.00 3.5185e-09
1035.25 2.1345e-08
1035.50 1.6175e-08
1035.75 -2.2173e-09
1036.00 9.4569e-09
1036.25 2.1523e-08
1036.50 1.4553e-08
1036.75 1.7305e-08
1037.00 1.8802e-08
1037.25 7.5502e-09
1037.50 8.4474e-09
1037.75 2.2679e-08
1038.00 2.0667e-08
1038.25 1.4359e-08
1038.50 1.0539e-08
1038.75 3.3642e-09
1039.00 -8.7097e-09
1039.25 -1.7849e-08
1039.50 -6.8990e-09
1039.75 2.2947e-09
1040.00 1.1733e-08
1040.25 1.8043e-08
1040.50 1.3195e-08
1040.75 1.6842e-08
1041.00 2.9811e-08
1041.25 2.2672e-08
1041.50 4.3228e-09
1041.75 -4.2923e-09
1042.00 -4.0997e-09
1042.25 -5.0746e-10
1042.50 6.1827e-09
1042.75 1.4557e-08
1043.00 9.1165e-09
1043.25 -2.7720e-09
1043.50 2.9057e-09
1043.75 2.0269e-08
1044.00 2.2369e-08
1044.25 1.9131e-08
1044.50 7.0355e-09
1044.75 3.3327e-10
1045.00 -1.4842e-09
1045.25 -3.4540e-09
1045.50 1.4118e-08
1045.75 1.6776e-08
1046.00 4.9900e-10
1046.25 1.7263e-09
1046.50 7.3772e-09
1046.75 3.1986e-09
1047.00 1.2676e-08
1047.25 1.9215e-08
1047.50 8.6207e-09
1047.75 4.6543e-09
1048.00 1.4662e-08
1048.25 1.2261e-08
1048.50 -4.0076e-09
1048.75 -1.6792e-08
1049.00 -2.9148e-08
1049.25 -1.8638e-08
1049.50 9.9605e-09
1049.75 2.5739e-08
1050.00 3.5850e-08
1050.25 3.0779e-08
1050.50 6.0800e-09
1050.75 -3.4673e-09
1051.00 1.0438e-08
1051.25 1.7048e-08
1051.50 7.6880e-09
1051.75 5.2053e-10
1052.00 -5.9514e-10
1052.25 6.8501e-09
1052.50 1.3627e-08
1052.75 1.4656e-08
1053.00 2.5898e-08
1053.25 2.4965e-08
1053.50 1.5155e-08
1053.75 1.9249e-08
1054.00 1.9783e-08
1054.25 2.0080e-08
1054.50 8.5818e-09
1054.75 7.9875e-09
1055.00 2.3738e-08
1055.25 3.2625e-08
1055.50 3.4451e-08
1055.75 2.4865e-08
1056.00 2.4353e-08
1056.25 3.1013e-08
1056.50 3.6802e-08
1056.75 1.2359e-08
1057.00 -1.2177e-08
1057.25 -3.0572e-09
1057.50 -8.3435e-10
1057.75 -7.2023e-09
1058.00 3.4425e-09
1058.25 9.8466e-09
1058.50 -2.6592e-09
1058.75 -9.5521e-09
1059.00 -9.2995e-09
1059.25 1.2218e-08
1059.50 2.1128e-08
1059.75 1.3365e-08
1060.00 2.0949e-08
1060.25 2.8768e-08
1060.50 1.7433e-08
1060.75 6.6463e-09
1061.00 1.4783e-08
1061.25 4.1354e-09
1061.50 -5.8217e-09
1061.75 3.6858e-09
1062.00 2.1976e-08
1062.25 2.5360e-08
1062.50 2.7405e-08
1062.75 2.0502e-08
1063.00 4.9776e-09
1063.25 2.2589e-08
1063.50 1.6093e-08
1063.75 -2.0775e-08
1064.00 -3.8145e-08
1064.25 -1.9385e-08
1064.50 -1.0846e-08
1064.75 -6.5310e-09
1065.00 5.6751e-09
1065.25 1.0615e-08
1065.50 2.0379e-08
1065.75 7.9053e-09
1066.00 -9.6097e-09
1066.25 -3.0847e-09
1066.50 8.4985e-09
1066.75 5.7161e-09
1067.00 1.0310e-08
1067.25 2.0797e-08
1067.50 1.5976e-08
1067.75 7.4351e-09
1068.00 3.1704e-08
1068.25 4.1777e-08
1068.50 2.4973e-08
1068.75 1.5996e-08
1069.00 2.3161e-08
1069.25 2.5471e-08
1069.50 1.7769e-08
1069.75 4.0649e-08
1070.00 5.9262e-08
1070.25 3.4227e-08
1070.50 -3.3369e-08
1070.75 -4.5212e-08
1071.00 -1.8579e-08
1071.25 -7.1742e-09
1071.50 2.6115e-09
1071.75 1.0882e-08
1072.00 2.1063e-08
1072.25 1.1424e-08
1072.50 5.6625e-09
1072.75 1.4551e-08
1073.00 7.8284e-09
1073.25 2.7976e-09
1073.50 3.0729e-08
1073.75 4.4923e-08
1074.00 3.8643e-08
1074.25 2.5029e-08
1074.50 1.0011e-08
1074.75 2.0359e-09
1075.00 2.5377e-08
1075.25 3.6979e-08
1075.50 2.3658e-08
1075.75 -1.3243e-08
1076.00 -3.0130e-08
1076.25 7.3712e-09
1076.50 8.4192e-09
1076.75 7.1844e-09
1077.00 1.3466e-08
1077.25 6.8856e-09
1077.50 -7.0594e-09
1077.75 8.9149e-09
1078.00 1.8841e-08
1078.25 -7.4371e-09
1078.50 -1.1119e-08
1078.75 -1.0653e-08
1079.00 -1.3815e-08
1079.25 4.8137e-09
1079.50 1.3148e-08
1079.75 6.4316e-09
1080.00 2.0547e-08
1080.25 2.7511e-08
1080.50 1.2097e-08
1080.75 1.2727e-08
1081.00 2.2123e-08
1081.25 1.3110e-08
1081.50 3.3781e-08
1081.75 5.4199e-08
1082.00 4.5756e-08
1082.25 2.9683e-08
1082.50 2.8698e-08
1082.75 2.0999e-08
1083.00 -2.1024e-10
1083.25 -5.5529e-09
1083.50 -2.5241e-08
1083.75 -3.8816e-08
1084.00 -1.1201e-08
1084.25 1.0766e-08
1084.50 1.5428e-08
1084.75 2.9254e-08
1085.00 1.5728e-08
1085.25 2.9086e-09
1085.50 2.3290e-09
1085.75 8.8381e-09
1086.00 -3.0443e-09
1086.25 -7.4013e-09
1086.50 1.3114e-08
1086.75 2.5181e-10
1087.00 -4.8863e-09
1087.25 2.6481e-09
1087.50 1.9763e-09
1087.75 -2.6473e-09
1088.00 3.0187e-09
1088.25 1.9800e-08
1088.50 1.2344e-08
1088.75 1.7916e-09
1089.00 9.9654e-09
1089.25 4.8680e-09
1089.50 6.2868e-09
1089.75 1.9656e-08
1090.00 1.0837e-08
1090.25 -8.0678e-09
1090.50 1.1426e-08
1090.75 2.9897e-08
1091.00 2.1521e-08
1091.25 2.6024e-08
1091.50 1.6657e-08
1091.75 1.0690e-10
1092.00 3.3235e-09
1092.25 2.1960e-09
1092.50 -1.2420e-08
1092.75 1.1349e-09
1093.00 1.9495e-08
1093.25 1.6284e-08
1093.50 1.5605e-08
1093.75 1.4612e-08
1094.00 1.4786e-08
1094.25 -4.5206e-09
1094.50 -1.5886e-08
1094.75 5.9752e-09
1095.00 4.3994e-09
1095.25 -4.2885e-09
1095.50 1.1657e-08
1095.75 2.5071e-08
1096.00 3.2328e-08
1096.25 2.9986e-08
1096.50 6.2012e-09
1096.75 -7.7254e-09
1097.00 7.2643e-09
1097.25 1.4480e-08
1097.50 2.6529e-09
1097.75 1.0119e-08
1098.00 1.7330e-08
1098.25 1.7657e-09
1098.50 -1.3324e-08
1098.75 -9.8328e-09
1099.00 1.2846e-08
1099.25 2.4220e-08
1099.50 1.9993e-08
1099.75 -1.8333e-08
1100.00 -4.3300e-08
1100.25 -2.6178e-08
1100.50 -1.6327e-08
1100.75 -2.3845e-09
1101.00 2.0927e-08
1101.25 2.6605e-08
1101.50 1.4451e-08
1101.75 3.6688e-09
1102.00 6.7528e-09
1102.25 1.5375e-08
1102.50 8.9614e-09
1102.75 -9.9299e-10
1103.00 -7.1612e-09
1103.25 1.1593e-09
1103.50 3.9781e-09
1103.75 1.2704e-09
1104.00 2.6671e-09
1104.25 9.8105e-09
1104.50 2.0234e-08
1104.75 -4.6810e-09
1105.00 -1.9464e-08
1105.25 3.1569e-10
1105.50 1.1447e-08
1105.75 7.1896e-09
1106.00 -3.2437e-09
1106.25 -7.7083e-09
1106.50 -3.2284e-09
1106.75 -3.9683e-10
1107.00 1.4124e-09
1107.25 1.5970e-08
1107.50 3.7310e-08
1107.75 1.9981e-08
1108.00 -4.1843e-09
1108.25 -2.2521e-10
1108.50 -4.6646e-09
1108.75 -4.9435e-10
1109.00 4.3652e-10
1109.25 -1.0045e-08
1109.50 5.3118e-09
1109.75 1.6598e-08
1110.00 1.4091e-08
1110.25 1.5155e-08
1110.50 -2.2476e-09
1110.75 8.6710e-10
1111.00 9.0542e-09
1111.25 -6.5601e-09
1111.50 -1.9255e-08
1111.75 -4.8900e-08
1112.00 -3.2524e-08
1112.25 8.4754e-09
1112.50 2.3394e-08
1112.75 3.1369e-08
1113.00 1.8965e-08
1113.25 3.4913e-10
1113.50 1.3049e-08
1113.75 2.0566e-08
1114.00 9.7165e-09
1114.25 2.5994e-08
1114.50 3.2739e-08
1114.75 4.6085e-08
1115.00 3.2374e-08
1115.25 2.4813e-08
1115.50 2.5903e-08
1115.75 3.2516e-08
1116.00 3.9641e-08
1116.25 4.0737e-09
1116.50 -4.4922e-09
1116.75 3.3622e-09
1117.00 2.8130e-08
1117.25 3.1195e-08
1117.50 3.8767e-08
1117.75 8.1760e-08
1118.00 7.6691e-08
1118.25 1.1451e-08
1118.50 1.2659e-08
1118.75 2.8137e-08
1119.00 1.7142e-09
1119.25 -1.3814e-08
1119.50 -1.2712e-08
1119.75 -1.1245e-08
1120.00 -1.2517e-08
1120.25 1.0512e-08
1120.50 -1.4180e-10
1120.75 6.9468e-09
1121.00 -4.1045e-09
1121.25 -2.5066e-08
1121.50 -2.2351e-08
1121.75 -2.8380e-08
1122.00 -3.3635e-08
1122.25 -2.2091e-08
1122.50 7.1588e-09
1122.75 3.4915e-08
1123.00 4.0998e-08
1123.25 4.6048e-08
1123.50 6.2473e-08
1123.75 2.4725e-08
1124.00 -4.4949e-09
1124.25 1.9835e-08
1124.50 3.6701e-08
1124.75 -2.1079e-08
1125.00 -5.3890e-08
